16.7496
16.9593
16.9593
16.949
16.9351
16.9081
17.0055
17.0055
17.0055
17.0944
17.0944
17.0944
17.1596
17.0619
16.8606
16.8826
16.9771
16.9771
16.9771
17.0852
17.0352
16.9299
16.9184
16.9184
16.7163
16.7163
16.7163
16.7163
16.7163
16.7532
16.7532
16.7662
16.7662
16.6677
16.6677
16.6677
16.636
16.636
16.636
16.636
16.636
16.9143
16.9143
17.0516
17.0516
17.0516
16.9864
16.9864
16.9864
16.6441
16.6747
16.6512
16.8898
16.8898
16.8898
16.6277
16.6277
16.6277
16.6277
16.6277
16.7812
16.7812
16.7812
16.8551
16.893
16.5965
16.6334
16.9258
16.8058
16.6288
16.6288
16.7562
16.7562
16.7562
16.7562
16.7562
16.7562
16.7562
16.7562
16.6995
16.6222
16.7017
16.7017
16.7017
16.7017
16.7017
16.7017
16.7017
16.7017
16.7017
16.8063
16.5542
16.562
16.562
16.562
16.562
16.5996
16.462
16.462
16.7972
16.7972
16.6295
16.6295
16.6295
16.6295
16.6295
16.6295
16.6295
16.6295
16.6295
16.6295
16.6295
16.8563
16.9311
16.9311
16.9311
16.6486
16.6486
16.6486
16.6486
16.6486
16.6486
16.6486
16.6486
16.6486
16.6486
16.6486
16.6486
16.6486
16.6486
16.6486
16.6486
16.6486
16.6486
16.6486
16.6486
16.6486
16.6486
16.6486
16.6486
16.6486
16.7891
16.7891
16.7891
16.7891
16.7891
16.7891
16.7891
16.7891
16.7891
16.6923
16.6838
16.6838
16.6838
16.5078
16.5078
16.6384
16.8707
16.9424
16.698
16.6594
16.6594
16.6339
16.6361
16.6361
16.5457
16.5457
16.5457
16.5457
16.8129
16.6652
16.6652
16.6652
16.8393
16.8393
16.8393
16.6663
16.8013
16.8013
16.8013
16.6045
16.6045
16.6045
16.6045
16.7309
16.7309
16.7309
16.7309
16.8671
16.8671
16.8671
16.8671
16.9232
17.0209
17.0209
16.8449
16.4828
16.7656
16.7656
16.7656
16.8856
16.8856
16.8856
16.8856
16.8856
16.3551
16.3963
16.8042
16.8042
16.6639
16.6944
16.6944
16.6944
16.6944
16.7012
16.7012
16.7012
16.7012
16.7012
16.7012
16.7012
16.7012
16.7012
16.6956
16.8039
16.8039
16.8039
16.8039
16.8039
16.8039
16.6041
16.7558
16.7558
16.9273
16.7373
16.7373
16.7373
16.7373
16.9356
16.6108
16.6108
16.856
16.7786
16.7786
16.6135
16.5537
16.5537
16.5537
16.5537
16.7582
16.7582
16.8927
16.6037
16.5986
16.5986
16.6856
16.6856
16.7625
16.7625
16.5783
16.5682
16.6157
16.6157
16.6157
16.6686
16.6686
16.6686
16.6686
16.6686
16.6686
16.6823
16.6841
16.6841
16.74
16.74
16.8954
16.8954
16.8954
16.8954
16.8954
16.8954
16.8954
16.8954
16.8652
16.8652
16.6451
16.6676
16.6676
16.6676
16.6676
16.6676
16.6676
16.8046
16.6343
16.6343
16.6619
16.6619
16.6619
16.6619
16.7604
16.7604
16.7003
16.7003
16.7003
16.7003
16.7003
16.7003
16.8411
16.7909
16.6919
16.6627
16.6483
16.7313
16.9674
16.821
16.821
16.821
16.821
16.6647
16.6647
16.6647
16.8678
16.7579
16.7579
16.7673
16.7324
16.7324
16.7324
16.7324
16.9649
16.7097
16.8223
16.58
16.58
17.0069
16.8881
16.8881
16.8827
16.7681
16.7681
16.7681
16.7681
16.7681
16.7681
16.7681
16.7681
16.7342
16.7509
16.9286
16.7643
16.7643
16.7926
16.7926
16.7926
16.6421
16.6421
16.6421
16.6421
16.6421
16.6421
16.6421
16.6421
16.6421
16.7941
16.7941
16.8067
16.8067
16.629
16.7693
16.9515
16.569
16.5767
16.5767
16.5767
16.5767
17.1337
17.1337
16.9064
16.9064
16.9064
16.7549
16.7648
16.7648
16.7648
16.7648
16.7648
16.7648
16.7648
16.7648
16.7648
16.4464
16.4464
16.4464
16.4464
16.7788
16.7788
16.7647
16.7647
16.7311
16.9037
16.9037
16.9537
16.9481
16.7483
16.7483
16.7483
16.7483
16.7483
16.7861
16.9863
16.9863
16.7634
16.9342
16.9173
16.8662
16.8781
16.7815
16.9312
16.9312
16.6971
16.6971
16.7982
16.7353
16.7233
16.7233
16.7233
16.7233
16.7233
16.7233
16.7233
16.7233
16.7233
16.7233
16.7233
16.7233
17.2444
17.0887
16.7703
16.7703
16.7703
16.4729
16.7557
16.6227
16.8877
16.8877
16.8877
16.8877
16.926
16.926
16.926
16.926
16.926
16.7232
16.7232
16.7232
16.7232
16.6934
16.6389
16.7793
16.7793
16.618
17.018
17.018
17.018
17.018
16.7804
16.7804
16.8271
16.8271
16.8271
16.4701
16.4701
16.4701
16.4701
16.652
16.652
16.652
16.652
16.9379
16.8711
16.8711
16.7911
16.6846
16.6846
16.6846
16.7028
16.8144
16.8144
16.8144
16.8144
16.9084
16.9084
16.9084
16.7875
16.6225
16.4852
16.7586
16.7586
16.7586
16.7586
16.7961
16.6893
16.6893
16.6893
16.6893
16.6893
16.6893
16.6893
16.6893
16.8514
16.8514
16.8523
16.8523
16.8523
16.8523
16.8523
17.1364
17.1076
17.1076
17.1076
17.0119
16.7964
16.7964
16.7964
16.772
16.772
16.772
16.772
16.772
16.6576
16.9319
16.8589
16.8589
16.8589
16.8589
16.8589
16.8109
16.9209
16.9209
16.9209
16.9513
16.9513
16.7843
16.7843
16.7843
16.7403
16.7403
16.7403
16.6614
16.7418
16.7418
16.7418
16.9055
16.6961
16.6961
16.7181
16.7208
16.7208
16.922
16.9901
16.9901
17.001
16.9848
16.9848
16.9758
16.918
16.918
16.8915
16.7719
16.7719
16.7719
16.7719
16.7719
16.7719
16.7719
16.691
16.691
16.7347
16.7946
16.7946
16.7946
16.8741
16.8741
16.8741
16.8741
16.8741
16.9315
17.0257
16.8983
16.8983
16.8558
16.643
16.6354
16.6263
16.6263
16.6263
16.6263
16.5946
16.5946
16.5946
16.7582
16.7582
16.7582
16.7582
16.7582
16.5903
16.5903
16.5903
16.8204
16.8204
16.9001
16.9001
16.9001
16.7026
16.7026
16.7026
16.7052
16.7052
16.6432
16.8675
16.8649
16.8649
16.8649
16.9273
16.9273
16.9519
16.9519
16.9487
16.9702
16.6723
16.6723
16.6723
16.6723
16.6144
16.6144
16.9313
16.5989
16.5989
16.8049
16.8447
16.8447
16.8447
16.8447
16.8447
16.8447
16.6435
16.6546
16.6919
16.5778
16.5778
16.8032
16.8032
16.8032
16.7059
16.929
16.7425
16.7425
16.7425
16.7425
16.7425
16.5813
16.5813
16.7688
16.7688
16.7688
17.0208
17.0208
17.0208
17.0701
17.1087
16.9113
16.9175
16.9175
16.8606
16.8606
16.4631
16.9097
16.832
16.832
16.832
16.832
16.832
16.832
16.832
16.832
16.5643
16.5643
16.697
16.697
16.697
16.697
16.697
16.697
16.6218
16.8251
16.8251
16.8251
16.7576
16.7576
16.9984
16.9984
16.9984
16.9984
16.9984
16.6475
16.6475
16.6475
16.7051
16.6412
16.6412
16.6412
16.6412
16.6412
16.6412
16.6412
16.6412
16.6996
16.6996
16.6996
16.8671
16.9024
16.6329
16.7273
16.7273
16.7273
17.1275
16.9447
16.9255
16.918
16.918
16.918
16.9265
16.7667
16.7667
16.7667
16.7667
16.6948
16.6948
16.6252
16.6252
16.6252
16.6252
16.6252
16.6252
16.6252
16.6316
16.6316
16.6316
16.6913
16.6913
16.6913
16.8591
16.8591
16.8591
16.7464
16.6872
16.6805
16.6805
16.8218
16.9233
16.9233
16.7549
16.7549
16.7549
16.7951
16.7951
16.4974
16.7495
16.7495
16.7495
16.6774
16.6682
16.6682
16.7258
16.7258
16.7258
16.7258
16.6241
16.6198
16.6198
16.7299
16.7299
16.7796
16.6807
16.6807
16.667
16.667
16.7463
16.9151
16.9151
16.7948
16.7948
16.7948
16.7948
16.7948
16.7948
16.8943
16.9922
16.698
16.7032
16.8097
16.8097
16.6169
16.6169
16.7913
16.7913
16.5914
16.7025
16.7025
16.7025
16.6294
16.6294
16.8894
16.8894
16.8894
16.6597
16.6597
16.8418
16.7715
16.7164
16.7106
16.5954
16.5954
16.7086
16.7086
16.7154
16.8129
16.8129
16.8129
16.6791
16.6791
16.6791
16.6791
16.6791
16.6791
16.8772
16.8772
16.8772
16.8772
16.8772
16.8772
16.8118
16.8118
16.8123
16.8123
16.5371
16.5312
16.5312
16.6009
16.6009
16.8481
16.8481
16.8481
16.5707
16.5707
16.5965
16.5965
16.5652
16.5652
16.5652
16.7182
16.7182
16.6489
16.6489
16.6489
16.6541
16.6737
16.9279
16.6167
16.6147
16.6447
16.6447
16.6447
16.7021
16.7021
16.7021
16.7021
16.8136
16.8136
16.8136
17.074
16.4708
16.5415
16.5415
16.4414
16.8149
16.8149
16.7942
16.7942
16.7942
16.7942
16.4723
16.9036
16.9036
16.9036
16.8901
16.8901
16.6261
16.6261
16.6261
16.5444
17.0143
17.0143
17.0143
17.0143
17.0143
17.0143
16.7055
16.7055
16.849
16.849
16.849
16.849
16.6739
16.6739
16.6739
16.6739
16.6539
16.6539
16.7185
16.7185
16.7166
16.8354
16.5677
16.5677
16.5677
16.5677
16.5677
16.5677
16.5677
16.5677
16.5677
16.5677
16.8131
16.8131
16.8131
16.8131
16.8131
16.7374
16.7374
16.7374
16.7374
17.0245
16.7177
16.7177
16.7177
16.5708
16.5708
16.5708
16.857
16.7917
16.9242
16.7692
16.7692
16.4985
16.8433
16.9333
16.9333
16.9333
16.9333
16.7741
16.7741
16.845
17.1969
17.1969
16.8112
16.8112
16.8112
16.8112
16.6908
16.6908
16.6631
16.9002
16.9002
16.9002
16.9002
16.9002
16.9002
16.7203
16.7203
16.7203
16.7203
16.7203
16.9452
16.8071
16.8071
16.7859
16.773
16.773
16.773
16.773
16.773
16.773
16.773
16.773
16.6949
16.6949
16.6949
16.6949
16.8374
