17.0458
17.0458
17.2864
17.2864
17.2864
17.2864
17.2864
17.2661
17.4303
17.4303
17.4303
17.4303
17.335
17.4128
17.4128
17.4596
17.4205
17.169
17.169
17.1734
17.1734
17.0262
17.3232
17.3068
17.3068
17.3068
17.3068
17.299
16.9288
16.8822
16.5182
16.5182
16.4481
16.4481
16.4481
16.4481
16.4481
16.4842
16.4842
16.6152
16.6152
16.6152
16.6152
16.5449
16.5449
16.5449
16.528
16.528
16.528
16.528
16.4925
16.4925
16.4458
16.4458
16.4453
16.4453
16.4453
16.4767
16.4767
16.616
16.616
16.663
16.663
16.663
16.5842
16.6015
16.6948
16.7217
16.7217
16.7785
16.7785
16.7785
16.6674
16.6674
16.6674
16.6674
16.5638
16.652
16.652
16.652
16.652
16.652
16.7771
16.7771
16.7771
16.7718
16.7718
16.7718
16.6804
16.6804
16.6804
16.6804
16.6804
16.6492
16.6492
16.6492
16.6492
16.6492
16.6492
16.6492
16.6492
16.8802
16.8802
16.8802
16.8802
16.8802
16.8802
16.6221
16.6221
16.6221
16.6221
16.6221
16.682
16.682
16.682
16.682
16.682
16.682
16.682
16.682
16.682
16.682
16.8494
16.8494
16.8768
16.999
16.999
16.999
16.999
16.6501
16.6478
16.6478
16.6478
16.6478
16.7353
16.7353
16.7353
17.1041
17.1041
17.1041
17.1537
17.1537
17.0271
17.0271
17.0271
17.0271
17.0271
17.0271
17.0271
17.3391
17.3391
17.3391
17.3391
17.3391
17.3391
17.5275
17.5275
17.2318
17.2318
17.5583
17.3636
17.3636
17.2604
17.186
17.2599
17.2599
16.902
16.902
16.9177
16.7686
16.7686
16.8909
16.8909
16.8909
16.7788
16.7788
16.7788
16.7788
16.7788
16.7788
16.7788
16.7788
16.7788
16.7788
16.7788
16.7788
17.1145
17.1145
17.1145
17.1145
17.1145
17.67
17.67
17.67
17.3087
17.3087
17.3087
17.3087
17.3087
17.3087
17.2553
17.2325
17.2325
17.2119
17.2157
17.2258
17.261
17.3038
17.3091
17.3028
17.3144
17.279
17.279
17.288
17.3426
17.3327
17.3222
17.3419
17.3543
17.3671
17.3645
17.3648
17.4014
17.4142
17.4495
16.9123
16.9123
16.9123
16.9123
17.3613
17.3613
17.2444
17.2444
17.2444
17.3295
17.424
17.424
17.424
17.3916
17.3916
17.5075
17.5075
17.1033
17.1033
17.1033
17.082
17.082
17.4394
17.4394
17.4394
17.4394
17.4394
17.4394
17.4394
17.4394
17.3243
17.3243
17.3243
17.1804
17.1804
17.1804
17.0673
17.0673
17.0673
17.0673
17.0987
17.0987
17.0987
17.1013
17.1013
17.1013
17.1013
17.1013
17.1013
17.1013
17.0044
17.0044
17.0044
17.1321
17.1321
17.1321
17.0794
16.9008
16.8791
16.8791
16.8791
16.8791
16.8541
17.1408
17.0596
17.0202
17.1262
17.1508
17.1508
17.1508
16.831
16.869
17.1451
17.286
17.4298
17.4298
17.4298
17.2375
17.1487
17.1487
16.9417
16.9417
16.9417
16.9734
16.9734
16.7564
16.7564
16.9917
16.9917
16.9917
16.9917
16.9917
17.2272
17.2272
17.2272
17.2272
16.9682
17.0396
17.0396
17.0396
17.0396
16.8456
16.8456
16.8456
16.7495
16.7495
17.3977
17.3977
17.3977
17.3977
16.9052
17.1439
17.0574
17.0574
17.0574
16.5687
17.0077
17.0077
17.388
17.0686
17.0686
17.2816
16.8753
16.8114
16.8114
16.8114
16.8114
16.8114
16.8114
16.8114
17.0234
17.0234
16.9376
16.9376
16.9376
16.9436
16.9436
16.9436
17.2694
17.2694
17.2694
17.2694
16.9387
16.9387
16.9387
16.7994
16.7994
16.784
16.784
16.784
16.7971
17.1372
17.1372
16.8873
16.8064
16.8064
17.0001
17.1234
17.1234
17.1234
17.1234
16.9363
16.78
16.78
16.8148
16.9416
16.9416
16.7735
16.7735
16.7735
16.7735
16.7735
16.7735
17.0873
17.0873
17.1185
17.1185
17.1185
16.99
16.99
16.99
16.7889
16.9209
16.9209
17.1465
17.1465
17.2633
17.0674
17.0674
17.0674
17.0674
17.0674
17.0674
17.0674
17.0674
17.6335
17.6335
17.4198
17.4198
17.4198
17.4466
17.4466
17.4466
17.2055
17.3704
17.1205
17.1205
17.1205
17.0279
17.0192
17.0192
17.0192
17.0192
17.0192
16.5261
16.5261
16.7459
17.0088
17.4692
17.3666
17.2068
17.2068
17.2068
16.8971
17.0065
17.0065
17.0065
17.0065
17.0065
17.2223
17.3976
17.033
16.7854
17.1051
17.0858
17.0858
17.0858
16.9737
16.9737
16.9737
16.9737
16.9359
16.9359
16.9359
16.9359
17.0036
17.1277
17.2795
17.2592
17.2592
17.2592
17.3378
17.3378
17.3378
17.3378
17.3378
17.3378
17.3378
17.3378
17.3378
16.8739
17.2393
17.1517
17.1517
17.0036
17.1654
17.1654
17.1654
17.1654
17.1654
16.9231
16.9231
16.9231
16.9231
16.9231
16.7272
16.7372
16.7372
16.7573
16.7573
16.8048
16.9741
16.8477
16.9838
16.9838
16.9838
17.2707
16.8538
17.1056
16.7817
16.7817
16.7817
16.7817
16.7817
17.2619
17.193
17.193
17.3199
16.9796
16.8969
17.2522
17.3625
17.1429
17.1206
17.1206
17.1206
17.0727
17.0727
17.0727
17.0727
17.0727
17.3097
17.3097
17.1061
17.1061
17.1061
17.1061
17.1061
17.1061
17.007
17.3857
17.3857
16.894
16.8347
16.8347
17.5904
16.8759
17.0363
17.0363
17.0363
16.9642
16.9642
17.402
17.3608
17.3608
17.3608
17.3608
17.3608
17.1287
17.1287
16.9719
17.0247
17.0247
17.0247
17.0247
17.0247
17.0247
17.0247
17.3048
17.2355
17.2355
17.0601
17.0601
17.0601
17.0601
17.0601
17.0601
17.0601
17.0601
17.0601
17.1981
17.1981
17.1981
17.0706
16.9484
16.9484
16.9484
16.9484
16.9484
16.9484
17.2628
17.2846
17.2846
17.2255
17.2255
17.2255
17.2255
17.4533
17.1889
17.1889
17.1889
17.1889
17.1889
17.1889
17.4421
17.2874
17.2874
17.2874
17.3169
17.3169
16.9345
16.9345
16.785
16.785
16.7923
16.8721
16.8721
16.8721
16.8721
16.8721
16.8721
16.8721
16.8721
16.8721
17.0538
17.0538
17.0589
17.0589
17.0898
16.9635
17.0072
17.0072
16.9499
16.9499
16.9499
16.9499
16.9499
16.9499
16.8758
16.942
16.942
16.8934
17.2253
17.2253
17.1216
17.0917
17.3783
17.5259
17.5259
17.5259
17.5259
17.5259
17.5797
17.4894
17.4894
17.3959
17.3589
17.3589
17.3589
16.8687
17.07
17.2249
17.2249
17.2249
17.2249
17.2249
17.2249
17.0698
17.1223
17.1223
17.1223
17.1223
17.4622
17.4844
16.9226
16.8576
16.8576
16.9282
16.5928
16.539
16.7577
17.1026
17.4845
17.0729
16.6484
16.6484
17.1352
17.1352
17.1352
16.874
16.755
16.755
17.218
17.3553
17.1242
17.1242
17.1242
17.5067
17.5067
17.5067
17.1432
16.8938
16.8938
16.9974
16.9974
17.0561
17.0561
16.9981
16.9981
16.8019
17.4335
17.0369
16.9473
16.9473
16.9473
16.9473
16.9473
16.9473
16.9473
16.9473
16.9473
16.9473
16.9473
16.9473
16.9589
16.9589
17.0187
17.0952
17.0952
17.0003
17.0003
17.0003
17.0003
16.9789
16.9789
17.0524
17.0524
17.0524
17.339
17.2362
17.2362
17.2362
17.5995
17.5721
17.5176
17.2072
17.2072
17.2072
17.2072
17.2328
17.2791
17.3303
17.3303
17.0288
17.0288
17.0895
16.9445
16.9445
16.9445
16.9445
16.9445
16.9445
16.9445
16.9445
16.9445
17.4745
17.4745
17.1974
17.1974
17.1974
16.9846
16.8866
16.8866
17.0032
17.0054
17.0054
17.0054
17.171
17.171
17.171
16.936
16.936
16.9181
16.9181
16.9181
16.9181
16.9181
17.235
17.235
17.235
17.235
17.235
17.2117
17.2117
16.9202
16.9202
16.9202
16.9202
17.3809
17.2025
17.2025
17.245
17.245
17.245
17.245
17.245
16.8006
16.8006
16.8006
16.8006
16.8006
16.8006
16.8006
16.8006
17.4089
17.0538
16.8636
16.8869
16.8869
16.8899
16.8899
16.8899
16.9737
16.9737
17.4591
17.4591
17.4591
17.2936
17.2936
16.8566
16.8566
16.8566
16.8519
16.8237
16.8237
16.8237
16.8237
16.8237
16.8237
16.7715
16.7715
16.7715
16.7166
16.7166
16.7166
16.7166
16.7166
16.7166
16.8514
16.8236
16.9629
17.348
17.348
17.348
16.8298
16.8455
16.8513
16.8513
16.8513
16.8507
16.9629
16.7748
16.9375
16.9375
16.9375
16.9375
16.8942
16.8942
16.8942
16.8942
16.8942
16.8942
17.3153
16.8878
16.8878
16.6672
16.7348
16.7348
16.6889
16.6889
16.6889
16.7312
16.7312
17.0626
16.754
17.1901
17.1901
17.1901
17.1901
17.4961
16.9719
16.9719
16.9719
16.8678
16.8678
16.9523
16.8786
16.8786
17.3092
17.016
16.9482
16.954
16.9089
16.957
16.957
16.957
16.957
17.2882
17.0325
17.0325
17.306
17.306
16.8897
16.8695
17.1959
17.1959
17.2777
16.9167
16.9167
16.9167
16.9167
17.0592
17.0592
16.7758
16.7758
16.7758
16.8114
16.8114
16.6529
17.1263
17.1263
17.099
17.099
17.0442
17.0442
17.0442
17.1605
17.1605
17.5505
17.3861
17.3861
17.3861
16.9081
16.9081
16.9081
16.9081
16.9081
16.9081
16.8311
16.8311
16.8883
16.8883
17.0602
17.0602
17.0602
17.3877
17.3017
17.1496
17.1496
17.2432
17.2865
17.2865
17.2865
17.3908
17.3908
17.3908
17.0116
17.3694
17.0984
17.0984
17.3966
17.3966
17.3966
17.3966
17.1171
17.1171
16.9078
16.9078
16.9078
16.9078
16.9078
16.9078
16.9078
16.9078
16.9078
16.7309
16.9459
16.9459
17.1144
17.1144
17.1144
16.989
16.989
17.1592
17.1592
