0.425743 1.41934
0.432 1.41934
0.453333 1.67161
0.457143 1.74859
0.45 1.67746
0.417778 1.21389
0.412 1.08981
0.414545 1.08981
0.41 0.97928
0.415385 1.03176
0.417143 1.03176
0.426667 1.17509
0.425 1.12932
0.418824 0.997459
0.422222 1.03975
0.414737 0.876653
0.414 0.837276
0.415238 0.837276
0.425455 1.02172
0.426087 1.02172
0.428333 1.05646
0.4288 1.05646
0.432308 1.12219
0.434074 1.1542
0.438571 1.24781
0.435862 1.18692
0.432 1.09773
0.434839 1.15583
0.43625 1.18424
0.437576 1.21204
0.436471 1.18482
0.437714 1.21148
0.442222 1.31602
0.442162 1.31602
0.443158 1.34117
0.438974 1.24242
0.439 1.24242
0.439024 1.24242
0.439048 1.24242
0.43814 1.2194
0.434545 1.12882
