485 370 328 93 160 257 230 311 41 0 2275
485 380 322 93 162 259 305 228 41 0 2275
383 483 322 94 162 261 300 229 41 0 0 2275
380 477 327 156 96 262 304 233 40 0 2275
382 474 333 152 95 260 232 307 40 0 0 0 0 0 0 0 2275
376 485 332 153 94 259 232 304 40 0 0 0 2275
377 484 326 151 97 261 305 234 40 0 0 2275
370 482 323 98 150 261 315 237 39 0 0 0 0 0 0 0 2275
484 385 327 96 152 261 293 238 39 0 0 0 0 2275
372 487 320 97 152 264 302 240 41 0 0 0 0 0 0 2275
374 488 321 97 262 153 298 242 40 0 0 0 0 0 0 2275
488 372 319 96 265 153 297 246 39 0 0 0 0 0 2275
491 373 311 261 97 151 303 249 39 0 0 0 0 0 0 0 0 0 0 0 0 2275
487 380 296 262 96 150 248 316 40 0 0 0 0 0 0 2275
487 374 305 262 95 150 314 248 40 0 0 0 0 0 0 0 2275
495 300 369 263 96 152 313 248 39 0 2275
499 302 364 95 260 155 312 249 39 0 2275
492 306 356 95 260 156 316 254 40 0 0 2275
482 307 98 355 265 156 318 254 40 0 0 0 2275
484 311 100 355 253 154 256 322 40 0 0 0 0 2275
484 307 101 354 152 255 259 323 40 0 0 0 0 0 0 0 0 0 0 2275
478 318 98 349 150 258 257 326 41 0 0 2275
485 316 96 350 152 255 321 259 41 0 0 2275
487 98 319 351 150 253 319 257 41 0 2275
476 98 319 353 151 328 255 254 41 0 2275
479 98 313 358 150 330 255 250 42 0 2275
489 99 349 350 326 149 253 219 41 0 0 0 0 0 0 0 0 0 2275
97 499 328 352 328 150 253 227 41 0 2275
97 502 305 353 325 152 247 252 42 0 0 0 0 2275
98 501 316 347 323 155 243 250 42 0 2275
510 96 310 348 318 153 247 252 41 0 2275
500 95 307 353 324 248 155 252 41 0 0 0 0 2275
503 96 351 308 322 249 154 251 41 0 0 0 2275
503 353 92 306 321 252 153 253 42 0 0 0 2275
498 354 314 90 322 250 152 253 42 0 0 0 0 0 2275
496 344 90 319 322 252 154 256 42 2275
499 343 319 75 258 326 154 260 41 0 0 0 2275
299 499 356 73 259 330 157 260 42 0 0 0 2275
506 292 360 77 260 325 153 259 43 0 2275
296 506 358 76 258 321 158 259 43 0 2275
288 496 360 78 261 330 166 254 42 0 0 2275
287 497 80 351 263 333 166 256 42 0 2275
523 284 83 305 261 357 169 251 42 0 0 0 0 0 0 0 0 2275
522 82 288 292 261 364 170 253 43 0 2275
83 510 289 298 262 364 174 252 43 0 0 2275
512 84 298 298 258 356 175 251 43 0 0 0 0 0 2275
502 84 299 299 257 365 248 178 43 0 0 0 2275
500 85 307 296 252 368 250 174 43 0 0 0 0 0 0 2275
502 86 296 313 251 360 251 173 43 0 2275
504 306 70 321 242 254 363 173 42 0 0 0 0 0 0 2275
506 290 322 76 241 248 374 176 42 0 0 0 2275
506 289 322 79 247 237 376 177 42 0 0 0 2275
504 291 324 77 246 235 378 178 42 0 0 0 0 0 0 0 0 0 2275
518 286 79 317 243 233 376 180 43 0 2275
521 288 79 325 226 242 373 178 43 0 0 0 0 0 0 0 2275
283 522 78 325 228 245 372 177 45 0 2275
286 522 77 328 227 362 248 180 45 0 0 0 0 0 0 0 2275
285 522 79 328 226 360 184 246 45 0 0 0 0 0 0 0 0 2275
289 526 78 322 225 367 178 242 48 0 2275
289 529 81 322 225 362 242 177 48 0 0 0 2275
289 523 81 326 228 357 243 178 50 0 0 0 0 0 0 0 2275
288 524 80 322 228 360 246 176 51 0 0 0 0 0 0 0 0 0 0 0 0 0 0 0 0 0 0 0 2275
283 527 81 321 360 229 246 176 52 0 0 0 0 0 0 2275
286 520 81 323 227 362 246 178 52 0 0 0 0 0 2275
284 518 81 323 229 369 243 177 51 0 0 0 0 0 0 0 0 2275
286 519 81 319 371 229 242 177 51 0 0 0 0 0 0 0 0 0 0 0 0 0 0 0 0 2275
288 516 81 315 370 229 243 181 52 0 0 0 0 0 0 0 0 0 2275
285 512 80 318 369 234 244 182 51 0 0 0 0 0 2275
286 510 81 324 359 233 249 182 51 2275
290 82 511 321 355 233 251 182 50 0 2275
284 515 82 323 355 234 250 182 50 0 0 2275
285 516 83 324 356 235 176 250 50 0 2275
281 514 327 67 363 242 255 176 50 2275
279 517 328 64 364 253 239 181 50 0 2275
275 520 323 63 372 250 241 180 51 0 0 0 0 2275
517 278 327 61 367 255 237 182 51 0 0 0 2275
515 283 329 60 365 255 183 234 51 0 0 0 2275
277 506 332 61 373 257 181 236 52 0 0 0 0 0 0 2275
514 273 329 60 366 260 182 239 52 0 0 2275
520 275 327 60 361 258 183 237 54 0 0 0 0 2275
516 281 329 363 61 258 184 232 51 0 0 0 0 0 0 0 0 0 0 2275
511 279 336 357 64 260 185 232 51 0 0 0 0 0 0 0 0 0 0 2275
508 283 356 335 64 261 184 233 51 0 0 0 0 0 0 0 2275
510 285 360 64 329 258 185 233 51 0 0 2275
512 283 362 64 256 328 184 235 51 0 0 2275
510 281 365 67 326 255 186 234 51 0 0 0 0 0 0 0 0 0 2275
507 278 365 66 329 256 235 187 52 0 0 0 0 2275
512 276 365 66 325 255 236 189 51 0 0 2275
532 273 67 348 254 318 239 192 52 0 0 0 0 0 2275
533 270 64 251 352 321 241 191 52 0 2275
530 245 64 270 355 328 240 190 53 0 0 0 0 0 0 0 0 0 2275
530 69 245 275 352 320 239 193 52 0 2275
528 68 274 244 354 325 240 190 52 0 0 0 2275
527 68 274 245 359 239 321 190 52 0 0 0 0 0 0 0 0 2275
520 284 60 246 239 358 327 189 52 0 2275
523 276 59 244 361 241 329 188 54 0 0 0 0 0 2275
520 269 245 60 371 240 329 188 53 0 0 0 0 0 2275
517 272 228 61 381 246 328 189 53 0 0 0 2275
516 266 232 60 371 247 195 333 55 0 0 0 0 0 0 0 2275
513 267 233 62 371 243 195 337 54 0 0 2275
271 517 231 62 374 242 191 333 54 0 0 0 0 0 0 0 2275
274 516 236 62 373 189 238 334 53 0 0 0 0 0 0 0 2275
271 518 236 370 63 194 242 329 52 0 0 0 0 2275
269 515 234 369 195 64 243 333 53 0 0 0 0 0 0 0 0 0 2275
269 512 235 190 375 65 243 333 53 0 0 0 0 0 2275
271 516 237 197 366 240 66 329 53 0 0 0 0 0 0 2275
261 515 236 195 244 372 65 333 54 0 0 0 0 2275
256 510 235 196 246 68 375 334 55 0 0 2275
262 517 195 235 242 67 369 333 55 0 0 0 0 0 0 0 2275
509 269 198 236 243 67 367 333 53 0 0 0 0 2275
277 509 194 235 243 65 371 327 54 0 0 0 0 0 2275
271 512 196 237 244 368 65 328 54 0 2275
270 509 191 237 377 241 65 330 55 0 0 0 0 0 0 0 2275
267 507 193 236 375 243 333 66 55 0 0 0 0 0 0 0 0 0 0 2275
268 504 197 236 377 331 242 65 55 0 0 2275
511 268 198 237 372 326 243 65 55 0 0 0 0 0 2275
513 260 199 239 372 242 330 65 55 0 0 2275
507 264 200 237 376 332 239 65 55 0 0 2275
509 270 199 237 328 369 240 67 56 0 0 2275
508 262 236 196 329 376 243 67 58 0 0 0 0 2275
507 264 236 331 191 379 241 67 59 2275
508 268 237 328 193 372 243 59 67 0 2275
512 269 237 329 194 365 245 58 66 2275
267 508 238 330 193 370 244 58 67 2275
273 513 237 328 367 192 240 59 66 0 0 2275
263 517 244 328 362 240 194 60 67 0 0 2275
267 514 242 328 364 240 194 60 66 0 0 2275
270 509 225 329 383 240 194 58 67 0 0 0 2275
275 512 228 323 379 240 195 68 55 0 0 0 0 0 0 0 2275
271 512 227 328 384 191 240 67 55 0 0 0 2275
269 516 228 327 381 193 238 67 56 0 0 2275
270 514 230 326 382 194 236 67 56 0 0 0 0 0 0 2275
276 514 232 323 379 236 193 66 56 0 2275
279 511 232 324 373 197 237 67 55 0 0 0 0 0 0 0 0 2275
277 233 508 326 373 194 241 68 55 0 0 0 0 0 0 2275
265 233 506 329 382 241 195 68 56 0 0 0 0 0 0 2275
268 233 499 333 384 241 194 65 58 0 0 0 0 2275
234 262 504 328 389 242 194 65 57 0 0 0 0 2275
261 234 507 327 389 241 193 66 57 0 0 0 0 0 0 0 0 0 2275
268 235 504 381 325 242 198 66 56 2275
230 239 511 400 335 244 196 64 56 0 0 0 0 0 0 0 0 0 2275
234 242 517 394 330 240 198 57 63 2275
239 241 518 397 240 322 198 56 64 0 0 0 0 0 0 0 2275
245 241 516 396 237 323 194 57 66 0 0 0 0 2275
246 237 511 397 241 323 199 66 55 0 0 0 0 2275
257 240 389 506 239 326 200 66 52 0 0 0 0 0 0 2275
240 229 505 401 251 328 200 68 53 0 0 0 0 0 0 2275
241 237 512 402 322 251 190 67 53 0 2275
237 212 518 429 247 320 192 67 53 0 2275
245 218 518 416 247 323 188 54 66 0 0 0 0 0 0 2275
254 222 509 410 325 248 188 54 65 0 0 2275
261 228 516 393 322 246 190 65 54 0 0 0 0 0 0 0 0 0 0 0 0 2275
259 226 518 320 395 247 190 66 54 0 2275
262 228 513 320 396 247 190 54 65 0 0 0 0 0 2275
264 229 322 509 394 244 193 54 65 0 0 0 0 0 1 0 0 0 2275
267 233 319 515 386 242 194 55 64 0 0 0 0 0 0 2275
268 235 323 511 241 384 193 55 65 0 0 0 0 0 0 0 0 0 0 2275
273 237 318 514 242 376 195 55 65 0 0 0 0 0 2275
278 238 518 315 242 371 193 55 65 0 0 0 2275
274 238 519 239 318 374 194 54 65 2275
277 518 238 237 317 379 188 55 66 0 2275
271 237 520 239 317 379 192 54 66 2275
276 237 517 239 316 379 192 67 52 0 2275
267 236 508 239 389 322 193 67 54 2275
275 236 506 237 381 322 197 66 55 0 2275
276 237 505 237 375 327 199 57 62 0 0 0 2275
238 267 514 238 374 325 200 55 64 2275
265 238 512 241 378 320 201 56 64 2275
237 268 510 240 384 315 200 56 65 0 2275
238 501 273 234 386 321 201 55 66 0 0 2275
238 499 285 235 323 378 196 55 66 2275
241 500 280 234 377 325 198 55 65 2275
241 277 507 234 371 322 202 54 67 2275
276 239 506 235 375 325 199 54 66 2275
279 238 512 234 322 370 199 55 66 0 0 2275
283 241 516 234 318 365 199 55 64 0 0 0 0 2275
279 241 511 196 324 236 372 53 63 0 0 0 2275
242 276 514 195 323 237 370 54 64 0 2275
241 275 193 517 321 237 373 54 64 0 0 2275
242 273 517 196 320 239 371 54 63 0 2275
188 514 321 198 324 242 369 55 64 0 2275
215 516 280 195 326 242 380 55 66 0 2275
230 520 197 270 321 244 372 55 66 0 0 0 0 0 0 0 0 0 0 2275
232 520 196 322 269 241 373 55 67 0 0 0 0 0 0 0 2275
228 520 321 199 271 240 374 55 67 0 0 0 0 0 2275
228 516 323 197 277 243 368 55 68 0 0 0 0 0 0 0 0 0 0 0 0 0 2275
226 519 322 283 196 244 363 55 67 0 0 0 0 0 0 0 0 0 2275
226 514 326 194 287 243 363 55 67 0 0 0 2275
228 517 195 320 287 242 364 56 66 0 0 0 0 0 0 0 0 0 0 2275
229 512 193 288 325 244 362 56 66 0 0 0 0 0 0 0 0 0 0 2275
225 514 193 291 243 322 364 55 68 0 0 0 0 0 0 0 0 0 0 0 0 0 0 2275
516 228 194 280 243 321 371 54 68 0 0 0 0 0 0 0 2275
230 509 189 282 245 327 370 56 67 0 0 0 0 0 0 0 0 0 0 0 2275
229 510 283 192 243 325 368 56 69 0 0 0 0 0 0 0 2275
228 513 277 195 242 328 368 69 55 0 0 0 2275
227 509 286 242 192 328 367 69 55 0 0 0 0 2275
228 510 287 243 190 366 325 70 56 2275
227 503 284 191 244 372 327 71 56 0 0 2275
226 497 283 191 245 333 375 69 56 0 0 0 0 2275
226 502 282 194 245 334 367 56 69 0 0 0 0 0 0 0 0 0 0 0 2275
227 502 282 191 244 374 331 56 68 0 0 0 0 0 2275
228 502 284 189 369 246 332 57 68 0 0 0 0 0 2275
505 227 285 186 369 248 329 57 69 0 0 0 0 0 2275
506 228 286 193 363 327 246 57 69 0 0 0 2275
228 514 286 190 364 323 245 55 70 0 0 2275
228 512 191 283 369 323 245 55 69 0 0 0 0 0 0 2275
229 517 192 366 279 322 245 57 68 0 0 0 0 0 2275
229 513 188 370 286 322 243 56 68 0 0 0 0 2275
229 510 191 370 283 326 242 55 69 0 0 0 2275
228 510 194 364 285 243 326 55 70 2275
507 232 197 359 290 242 323 56 69 0 2275
506 236 194 282 364 243 326 56 68 0 2275
512 237 192 361 284 244 323 55 67 0 0 0 2275
516 234 195 352 292 242 322 68 54 2275
516 235 192 349 287 329 245 67 55 0 0 0 0 2275
508 233 192 354 288 331 245 55 69 0 0 2275
508 234 195 357 287 325 54 245 70 0 0 0 0 2275
513 236 196 359 280 323 246 53 69 0 2275
513 236 196 354 282 324 248 53 69 0 0 0 0 0 0 0 0 0 2275
509 236 197 359 283 247 323 52 69 0 0 0 0 2275
237 515 199 357 282 245 319 52 68 0 0 0 0 1 0 0 2275
233 512 198 355 289 247 322 52 67 0 0 0 0 0 0 2275
234 513 197 355 246 289 321 53 67 0 0 0 0 0 0 2275
233 506 363 194 247 289 325 52 66 0 0 2275
234 364 496 198 248 287 329 53 66 0 0 0 0 2275
236 497 357 200 248 284 333 54 66 0 0 2275
235 496 353 198 289 252 330 55 67 0 0 0 0 2275
237 495 357 198 285 333 249 54 67 0 0 0 2275
234 504 362 196 329 279 251 54 66 0 0 0 0 0 2275
232 501 366 193 332 253 277 55 66 0 0 0 2275
233 364 512 192 325 251 277 56 65 0 0 2275
231 359 515 197 250 319 283 56 65 0 0 2275
231 361 513 197 321 253 279 56 64 0 0 2275
232 359 505 201 329 251 277 57 64 0 0 0 0 0 0 0 2275
234 358 504 199 328 283 250 56 63 0 0 0 0 0 0 2275
234 363 500 198 331 280 248 57 64 0 2275
232 361 498 198 285 327 250 57 67 0 0 2275
358 229 504 195 284 327 252 58 68 0 0 0 0 0 0 0 0 2275
355 228 510 192 287 254 324 58 67 0 2275
352 226 508 288 192 256 325 59 69 0 0 2275
225 349 507 289 195 258 324 58 70 0 2275
345 226 510 291 193 258 325 58 69 0 2275
357 226 516 326 191 256 274 60 69 0 0 0 0 0 0 0 2275
354 228 513 193 324 257 276 61 69 0 0 0 0 0 2275
342 224 522 191 259 322 286 60 69 0 0 0 0 0 0 0 0 0 0 2275
342 226 519 195 259 322 281 62 69 0 0 0 0 0 0 2275
348 226 516 187 259 322 285 61 71 0 0 2275
347 225 509 192 260 324 287 70 61 0 0 0 0 0 0 0 0 0 2275
336 225 198 509 260 325 288 72 62 0 0 0 0 0 0 2275
341 222 196 258 509 324 291 72 62 0 2275
347 225 196 259 504 284 326 72 62 2275
342 226 195 261 500 287 330 70 64 0 0 0 0 2275
229 350 196 262 493 279 328 73 65 0 2275
228 352 265 191 494 286 322 73 64 2275
229 353 265 191 489 287 325 64 72 0 0 2275
229 349 190 266 491 289 326 64 71 0 0 0 0 0 0 2275
346 231 194 264 494 280 331 64 71 0 0 0 0 0 0 0 2275
347 232 197 262 499 326 279 62 71 0 0 0 0 0 2275
334 234 196 263 501 329 287 69 62 0 0 0 0 0 0 0 0 0 0 2275
325 231 196 263 507 344 283 66 60 0 2275
324 231 198 265 506 288 335 67 61 0 2275
327 195 229 264 503 286 341 68 62 0 0 2275
329 196 230 265 289 504 340 60 61 0 1 0 0 2275
334 199 232 284 262 509 336 60 59 0 0 0 0 0 0 0 2275
331 232 202 282 259 506 345 59 59 0 0 0 0 2275
351 230 196 282 258 508 331 60 59 0 0 0 0 0 0 0 0 0 0 0 0 0 0 0 0 0 0 0 0 0 2275
357 230 192 279 512 255 330 61 59 0 0 0 0 2275
351 232 197 276 507 258 333 61 60 0 2275
352 232 192 281 502 259 336 61 60 2275
369 230 188 505 260 258 344 61 60 0 2275
370 187 231 505 260 259 341 61 61 0 0 0 0 0 0 0 2275
370 189 502 229 260 259 343 61 62 0 2275
361 188 502 230 273 260 339 61 61 0 0 0 0 0 2275
352 189 510 278 230 260 333 62 61 0 0 0 0 2275
351 187 277 511 230 261 331 63 64 0 0 2275
354 187 277 505 228 336 259 64 65 0 2275
352 190 508 270 230 340 258 62 65 0 0 0 2275
345 187 278 509 233 340 257 61 65 0 0 0 0 0 0 2275
353 191 245 511 231 341 275 67 61 0 0 0 0 0 0 0 0 2275
353 194 247 510 233 341 272 60 65 0 0 0 0 0 2275
357 192 247 508 232 339 274 61 65 0 0 0 2275
337 193 248 511 234 355 271 67 59 0 0 0 0 2275
194 340 246 514 235 351 269 67 59 0 0 2275
194 338 247 512 234 351 273 67 59 0 0 0 0 2275
197 250 336 514 231 350 272 67 58 0 0 0 0 2275
194 251 334 513 235 346 276 68 58 0 0 0 0 0 0 2275
193 249 332 235 513 354 272 69 58 0 0 2275
194 250 330 239 514 268 352 70 58 0 0 0 2275
196 253 329 511 233 274 352 69 58 0 0 0 0 0 0 2275
197 254 335 507 235 350 264 73 60 0 0 2275
194 250 508 336 235 352 267 74 59 0 0 0 0 0 0 0 2275
191 251 512 331 233 347 277 75 58 0 0 0 0 0 2275
193 254 333 505 232 344 281 74 59 0 0 0 0 0 0 0 2275
194 254 324 512 233 339 283 77 59 0 0 0 0 0 0 2275
192 252 510 325 231 342 289 74 60 0 0 0 0 0 0 0 0 0 2275
251 194 512 325 231 342 287 74 59 0 0 0 0 2275
188 252 509 328 233 348 288 70 59 0 0 0 2275
254 186 508 330 232 348 292 67 58 0 0 0 2275
253 509 188 277 231 352 339 68 58 0 0 0 2275
257 510 191 277 231 336 348 67 58 0 0 0 0 2275
257 507 195 278 233 338 341 68 58 0 0 0 0 2275
257 508 230 284 331 198 340 69 58 0 0 0 0 0 0 2275
260 504 229 285 331 200 337 69 60 0 0 0 0 2275
261 506 231 283 331 341 195 68 59 0 0 0 0 0 2275
266 230 507 282 334 335 193 69 59 0 0 0 2275
264 231 508 285 332 330 197 69 59 2275
263 232 508 280 341 196 326 70 59 2275
262 234 512 276 193 344 322 71 61 0 0 0 0 2275
262 235 506 194 271 349 327 70 61 0 0 0 0 0 0 0 0 2275
264 232 507 198 275 341 329 69 60 0 0 0 0 0 0 0 0 0 0 0 0 0 2275
268 230 507 285 198 333 326 69 59 0 0 0 0 2275
230 270 508 290 195 327 327 69 59 0 0 0 0 0 0 0 0 0 2275
231 514 270 286 195 322 327 69 61 0 0 0 0 0 2275
229 511 268 295 195 319 326 69 63 0 0 0 0 0 0 2275
227 506 269 291 320 199 330 70 63 0 0 0 0 2275
231 503 287 268 323 198 330 70 65 0 0 0 0 0 0 0 2275
229 498 290 262 338 198 326 65 69 0 0 2275
228 491 265 286 334 201 338 63 69 0 0 0 0 0 0 2275
498 231 268 283 329 196 336 64 70 0 0 0 2275
498 267 229 289 326 198 335 63 70 0 0 0 0 0 0 2275
499 269 229 285 324 200 338 62 69 0 2275
502 270 229 290 320 199 334 63 68 0 0 0 0 0 2275
498 229 271 293 324 197 332 63 68 0 0 0 0 0 2275
499 228 268 291 326 198 334 63 68 0 0 0 0 0 0 0 0 0 0 0 0 0 0 2275
501 229 270 293 319 202 331 68 62 0 0 0 0 0 0 0 0 0 0 0 0 0 2275
497 230 268 319 291 203 335 68 64 0 0 0 0 0 0 0 0 0 2275
229 496 271 315 295 200 335 69 65 0 0 0 0 2275
227 496 274 315 199 289 340 70 65 0 0 0 0 0 2275
228 495 272 311 202 290 341 70 66 0 0 2275
228 488 273 202 316 292 341 70 65 2275
225 487 273 200 316 296 344 70 64 0 0 0 0 2275
228 490 269 311 201 299 343 71 63 0 0 0 0 0 0 2275
229 496 272 306 297 201 340 72 62 0 2275
495 230 271 311 296 201 336 72 63 0 0 0 0 0 0 2275
497 231 317 269 288 200 340 71 62 0 0 0 0 0 2275
489 234 319 270 281 202 347 71 62 2275
492 236 318 269 278 343 202 73 64 0 0 2275
493 238 323 273 271 343 200 72 62 0 0 0 0 2275
495 237 324 272 342 270 200 72 63 2275
496 322 231 289 338 270 193 71 65 0 0 0 0 2275
495 324 232 286 337 273 194 70 64 0 0 0 0 0 2275
503 323 233 281 271 333 196 71 64 0 0 2275
499 320 234 285 271 198 331 71 66 0 0 0 0 2275
502 324 232 283 270 334 196 70 64 0 0 0 0 0 0 2275
500 339 234 276 269 335 71 187 64 0 2275
499 336 277 232 268 337 72 188 66 0 0 2275
492 335 236 276 269 338 72 191 66 2275
491 347 234 271 266 72 339 188 67 2275
339 506 233 272 267 71 333 186 68 0 0 0 0 2275
342 503 233 276 71 268 331 185 66 0 0 0 0 0 0 0 0 0 0 0 0 0 0 0 0 2275
333 500 277 233 73 268 340 185 66 0 0 0 2275
495 336 282 233 71 268 340 184 66 0 0 0 0 0 0 0 0 0 0 0 0 2275
495 334 310 71 209 267 184 337 68 0 0 2275
499 327 295 221 71 267 185 342 68 0 0 0 2275
502 328 286 229 72 269 338 185 66 0 0 0 0 2275
502 325 228 284 71 271 339 190 65 0 0 2275
502 347 227 267 70 271 341 186 64 0 0 0 0 0 2275
349 503 226 273 71 270 332 187 64 0 2275
344 228 497 278 71 271 334 189 63 0 0 0 2275
339 229 498 283 270 72 333 188 63 0 2275
332 230 500 272 284 72 331 192 62 0 0 0 0 0 0 0 0 2275
332 230 272 499 280 74 329 196 63 0 0 0 0 2275
335 228 272 496 287 76 328 190 63 0 0 0 0 2275
334 228 499 272 286 76 327 190 63 0 0 0 0 0 2275
227 329 502 265 287 75 330 193 67 0 0 0 0 0 0 0 0 0 0 2275
326 228 499 265 289 75 330 195 68 0 0 0 0 0 0 0 0 0 2275
325 229 501 265 283 75 337 193 67 0 0 2275
327 231 499 264 284 75 334 193 68 0 0 0 0 0 0 0 0 0 0 0 2275
336 231 498 282 264 74 332 192 66 0 0 2275
348 230 504 253 282 74 325 193 66 0 0 0 2275
342 226 505 288 254 75 328 195 62 0 0 0 0 2275
345 228 508 282 250 75 331 195 61 0 0 0 2275
343 511 228 283 252 75 329 194 60 0 2275
505 342 230 281 255 74 335 191 62 0 2275
500 346 231 256 282 74 334 191 61 0 0 0 0 0 2275
497 349 254 233 276 74 339 191 62 0 2275
495 252 349 230 275 75 347 191 61 0 0 0 0 0 2275
497 254 345 227 279 76 344 191 62 0 0 0 0 0 0 0 2275
499 256 346 228 279 76 336 192 63 0 0 0 2275
500 258 348 230 276 77 330 191 65 0 0 0 0 0 0 0 0 0 0 0 0 0 0 2275
497 350 260 234 270 78 330 191 65 0 0 0 0 0 0 0 0 0 2275
500 344 260 281 230 79 327 190 64 0 0 0 0 2275
505 282 342 251 233 79 327 193 63 0 2275
497 287 339 251 232 80 330 198 61 2275
497 287 249 340 230 82 329 199 62 0 0 2275
499 288 249 347 228 325 81 197 61 2275
500 249 289 343 231 325 80 197 61 0 0 0 2275
501 250 298 227 338 324 79 198 60 0 0 0 0 0 2275
504 251 290 341 229 323 79 199 59 0 2275
510 251 288 335 229 323 80 201 58 0 0 0 0 0 0 2275
507 252 290 339 227 322 81 196 61 0 0 0 2275
252 512 296 339 226 313 80 196 61 0 2275
253 512 301 334 228 311 193 79 64 2275
255 511 287 229 332 321 197 80 63 0 2275
258 516 281 231 319 334 195 79 62 0 0 0 0 0 0 0 2275
258 514 285 231 319 330 198 81 59 2275
514 259 288 228 321 334 193 79 59 0 0 2275
511 258 295 229 320 190 332 80 60 0 0 2275
257 514 297 228 314 192 331 81 61 0 0 2275
263 510 295 228 316 191 334 80 58 0 0 0 0 0 0 0 0 0 0 0 2275
268 514 286 232 312 195 331 58 79 0 0 0 0 0 0 0 2275
269 512 285 231 314 199 326 59 80 0 0 0 0 0 0 0 0 2275
511 269 283 232 318 202 322 58 80 0 0 0 2275
499 270 282 233 320 199 331 82 59 0 0 0 0 0 2275
270 501 290 232 320 197 323 82 60 0 2275
270 507 282 232 323 197 322 82 60 0 2275
502 267 286 229 327 198 324 82 60 2275
268 505 282 232 325 202 319 81 61 0 0 2275
268 512 277 231 322 200 321 82 62 2275
269 504 284 228 318 201 328 80 63 0 0 0 0 0 2275
502 268 286 230 318 198 330 81 62 0 2275
508 268 284 229 200 319 323 79 65 0 2275
265 504 292 230 197 318 325 79 65 0 0 0 0 0 0 0 0 0 0 0 2275
509 265 296 227 196 314 321 80 67 0 0 0 0 0 0 0 0 0 0 2275
510 265 297 229 316 194 317 80 67 0 0 0 0 2275
510 263 296 230 320 196 312 80 68 0 2275
509 263 294 228 321 319 193 78 70 2275
508 266 296 321 226 316 199 77 66 0 0 0 2275
512 266 290 228 317 321 199 78 64 0 2275
505 267 288 230 318 322 202 78 65 2275
503 289 269 231 319 320 202 78 64 0 2275
495 288 230 268 323 329 199 79 64 0 0 0 0 0 0 0 0 0 0 0 0 2275
500 280 232 266 320 336 80 196 65 0 0 2275
497 281 232 267 330 323 81 198 66 0 0 0 0 0 0 2275
505 285 229 270 324 316 200 82 64 0 0 0 2275
283 502 228 268 329 321 200 81 63 0 0 0 0 0 0 0 0 0 2275
282 506 227 269 325 320 200 64 82 0 0 2275
289 507 269 228 316 322 201 63 80 0 0 2275
293 503 267 227 315 326 202 80 62 0 0 0 0 0 0 0 0 0 2275
300 502 270 228 311 328 202 68 66 0 0 0 0 0 2275
503 299 269 230 314 332 201 67 60 0 0 0 0 0 0 0 0 2275
500 300 271 229 310 340 200 63 62 2275
507 303 273 228 332 309 198 62 63 0 2275
507 273 291 229 334 310 203 62 66 0 0 0 2275
512 274 288 233 314 325 199 63 67 2275
513 274 295 232 310 323 64 196 68 0 0 0 0 2275
514 274 291 231 306 64 325 202 68 0 0 0 0 0 0 0 0 0 0 2275
513 273 285 232 316 63 329 195 69 0 0 0 0 0 0 0 0 0 2275
517 271 282 230 312 63 330 200 70 0 0 2275
516 272 289 308 228 65 326 199 72 0 0 0 0 0 0 0 0 2275
512 287 272 313 229 64 331 196 71 0 2275
286 509 275 310 230 63 335 198 69 0 0 0 0 0 0 0 2275
285 512 273 312 231 65 333 195 69 0 0 0 0 0 2275
280 517 275 311 69 232 326 193 72 0 2275
286 513 314 272 69 229 326 195 71 0 0 2275
284 516 313 273 68 330 229 193 69 0 2275
284 519 273 311 68 325 229 196 70 0 0 0 2275
287 521 273 308 68 324 196 227 71 0 0 0 2275
286 516 272 313 68 327 226 196 71 0 0 2275
289 271 512 311 69 328 227 197 71 0 0 0 2275
289 269 514 317 70 322 196 226 72 0 0 0 0 2275
293 270 511 321 326 69 188 226 71 0 0 0 2275
270 287 513 319 327 70 190 227 72 0 0 0 0 2275
273 286 508 319 331 68 193 227 70 0 0 0 0 0 0 0 0 2275
269 288 506 319 332 68 199 71 223 0 0 0 2275
269 284 541 319 68 300 198 71 225 0 0 0 0 0 0 2275
266 288 541 315 305 72 193 71 224 0 0 0 0 0 0 2275
266 282 312 537 311 74 196 71 226 0 0 0 0 0 2275
273 283 309 531 313 72 195 227 72 0 0 0 0 0 0 0 0 0 0 0 2275
271 280 308 526 320 73 194 230 73 0 0 0 0 0 0 2275
269 331 280 516 309 74 193 230 73 0 2275
333 270 279 515 305 74 195 231 73 0 0 0 0 0 0 0 0 0 0 0 0 0 0 2275
272 335 279 511 309 72 193 231 73 0 0 0 0 0 0 0 0 2275
271 333 283 507 311 72 194 229 75 0 0 0 0 2275
270 332 281 311 511 73 193 228 76 0 0 0 0 0 0 0 0 2275
266 332 278 315 510 75 231 192 76 0 0 0 0 0 0 0 0 0 2275
266 330 290 313 507 74 228 76 191 0 0 0 0 2275
264 327 293 312 507 77 229 75 191 0 0 2275
267 331 299 308 500 225 74 75 196 2275
269 334 290 308 502 228 72 201 71 0 0 0 2275
269 288 336 307 504 229 75 196 71 0 0 0 0 0 2275
267 290 310 341 501 229 74 190 73 0 0 2275
267 285 315 496 346 227 73 193 73 0 0 0 0 2275
266 287 315 503 341 226 74 190 73 2275
285 266 324 504 339 227 73 185 72 2275
285 263 506 320 337 229 74 188 73 0 0 0 0 2275
293 265 504 318 338 224 188 72 73 0 0 2275
289 265 499 344 318 226 188 73 73 0 0 0 0 0 0 0 0 0 0 2275
266 285 507 335 311 230 194 59 88 0 2275
265 504 283 339 314 227 194 68 81 0 0 2275
263 506 337 275 314 233 194 71 82 0 0 0 0 0 2275
263 500 337 281 314 233 194 80 73 0 0 0 2275
263 497 295 338 309 230 191 78 74 0 0 0 0 0 0 2275
497 264 288 344 305 230 193 78 76 0 0 0 0 2275
496 263 288 311 342 227 193 78 77 0 0 2275
503 263 287 335 308 230 195 78 76 0 0 0 2275
499 262 284 341 229 310 196 78 76 0 0 0 0 0 0 0 2275
498 263 338 285 230 313 192 79 77 0 0 0 0 0 0 0 0 0 0 0 0 2275
500 262 342 228 283 310 194 79 77 0 0 0 0 0 2275
500 260 337 288 229 309 195 79 78 0 0 0 2275
500 260 333 295 304 230 194 81 78 0 2275
501 259 334 295 302 228 196 81 79 0 0 0 0 0 2275
497 258 336 297 301 230 195 81 80 0 0 0 2275
499 260 335 296 303 229 195 82 76 0 0 0 0 0 0 0 0 0 0 0 0 2275
497 260 335 297 299 229 201 81 76 0 0 0 0 2275
500 262 336 297 294 228 198 82 78 0 2275
495 260 338 292 299 230 197 85 79 0 0 2275
508 260 328 332 255 230 199 84 79 0 0 0 0 2275
509 262 306 331 277 231 197 84 78 0 0 0 0 0 2275
505 305 263 327 287 229 199 83 77 0 0 0 0 0 2275
505 296 263 330 290 229 202 77 83 0 0 0 0 0 0 0 0 0 2275
501 262 299 335 291 229 198 77 83 0 0 0 0 0 0 2275
504 262 292 331 291 235 201 76 83 0 2275
500 263 299 330 295 231 199 77 81 0 2275
500 259 295 298 332 230 202 78 81 2275
504 258 301 298 328 230 197 79 80 2275
503 300 259 300 332 226 199 75 81 0 0 2275
503 318 256 277 338 227 75 199 82 0 0 2275
355 511 259 279 293 229 73 197 79 0 0 0 0 2275
334 509 259 288 229 304 74 201 77 0 0 0 0 2275
328 513 261 228 293 299 75 199 79 0 0 0 0 2275
328 509 227 260 295 303 75 198 80 0 2275
336 499 225 260 294 310 75 194 82 0 0 0 0 2275
335 498 228 263 304 296 74 196 81 0 0 0 0 2275
328 503 229 263 299 74 299 198 82 0 2275
331 497 229 299 264 72 298 203 82 0 0 0 0 2275
338 498 296 229 263 75 289 204 83 0 0 0 0 0 0 0 0 2275
329 504 299 229 262 77 292 199 84 0 0 0 0 0 0 2275
330 500 294 232 263 292 78 203 83 0 0 0 2275
328 503 298 265 229 286 75 207 84 0 0 0 0 2275
325 300 504 266 230 291 75 200 83 0 0 0 0 0 0 1 2275
327 301 508 264 231 289 74 200 80 0 0 0 0 0 0 1 2275
328 301 506 265 230 288 74 202 81 0 0 0 0 0 0 0 2275
329 296 506 266 232 285 73 205 83 0 0 2275
335 296 501 268 232 282 207 72 82 0 0 2275
300 330 500 269 232 288 200 73 83 0 0 0 0 0 0 2275
334 292 504 269 229 288 203 72 84 0 0 0 0 0 2275
336 290 502 267 228 294 202 84 72 0 0 0 0 0 2275
340 501 290 268 228 291 200 86 71 0 0 0 0 0 2275
336 287 500 270 229 295 203 87 68 0 0 0 0 0 2275
336 499 288 267 225 302 201 87 70 0 0 0 0 0 0 0 0 0 2275
334 496 289 267 224 308 84 201 72 0 0 0 2275
335 497 265 291 226 305 83 200 73 2275
336 502 293 263 230 301 80 196 74 0 2275
333 299 502 264 231 292 81 199 74 0 0 0 0 2275
332 296 501 264 301 230 80 197 74 0 0 0 0 0 2275
336 503 288 263 302 228 80 199 76 0 0 2275
340 493 263 286 305 228 79 205 76 0 2275
336 497 263 286 302 231 82 203 75 0 2275
340 494 262 296 230 295 81 201 76 0 0 0 0 2275
493 339 262 297 229 294 81 202 78 0 2275
494 339 258 296 231 296 203 79 79 2275
492 338 261 227 298 296 204 82 77 0 2275
346 487 263 226 296 298 202 81 76 0 0 0 2275
346 491 264 227 295 299 200 80 73 0 0 2275
343 486 261 226 299 308 198 75 79 2275
341 262 483 224 302 307 203 73 80 0 0 0 0 0 0 0 0 0 0 0 0 2275
340 484 261 224 301 301 207 74 83 0 0 0 0 0 0 0 2275
332 489 261 306 225 298 207 72 85 0 0 0 0 0 2275
489 335 261 311 226 295 203 74 81 0 0 0 0 0 0 0 0 0 0 2275
495 334 260 227 305 296 203 72 83 0 2275
499 334 260 226 306 293 202 73 82 2275
506 335 263 226 290 299 203 72 81 0 0 0 2275
501 335 261 297 226 303 195 73 84 0 0 2275
504 336 263 297 296 226 194 76 83 2275
504 337 261 299 294 227 196 75 82 0 2275
503 336 262 295 299 225 198 75 82 0 2275
503 258 333 297 295 228 200 77 84 0 0 0 0 0 2275
501 259 337 300 290 230 200 75 83 0 0 0 0 2275
497 259 332 303 300 198 228 75 83 0 0 0 2275
500 260 338 294 303 225 197 76 82 0 0 2275
499 261 336 291 228 302 199 78 81 0 0 2275
497 264 338 289 228 202 298 77 82 2275
502 262 333 294 227 201 77 297 82 0 0 2275
497 262 335 298 228 81 196 296 82 0 2275
496 260 296 342 224 80 192 303 82 0 0 0 2275
497 261 297 335 227 80 297 198 83 0 0 0 0 0 0 0 0 0 2275
500 261 298 334 227 295 77 199 84 0 0 0 0 2275
495 259 298 228 330 302 77 200 86 0 2275
492 260 302 229 337 291 76 203 85 2275
260 502 261 226 347 313 78 202 86 0 2275
260 274 498 225 335 315 80 203 85 0 0 0 0 0 0 0 0 2275
275 260 498 227 333 315 80 203 84 0 2275
282 259 497 338 227 304 82 204 82 0 0 0 0 0 0 2275
283 258 498 338 229 306 80 201 82 0 2275
282 258 500 340 227 302 89 206 71 2275
282 257 505 336 226 303 82 208 76 0 0 2275
282 257 343 496 223 308 85 203 78 0 0 0 2275
290 257 499 340 223 302 84 202 78 0 2275
258 304 497 337 224 289 84 203 79 0 0 0 0 0 2275
255 299 498 334 225 295 204 83 82 0 0 0 0 0 2275
297 253 497 340 227 295 201 83 82 0 0 0 0 0 0 2275
308 255 347 506 226 269 198 83 83 0 0 2275
308 251 339 231 504 281 195 83 83 0 0 0 2275
258 304 338 232 503 280 194 85 81 0 0 0 0 2275
305 256 339 231 501 276 200 87 80 0 0 0 2275
258 301 347 231 497 279 200 84 78 0 0 0 0 0 2275
257 345 311 228 495 278 195 87 79 0 0 0 0 0 2275
257 340 312 502 228 272 194 89 81 0 0 0 0 0 0 2275
256 346 504 305 230 263 201 88 82 0 0 0 0 0 0 2275
256 340 504 229 309 269 200 86 82 0 2275
256 341 496 229 313 273 199 86 82 0 0 0 0 0 0 0 0 0 2275
335 257 502 230 313 274 195 87 82 0 0 0 0 0 0 0 0 2275
336 257 505 231 274 305 198 89 80 0 0 0 0 0 0 0 2275
340 256 498 228 301 278 202 90 82 0 0 0 0 0 0 0 0 0 2275
332 256 500 227 303 287 198 90 82 0 0 0 0 0 2275
329 501 255 229 301 295 193 90 82 0 0 0 0 0 0 0 0 0 0 0 0 0 0 0 0 2275
331 501 253 227 311 291 193 72 96 0 0 0 0 0 0 0 0 0 0 0 0 0 0 2275
332 509 251 226 293 300 197 78 89 0 0 0 0 0 0 0 2275
333 510 249 228 291 294 200 80 90 0 0 0 0 0 2275
335 251 501 227 294 303 194 79 91 0 2275
334 250 500 228 293 306 193 81 90 2275
340 254 499 228 288 304 78 194 90 0 0 0 0 0 0 0 0 2275
337 253 502 227 301 293 80 192 90 0 0 2275
332 253 505 230 299 290 195 80 91 2275
332 254 507 232 287 292 200 80 91 0 0 2275
329 253 511 229 292 292 197 83 89 0 0 0 0 2275
330 252 505 228 297 297 86 191 89 0 0 0 0 2275
326 511 254 228 304 293 87 184 88 2275
329 508 256 226 300 87 297 185 87 0 0 0 0 0 0 0 0 0 0 2275
329 509 260 226 294 297 84 190 86 0 0 0 0 0 0 0 0 0 0 2275
331 507 226 258 291 299 86 190 87 0 0 0 2275
330 506 229 287 258 303 86 187 89 0 0 2275
501 335 229 286 256 306 87 185 90 2275
498 338 222 294 303 256 88 184 92 0 0 0 0 0 0 0 0 0 2275
491 342 224 286 318 250 185 86 93 0 0 0 0 0 2275
493 340 223 289 316 249 186 96 83 0 0 0 2275
491 337 223 312 297 249 188 93 85 0 0 0 0 0 0 2275
497 335 222 306 248 298 189 93 87 0 0 2275
495 222 335 302 249 301 191 92 88 2275
494 225 332 299 304 252 189 92 88 0 0 0 0 2275
490 223 296 338 305 253 192 83 95 0 0 0 0 2275
488 223 299 347 299 253 87 189 90 2275
490 224 300 297 347 252 90 185 90 0 0 2275
487 225 305 346 297 253 91 182 89 0 2275
492 227 302 293 343 252 92 183 91 0 0 0 0 0 0 0 0 2275
228 489 299 304 341 251 92 180 91 0 0 0 2275
228 493 294 305 337 251 95 181 91 0 0 0 0 0 2275
229 496 293 303 337 250 96 181 90 0 0 0 0 2275
225 494 294 308 336 251 96 90 181 0 0 0 2275
227 496 296 305 332 251 93 96 179 0 0 0 0 0 0 0 2275
227 493 307 293 337 91 250 97 180 0 0 2275
228 498 298 301 337 91 249 95 178 0 0 0 0 0 0 2275
224 297 496 302 337 92 248 97 182 0 2275
224 300 300 496 336 92 249 97 181 0 0 0 2275
224 295 305 495 334 251 91 94 186 0 0 0 0 0 0 0 0 0 0 2275
294 226 300 497 336 255 93 92 182 0 0 0 0 0 0 0 0 0 0 0 0 0 0 0 0 0 2275
292 227 297 495 337 256 92 92 187 0 0 0 2275
224 281 300 498 344 256 93 94 185 0 0 0 0 0 0 2275
224 296 296 502 332 257 94 93 181 0 0 0 0 0 0 2275
300 222 295 499 333 256 94 93 183 0 0 2275
298 223 295 500 257 332 93 94 183 0 0 2275
226 293 293 504 256 331 94 95 183 0 2275
223 306 293 504 255 91 330 93 180 0 0 0 0 0 2275
224 302 293 502 255 92 334 94 179 0 0 0 2275
305 225 292 503 257 93 331 93 176 2275
301 297 225 498 256 96 333 92 177 0 0 0 0 2275
297 303 225 503 254 94 332 177 90 0 2275
302 296 228 502 253 95 334 174 91 0 0 2275
297 303 224 502 254 92 336 176 91 0 0 0 0 0 0 2275
295 299 224 502 94 254 332 182 93 0 0 2275
297 300 224 502 98 253 328 179 94 0 2275
300 299 223 494 99 252 333 182 93 0 0 2275
305 299 495 223 96 254 332 178 93 0 0 0 0 2275
300 496 290 226 95 256 337 184 91 0 0 2275
298 493 295 227 95 341 254 178 94 0 0 2275
301 488 304 226 341 96 253 171 95 0 0 2275
297 494 303 223 96 340 256 171 95 0 0 2275
292 300 499 227 92 340 256 174 95 0 0 2275
289 296 503 226 94 339 257 176 95 0 0 0 0 2275
322 288 501 96 202 340 258 175 93 0 0 0 2275
311 292 497 93 347 213 258 171 93 0 0 0 2275
315 293 492 91 216 346 259 173 90 0 0 0 2275
308 292 500 222 338 74 266 179 96 0 0 0 2275
313 295 221 503 334 78 263 176 92 0 0 0 2275
319 299 500 221 331 89 259 168 89 0 2275
322 299 499 331 221 90 260 163 90 0 0 2275
323 301 498 334 221 258 91 159 90 0 0 0 0 0 0 2275
312 304 492 347 260 223 93 156 88 0 2275
316 305 496 342 223 256 95 153 89 0 0 2275
304 318 498 340 223 254 98 151 89 0 0 0 0 2275
304 318 494 343 256 224 100 149 87 2275
308 310 497 341 256 100 227 147 89 0 2275
311 496 306 339 256 103 226 147 91 2275
313 489 307 341 104 256 226 146 93 0 0 0 2275
313 493 342 300 105 257 226 146 93 2275
314 340 492 301 104 255 226 149 94 0 2275
314 337 496 300 106 254 227 149 92 0 0 0 0 2275
310 339 490 307 107 254 227 91 150 0 0 0 0 0 0 2275
312 335 488 313 108 227 253 91 148 0 0 0 0 2275
309 336 490 310 227 111 253 90 149 0 0 2275
309 333 492 310 113 228 249 90 151 0 0 0 0 0 2275
313 334 491 305 112 229 249 90 152 0 0 2275
312 337 490 115 299 226 249 90 157 0 0 0 0 0 0 0 0 0 0 0 0 0 0 0 0 0 2275
306 338 491 113 304 228 250 90 155 0 0 0 0 0 0 0 0 0 2275
308 338 492 113 308 247 226 88 155 0 0 0 2275
308 336 495 111 308 225 249 88 155 0 0 0 0 0 0 0 2275
317 339 489 110 300 252 228 88 152 0 0 0 0 0 2275
313 342 492 110 298 226 251 91 152 0 0 0 0 0 0 0 2275
311 343 496 109 301 247 224 90 154 0 0 2275
307 343 499 106 303 223 249 90 155 0 2275
306 344 498 107 300 225 250 90 155 0 0 2275
312 338 503 106 291 229 251 89 156 0 0 0 0 0 0 0 2275
318 337 500 104 296 228 87 252 153 0 0 2275
317 342 495 104 225 300 87 253 152 0 0 2275
318 342 107 491 224 302 88 253 150 0 2275
318 107 340 488 225 306 90 253 148 0 0 0 0 2275
314 108 341 490 253 305 88 223 153 0 0 0 2275
312 332 112 498 252 305 90 222 152 0 0 0 0 0 0 2275
313 331 109 253 501 300 89 227 151 0 0 0 1 0 0 2275
319 334 112 249 500 296 91 225 149 0 0 0 0 0 0 0 0 0 2275
321 337 111 247 500 290 92 226 151 0 0 0 0 0 0 2275
321 332 113 247 499 293 93 228 149 0 0 0 2275
324 331 113 246 496 294 96 149 226 0 0 0 0 0 2275
330 319 115 245 498 292 98 152 226 0 0 0 0 0 0 0 0 2275
315 329 114 246 502 297 99 147 226 0 0 0 0 2275
314 332 110 250 503 295 99 225 147 0 0 0 2275
316 112 333 245 500 294 97 228 150 2275
315 116 330 503 243 297 96 230 145 0 0 0 0 0 0 0 0 2275
320 117 329 501 244 100 298 225 141 0 0 0 0 0 0 0 2275
117 316 331 495 245 98 308 223 142 0 0 2275
119 313 335 491 239 98 317 222 141 0 0 2275
116 308 337 492 241 97 316 224 144 0 0 2275
313 114 336 493 240 101 309 222 147 2275
315 116 335 490 238 100 224 312 145 0 0 0 0 0 0 2275
314 115 341 240 484 97 226 312 146 0 2275
313 115 239 343 483 95 226 318 143 2275
314 241 113 337 493 95 228 308 146 0 0 0 2275
316 242 112 333 499 232 96 300 145 0 0 0 0 0 0 0 0 0 2275
319 242 114 330 501 233 98 299 139 0 0 0 2275
319 246 114 330 503 234 98 293 138 0 0 2275
322 251 326 99 504 232 304 94 143 0 0 0 0 0 0 0 2275
321 253 323 103 505 233 303 95 139 0 0 0 0 0 2275
251 325 331 103 502 230 298 96 139 0 0 0 2275
320 253 322 105 503 230 306 99 137 0 0 0 0 0 2275
333 254 288 104 502 229 332 98 135 0 0 0 2275
328 256 106 302 498 228 328 98 131 2275
324 256 102 307 228 502 326 98 131 0 0 1 2275
323 255 102 227 307 499 331 96 134 0 0 1 0 0 2275
325 255 225 103 307 496 329 98 137 0 0 0 0 2275
326 254 103 227 301 496 329 97 142 0 0 2275
256 321 102 226 305 494 329 98 144 0 0 2275
257 325 102 226 493 305 327 98 142 0 0 2275
258 323 102 227 493 305 329 142 96 0 0 0 2275
256 319 104 499 226 302 330 144 95 0 2275
255 108 313 506 226 296 333 143 95 0 0 0 0 0 0 0 2275
253 107 507 316 224 294 333 145 96 0 0 0 0 2275
252 502 109 318 223 295 333 146 97 0 0 0 0 0 0 2275
254 507 106 321 226 289 333 144 95 0 0 0 2275
252 509 107 317 228 287 331 148 96 0 0 0 0 2275
254 105 504 318 227 287 335 149 96 0 0 0 0 0 0 0 0 2275
251 504 110 313 224 293 332 152 96 0 0 2275
252 509 308 108 224 293 329 152 100 0 0 0 0 0 0 2275
251 510 309 109 286 224 334 152 100 0 0 0 0 2275
251 515 313 107 292 222 326 149 100 0 0 0 0 0 0 0 0 2275
251 311 510 108 289 227 329 150 100 0 0 0 0 0 0 2275
309 252 509 108 288 228 330 150 101 0 0 0 0 0 0 2275
313 252 508 107 224 290 329 147 105 0 0 2275
273 255 511 105 226 324 332 145 104 0 0 0 0 0 0 0 0 0 0 0 0 0 2275
296 255 512 105 226 304 328 145 104 0 0 0 0 0 0 0 0 0 0 0 0 0 0 0 0 2275
296 510 254 106 225 302 332 146 104 0 0 0 0 0 0 0 0 2275
297 510 105 254 226 306 332 140 105 0 0 0 0 0 0 0 2275
298 508 105 255 221 336 309 137 106 0 0 2275
299 505 105 221 257 340 306 137 105 0 0 0 0 0 0 2275
302 497 225 107 255 336 310 139 104 0 0 0 0 0 0 0 2275
302 224 502 109 254 335 306 138 105 0 0 0 0 0 0 0 0 0 2275
300 227 504 110 253 336 304 137 104 0 0 2275
298 226 503 253 108 336 309 137 105 0 0 0 0 0 2275
295 504 226 251 110 342 306 138 103 0 0 0 0 0 0 0 0 2275
298 502 225 250 110 341 313 100 136 0 0 0 0 0 0 0 0 2275
294 505 226 251 110 340 316 137 96 0 0 0 0 0 0 0 0 2275
502 293 227 253 109 344 313 136 98 0 0 0 0 2275
291 500 227 253 109 343 318 135 99 0 0 0 2275
292 503 254 226 108 340 319 134 99 0 0 0 0 0 0 2275
289 514 253 108 225 330 325 133 98 0 0 0 0 0 0 2275
289 251 517 110 224 330 323 133 98 0 0 0 2275
291 255 513 223 82 335 334 144 98 0 0 0 0 2275
298 253 514 223 85 331 327 143 101 0 0 0 0 0 0 0 0 0 0 2275
301 252 515 223 96 306 342 138 102 0 0 2275
252 302 517 226 97 297 340 142 102 2275
253 301 513 225 305 100 340 137 101 0 0 0 0 0 2275
253 517 301 224 300 100 336 140 104 0 2275
254 517 227 304 290 102 340 141 100 0 2275
256 226 511 304 296 99 338 145 100 0 0 2275
253 226 518 303 103 289 334 149 100 0 0 2275
252 225 512 302 105 299 334 145 101 0 0 0 0 2275
254 226 509 308 103 299 330 144 102 0 0 2275
255 226 508 308 101 331 297 145 104 0 0 0 0 0 0 2275
254 227 507 305 102 333 147 297 103 0 0 2275
254 227 507 312 101 148 337 291 98 0 0 0 0 2275
226 256 506 308 101 146 333 301 98 0 2275
254 224 507 307 97 144 333 306 103 0 0 0 2275
255 226 508 310 141 97 331 302 105 0 0 0 2275
253 228 309 506 144 94 337 299 105 0 0 0 2275
254 226 308 504 144 341 92 301 105 2275
256 227 318 498 343 140 95 293 105 0 0 0 0 0 2275
256 227 316 341 503 136 96 294 106 0 0 0 0 0 0 2275
257 226 312 508 337 138 97 295 105 0 0 0 2275
228 257 316 506 336 134 94 296 108 0 0 2275
228 257 309 503 338 137 303 94 106 0 0 0 0 0 2275
228 257 309 504 339 133 307 106 92 0 2275
227 312 254 504 335 133 308 108 94 2275
230 310 256 503 335 133 309 95 104 0 0 0 0 0 2275
231 308 255 510 135 330 305 96 105 0 0 2275
231 309 508 254 135 333 305 93 107 0 0 0 0 2275
231 514 301 254 136 331 308 92 108 0 2275
517 228 299 254 141 329 308 92 107 0 0 0 2275
511 229 306 252 142 330 304 94 107 0 0 0 0 2275
510 226 309 254 146 332 295 94 109 0 0 0 2275
509 224 309 254 144 335 299 93 108 0 0 2275
504 307 226 252 141 336 307 93 109 0 2275
506 307 226 136 253 333 309 92 113 0 0 0 0 0 2275
510 303 226 141 253 330 95 303 114 0 2275
507 298 227 145 252 95 332 304 115 0 0 0 0 0 0 0 2275
511 300 225 143 252 98 325 308 113 0 0 0 0 2275
513 300 228 140 252 96 329 303 114 0 2275
506 304 227 252 142 96 328 306 114 0 2275
509 301 228 250 145 329 97 303 113 0 0 0 0 0 0 2275
305 513 226 250 143 326 95 303 114 0 0 0 0 0 2275
305 509 251 224 141 331 94 308 112 0 0 2275
531 307 250 224 145 324 94 288 112 0 0 2275
313 535 250 227 145 301 95 300 109 2275
311 535 252 146 227 293 95 308 108 0 0 0 2275
306 533 255 144 229 294 316 94 104 2275
302 541 256 144 293 226 315 94 104 2275
307 539 254 147 224 293 313 92 106 0 0 0 2275
311 537 254 146 225 311 292 92 107 0 0 0 0 0 0 0 0 0 0 0 0 2275
314 531 256 148 228 306 298 91 103 0 0 0 0 0 0 0 0 0 0 0 0 0 0 0 2275
325 521 255 149 227 296 305 92 105 0 0 2275
327 528 257 148 227 282 310 91 105 0 0 0 0 0 0 0 2275
327 524 257 148 285 229 309 92 104 0 0 0 0 0 2275
325 529 257 147 291 230 301 104 91 0 0 0 0 2275
525 328 257 151 295 227 297 103 92 0 0 0 2275
519 330 255 151 294 228 306 91 101 0 0 0 2275
519 327 149 254 297 230 304 90 105 0 0 0 0 2275
329 516 150 254 296 228 305 93 104 0 0 0 0 2275
332 516 148 254 298 227 304 91 105 0 2275
330 517 254 150 300 225 302 92 105 0 0 2275
328 253 517 149 300 228 301 92 107 0 0 0 2275
326 253 521 298 148 227 304 92 106 0 0 2275
321 251 524 297 151 227 305 107 92 0 0 0 2275
323 250 520 299 227 151 308 107 90 0 0 2275
321 251 524 306 224 303 151 105 90 0 0 0 0 2275
324 251 527 304 223 302 150 105 89 0 0 0 0 2275
250 327 521 303 221 306 150 107 90 0 0 2275
250 330 521 304 222 151 302 106 89 0 0 2275
250 328 520 308 152 221 301 107 88 0 2275
250 329 522 306 153 224 294 110 87 0 0 0 0 0 0 0 0 0 0 0 0 2275
249 326 523 305 148 299 228 110 87 0 0 0 0 0 0 0 0 0 2275
251 327 518 310 300 147 227 110 85 0 0 0 0 2275
329 251 514 309 305 148 224 110 85 0 0 0 0 2275
333 253 514 307 300 149 224 87 108 0 0 0 0 0 0 0 0 0 0 0 2275
338 253 512 298 305 145 226 89 109 0 0 0 2275
327 255 514 300 146 303 228 93 109 0 0 0 0 0 0 0 0 0 0 0 2275
329 517 252 304 148 301 226 90 108 0 0 0 0 0 0 0 0 2275
330 517 305 250 144 301 229 88 111 0 0 2275
331 299 513 250 149 300 230 94 109 0 0 0 2275
332 512 310 248 145 300 227 92 109 0 0 0 0 0 0 2275
334 510 249 285 145 319 229 93 111 2275
335 510 248 303 148 298 229 109 95 0 0 0 0 2275
513 334 245 309 146 298 227 109 94 0 2275
510 340 308 245 143 299 228 110 92 2275
505 338 245 310 148 298 228 110 93 2275
500 341 246 303 309 149 224 112 91 0 0 0 2275
501 342 245 309 304 225 147 112 90 0 0 0 0 0 0 0 0 2275
497 347 314 242 300 223 148 114 90 0 0 0 0 0 0 0 2275
496 346 311 245 302 225 150 90 110 0 0 0 0 0 2275
493 310 348 246 305 226 147 88 112 0 0 0 2275
316 496 343 243 305 225 145 89 113 0 0 0 2275
316 505 339 244 299 227 88 145 112 0 0 0 0 2275
316 507 340 247 295 225 148 88 109 0 0 2275
304 507 251 340 299 227 150 89 108 2275
310 513 332 250 293 226 152 91 108 0 0 0 0 2275
315 510 336 249 296 227 148 108 86 0 0 0 2275
501 311 337 250 300 229 148 108 91 0 0 2275
505 317 338 250 300 225 107 144 89 0 0 0 0 2275
507 317 336 252 296 225 145 107 90 0 0 0 0 0 0 2275
509 318 336 296 252 226 145 105 88 0 0 0 2275
505 335 323 305 251 223 144 102 87 0 0 0 2275
501 335 323 306 251 144 222 103 90 0 0 0 0 0 0 2275
509 337 311 303 252 144 223 91 105 0 0 0 0 0 0 2275
502 337 320 302 250 143 224 92 105 0 0 0 0 2275
510 333 313 304 249 145 221 109 91 0 0 0 0 0 2275
507 313 336 300 251 151 221 107 89 0 0 0 0 0 0 0 0 2275
506 311 335 305 250 151 221 107 89 0 0 0 0 0 0 2275
497 311 339 248 307 150 225 109 89 0 0 0 2275
496 313 338 249 307 148 226 88 110 0 0 0 0 0 2275
499 298 315 248 343 145 230 89 108 0 2275
505 301 303 248 340 151 90 231 106 2275
501 299 302 345 251 152 89 229 107 0 0 0 0 2275
501 294 306 344 250 89 154 229 108 2275
498 297 309 343 252 87 153 229 107 0 2275
506 323 274 343 253 88 152 229 107 0 0 2275
512 330 345 265 254 88 149 228 104 2275
515 334 327 283 256 108 147 227 78 0 0 2275
517 335 320 254 287 107 146 230 79 2275
509 336 317 254 297 106 147 228 81 0 0 2275
505 338 308 256 107 301 151 230 79 0 0 0 0 0 0 0 0 2275
501 340 309 255 106 154 299 231 80 0 0 0 2275
500 338 312 259 107 149 297 230 83 0 0 0 0 2275
500 337 318 255 152 107 295 229 82 0 0 0 0 0 0 2275
503 336 253 316 152 108 293 228 86 0 0 0 2275
337 501 255 313 147 108 299 228 87 0 0 0 2275
335 510 255 313 145 108 294 228 87 0 0 0 0 0 0 0 0 0 2275
333 512 255 306 145 107 301 228 88 2275
335 508 255 305 107 148 303 225 89 0 0 0 2275
339 508 256 303 106 301 147 227 88 0 0 0 0 2275
340 512 255 308 107 289 229 147 88 0 2275
342 508 255 307 289 106 230 150 88 0 0 2275
511 336 254 309 290 107 231 150 87 0 2275
505 335 255 309 293 105 232 150 91 0 2275
500 338 255 297 309 104 231 150 91 0 0 0 0 0 0 0 2275
501 340 254 297 105 308 230 149 91 0 0 2275
506 339 253 289 104 315 230 149 90 0 0 0 0 2275
500 341 254 302 106 309 226 145 92 0 0 0 0 0 0 0 0 0 0 0 2275
507 339 300 251 109 306 224 145 94 0 0 2275
508 336 301 250 111 304 226 144 95 0 0 0 0 0 0 0 2275
513 289 333 251 110 310 227 147 95 0 0 0 0 0 0 0 2275
509 287 337 252 110 228 310 146 96 0 0 0 0 0 2275
507 284 337 251 113 226 310 149 98 0 0 0 0 0 0 2275
506 338 285 251 111 228 306 151 99 0 0 2275
503 341 291 251 111 308 224 149 97 0 0 0 2275
507 343 250 291 111 306 221 148 98 0 0 0 0 0 0 0 2275
505 343 252 109 296 306 221 146 97 0 2275
512 339 251 114 286 306 225 145 97 0 2275
513 344 252 287 113 301 225 146 94 0 0 2275
510 344 250 113 285 305 223 149 96 2275
507 337 250 116 296 221 306 146 96 0 0 2275
499 338 251 111 296 310 222 150 98 0 2275
495 250 338 110 297 312 222 152 99 2275
497 248 338 112 303 307 222 150 98 2275
495 249 336 110 306 223 309 150 97 2275
496 249 337 108 311 309 221 146 98 0 2275
248 502 341 108 307 304 220 147 98 0 2275
248 509 340 108 298 306 220 100 146 0 0 2275
248 505 109 339 306 307 223 98 140 2275
249 500 112 341 313 303 220 97 140 0 0 2275
248 506 113 337 306 304 222 144 95 0 0 2275
245 501 338 113 308 305 223 148 94 0 0 0 0 0 2275
244 509 115 336 301 307 221 147 95 0 0 2275
239 514 119 326 299 314 221 147 96 0 0 2275
242 506 116 326 318 299 224 148 96 2275
242 508 114 328 296 319 222 151 95 0 0 0 0 0 2275
242 114 509 330 296 314 223 151 96 0 0 0 0 0 0 0 2275
243 115 330 514 283 319 227 148 96 0 0 0 0 0 0 0 2275
240 117 331 509 325 284 227 148 94 0 0 0 0 0 0 2275
243 116 509 331 325 282 229 146 94 0 0 0 0 0 0 0 0 0 2275
240 119 509 330 283 324 228 148 94 0 0 0 0 0 0 0 2275
242 116 331 509 285 326 225 147 94 0 0 0 2275
243 112 330 517 321 285 228 146 93 0 0 0 0 0 0 2275
244 112 332 514 322 229 281 149 92 0 0 0 2275
246 109 332 320 512 227 289 146 94 0 0 0 0 2275
244 112 331 317 520 226 286 148 91 0 0 0 0 0 0 0 2275
244 113 331 321 226 518 285 146 91 0 0 0 0 2275
243 115 328 322 515 225 293 144 90 0 2275
116 225 329 337 515 227 294 143 89 0 0 0 0 0 0 0 0 0 0 0 0 2275
113 228 330 334 228 510 297 148 87 0 0 0 0 0 0 0 0 2275
115 228 334 331 230 289 507 150 91 0 0 0 0 0 0 0 0 0 0 0 0 0 0 2275
114 229 331 336 229 282 511 153 90 0 2275
117 228 331 334 230 507 281 153 94 0 0 2275
233 114 333 334 228 507 286 148 92 0 2275
233 116 335 328 228 508 285 92 150 0 0 0 2275
233 339 116 331 223 507 290 90 146 0 2275
236 325 296 117 222 546 296 90 147 0 0 0 0 2275
235 271 322 116 223 577 293 90 148 0 0 0 0 2275
236 269 321 116 579 224 290 91 149 0 0 0 2275
238 277 116 313 578 227 288 88 150 0 0 0 0 0 0 0 0 0 0 0 0 0 0 0 2275
239 115 282 313 568 225 298 89 146 0 0 0 0 2275
241 116 294 307 557 225 304 147 84 0 0 0 2275
242 118 298 320 546 226 148 295 82 0 0 0 0 0 0 0 2275
117 242 305 320 540 226 149 293 83 0 2275
117 242 320 309 535 228 148 292 84 0 0 2275
117 243 323 313 526 227 292 147 87 0 0 0 0 0 0 0 0 0 0 2275
118 243 322 532 310 225 291 147 87 0 0 0 0 0 0 0 0 2275
121 239 317 539 299 225 298 149 88 0 0 0 0 0 0 0 0 0 0 0 0 0 2275
120 225 536 319 314 216 305 151 89 0 0 2275
120 229 529 330 292 312 226 153 84 2275
117 232 523 327 292 320 230 154 80 0 2275
234 116 517 323 295 323 237 151 79 0 0 2275
234 115 326 522 285 321 236 154 81 0 1 2275
236 324 112 519 280 332 239 153 79 0 1 0 0 0 0 2275
235 340 115 511 275 327 151 240 81 0 0 2275
236 341 511 110 275 325 151 242 84 0 0 0 0 0 0 0 0 0 0 0 0 0 0 0 0 2275
237 337 509 109 283 324 242 150 84 0 0 0 0 0 0 0 0 0 2275
234 509 335 111 291 321 243 147 84 0 0 0 0 0 2275
235 515 326 113 289 242 322 149 84 0 0 0 0 0 0 0 2275
236 330 512 112 322 242 284 151 84 0 0 0 0 0 1 1 2275
235 326 519 320 111 244 289 146 85 0 0 0 0 0 0 0 0 0 0 2275
323 236 521 320 114 242 288 146 85 0 0 0 2275
326 238 523 316 112 283 243 150 84 0 0 2275
236 330 519 304 113 293 243 152 85 0 0 0 2275
235 328 516 304 113 241 303 147 88 0 0 2275
235 328 515 307 240 113 302 148 87 0 0 0 0 0 0 0 0 0 2275
238 517 327 311 241 114 291 149 87 2275
235 524 321 312 245 113 289 148 88 2275
234 521 325 315 241 116 291 143 89 2275
235 521 325 316 242 116 142 287 91 0 0 0 2275
239 522 327 311 243 116 143 284 90 0 0 0 0 0 0 2275
237 518 332 309 243 144 115 288 89 0 0 0 0 0 0 0 0 0 0 0 0 0 2275
236 515 309 335 245 145 115 287 88 0 0 0 0 0 0 0 0 2275
233 511 313 332 142 243 117 295 89 0 0 0 2275
232 505 312 333 242 142 120 300 89 0 0 0 0 0 0 0 0 2275
230 509 327 243 331 131 105 308 91 0 0 2275
233 507 333 242 332 133 104 305 86 0 0 0 2275
236 508 241 334 337 134 101 299 85 0 0 0 0 0 2275
238 512 240 333 333 134 298 102 85 2275
235 514 241 338 134 333 303 94 83 0 2275
513 232 241 334 135 332 311 94 83 0 2275
231 508 238 344 135 337 305 93 84 0 0 2275
234 241 512 342 134 337 301 89 85 0 2275
