0 486 0 92 352 0 0 817 152 36 207 0 0 127 0 0 0 0 0 4 0 0 0 0 0 1 0 0 0 0 0 0 0 0 1 0 0 2275
0 486 0 92 353 0 0 816 153 36 207 0 0 126 0 0 0 0 0 4 0 0 0 0 0 1 0 0 0 0 0 0 0 0 1 0 0 0 0 0 0 2275
0 490 0 91 353 0 0 811 150 36 212 0 0 126 0 0 0 0 0 4 0 0 0 0 0 1 0 0 0 0 0 0 0 0 1 0 0 0 0 0 0 0 0 0 0 0 0 0 0 0 0 0 2275
0 486 0 93 354 0 0 814 152 36 209 0 125 0 0 0 0 0 0 4 0 0 0 0 0 1 0 0 0 0 0 0 0 0 1 0 0 0 0 0 0 2275
0 488 0 92 362 0 814 0 151 36 209 0 117 0 0 0 0 0 0 4 0 0 0 0 0 1 0 0 0 0 0 0 0 0 1 0 0 0 0 0 0 0 0 0 0 0 0 0 2275
0 490 0 92 357 0 815 0 151 38 211 0 115 0 0 0 0 0 4 0 0 0 0 0 0 1 0 0 0 0 0 0 0 0 1 0 0 0 0 0 2275
0 488 0 91 358 0 814 0 152 41 210 0 115 0 0 0 0 0 4 0 0 0 0 0 0 1 0 0 0 0 0 0 0 0 1 0 0 0 0 0 2275
0 488 0 92 359 0 810 0 153 42 213 0 112 0 0 0 0 4 0 0 0 0 0 0 0 1 0 0 0 0 0 0 0 0 1 0 0 0 0 0 0 0 0 0 2275
0 0 484 92 360 0 813 0 153 45 211 0 111 0 0 0 0 4 0 0 0 0 0 0 0 1 0 0 0 0 0 0 0 0 1 0 0 0 0 0 0 0 0 0 0 0 0 0 0 0 0 0 0 0 0 0 0 0 0 0 2275
0 0 492 91 356 0 810 0 153 47 207 0 113 0 0 0 0 4 0 0 0 0 0 0 1 0 0 0 0 0 0 0 0 0 1 0 0 0 0 0 0 0 0 0 0 2275
0 0 494 93 356 0 810 0 48 151 204 0 0 113 0 0 0 4 0 0 0 0 0 0 1 0 0 0 0 0 0 0 0 0 1 0 0 0 0 0 0 0 0 0 0 0 0 2275
0 0 492 91 360 0 807 0 51 150 208 0 0 110 0 0 0 4 0 0 0 0 0 0 1 0 0 0 0 0 0 0 0 0 1 0 0 0 0 0 2275
0 491 0 93 360 0 804 0 54 152 203 0 0 112 0 0 0 4 0 0 0 0 0 1 0 0 0 0 0 0 0 0 0 0 1 2275
0 486 0 95 353 0 811 0 153 56 210 0 0 105 0 0 0 4 0 0 0 0 0 1 0 0 0 0 0 0 0 0 0 0 1 0 0 0 0 0 0 0 0 0 0 0 0 0 0 0 0 2275
0 486 0 91 353 0 812 0 151 214 59 0 0 103 0 0 0 4 0 0 0 0 0 1 0 0 0 0 0 0 0 0 0 0 1 0 0 0 0 0 0 0 0 2275
0 486 0 93 355 0 808 0 156 210 61 0 0 100 0 0 0 4 0 0 0 0 0 1 0 0 0 0 0 0 0 0 0 0 1 0 0 0 0 0 0 2275
0 482 0 95 358 0 806 0 156 209 64 0 0 99 0 0 0 4 0 0 0 0 1 0 0 0 0 0 0 0 0 0 0 1 0 0 0 0 0 0 0 0 0 0 0 0 0 0 0 0 0 0 0 0 0 0 2275
0 477 0 93 357 0 799 0 158 213 69 0 0 103 0 0 4 0 0 0 0 0 1 0 0 0 0 0 0 0 0 0 0 1 0 0 0 0 0 0 0 0 2275
0 476 0 96 361 799 0 0 156 209 69 0 0 103 0 0 0 4 0 0 0 0 1 0 0 0 0 0 0 0 0 0 0 1 0 0 0 2275
0 471 0 98 352 803 0 0 159 211 72 0 0 103 0 0 0 4 0 0 0 0 1 0 0 0 0 0 0 0 0 0 0 1 0 0 0 0 0 0 0 0 0 0 0 0 0 0 2275
0 474 0 99 346 805 0 0 162 208 74 0 0 101 0 0 4 0 0 0 0 0 1 0 0 0 0 0 0 0 0 0 0 1 0 0 0 0 0 0 0 0 0 0 2275
0 476 0 99 347 801 0 0 159 213 72 0 0 102 0 0 4 0 0 0 0 0 0 1 0 0 0 0 0 0 0 0 0 1 0 0 0 0 0 0 0 0 0 0 0 0 0 0 2275
0 475 0 98 351 792 0 0 158 214 79 0 0 102 0 0 4 0 0 0 0 0 0 1 0 0 0 0 0 0 0 0 0 1 0 0 0 0 0 0 0 0 0 0 0 0 0 0 0 0 0 0 0 2275
0 477 0 95 341 799 0 0 158 213 83 0 0 103 0 0 4 0 0 0 0 0 0 1 0 0 0 0 0 0 0 0 0 1 0 0 0 0 0 0 0 0 0 0 0 0 0 0 0 0 0 0 2275
0 476 0 98 342 795 0 159 0 210 85 0 0 104 0 0 4 0 0 0 0 0 0 1 0 0 0 0 0 0 0 0 0 1 0 0 2275
0 473 0 96 339 792 0 161 0 214 88 0 0 106 0 0 4 0 0 0 0 0 0 1 0 0 0 0 0 0 0 0 0 1 0 0 0 0 2275
0 473 0 97 335 800 0 158 0 210 89 0 0 107 0 0 4 0 0 0 0 0 0 1 0 0 0 0 0 0 0 0 1 0 2275
0 469 97 0 329 800 0 162 0 209 92 0 0 111 0 0 4 0 0 0 0 0 0 1 0 0 0 0 0 0 0 0 1 0 0 0 0 0 0 0 2275
0 474 93 0 323 799 0 161 0 209 97 0 0 114 0 0 4 0 0 0 0 0 0 0 0 0 0 0 0 0 0 0 1 2275
0 472 96 317 0 795 0 162 0 208 108 0 0 112 0 0 4 0 0 0 0 0 0 0 0 0 0 0 0 0 0 0 1 2275
0 469 95 310 0 799 0 0 164 209 115 0 0 109 0 0 4 0 0 0 0 0 0 0 0 0 0 0 0 0 0 0 1 2275
0 469 95 302 0 794 0 0 169 210 125 0 0 106 0 0 4 0 0 0 0 0 0 0 0 0 0 0 0 0 0 0 1 0 0 0 0 0 2275
0 462 94 302 0 788 0 0 175 211 129 0 0 109 0 0 4 0 0 0 0 0 0 0 0 0 0 0 0 0 0 0 1 0 0 0 0 0 0 0 2275
0 464 92 294 0 0 786 0 173 208 140 0 0 113 0 0 4 0 0 0 0 0 0 0 0 0 0 0 0 0 0 0 1 0 0 0 0 0 0 0 2275
0 473 91 278 0 0 783 0 208 178 155 0 0 104 0 0 4 0 0 0 0 0 0 0 0 0 0 0 0 0 0 0 1 0 0 0 0 0 0 2275
0 470 91 273 0 0 779 205 0 181 167 0 0 104 0 0 4 0 0 0 0 0 0 0 0 0 0 0 0 0 0 0 1 0 0 0 0 2275
0 465 94 268 0 0 780 206 0 179 176 0 0 102 0 0 4 0 0 0 0 0 0 0 0 0 0 0 0 0 0 0 1 0 0 0 0 0 0 0 2275
0 465 94 267 0 0 780 205 179 0 178 0 0 102 0 0 4 0 0 0 0 0 0 0 0 0 0 0 0 0 0 0 1 0 2275
0 467 92 265 0 0 774 205 180 0 183 0 0 104 0 0 4 0 0 0 0 0 0 0 0 0 0 0 0 0 0 0 1 0 0 0 0 0 0 2275
0 473 90 255 0 0 774 203 176 0 194 0 0 105 0 0 4 0 0 0 0 0 0 0 0 0 0 0 0 0 0 0 1 0 0 2275
0 473 89 249 0 0 775 206 176 0 196 0 0 106 0 0 4 0 0 0 0 0 0 0 0 0 0 0 0 0 0 0 1 0 0 0 0 0 0 0 0 0 0 0 0 2275
0 476 103 243 0 0 765 204 177 0 208 0 0 94 0 0 4 0 0 0 0 0 0 0 0 0 0 0 0 0 0 0 1 0 0 0 0 0 0 0 0 0 0 0 2275
0 471 109 238 0 0 761 204 181 0 214 0 0 92 0 0 4 0 0 0 0 0 0 0 0 0 0 0 0 0 0 0 1 0 0 0 0 0 0 0 0 0 2275
0 470 241 107 0 0 760 203 183 0 213 0 0 93 0 0 4 0 0 0 0 0 0 0 0 0 0 0 0 0 0 0 1 0 0 0 0 0 0 0 0 0 0 0 0 0 0 0 0 0 0 2275
0 474 244 109 0 0 754 202 179 214 0 0 0 94 0 0 4 0 0 0 0 0 0 0 0 0 0 0 0 0 0 0 1 0 0 0 0 0 0 0 0 2275
0 477 242 106 0 751 0 198 182 222 0 0 0 92 0 0 4 0 0 0 0 0 0 0 0 0 0 0 0 0 0 0 1 0 0 2275
0 472 248 105 0 758 0 202 179 214 0 0 0 92 0 4 0 0 0 0 0 0 0 0 0 0 0 0 0 0 0 0 1 0 0 0 0 0 2275
0 471 258 100 0 757 0 203 211 177 0 0 0 93 0 4 0 0 0 0 0 0 0 0 0 0 0 0 0 0 0 0 1 0 0 2275
0 466 262 103 0 764 0 204 205 173 0 0 0 93 0 4 0 0 0 0 0 0 0 0 0 0 0 0 0 0 0 0 1 0 0 0 0 2275
0 468 256 103 0 760 0 203 212 175 0 0 0 93 0 0 4 0 0 0 0 0 0 0 0 0 0 0 0 0 0 0 1 0 0 0 0 0 2275
463 0 257 102 0 765 0 205 211 173 0 0 0 94 0 0 4 0 0 0 0 0 0 0 0 0 0 0 0 0 0 0 1 0 0 0 0 0 0 0 0 0 0 0 0 0 0 0 0 2275
468 0 247 100 0 765 0 209 210 178 0 0 93 0 0 0 4 0 0 0 0 0 0 0 0 0 0 0 0 0 0 0 1 0 0 0 0 0 0 2275
466 0 250 103 0 764 0 205 217 170 0 0 95 0 0 0 4 0 0 0 0 0 0 0 0 0 0 0 0 0 0 0 1 0 0 0 0 0 0 0 0 0 2275
462 0 257 101 0 769 0 199 211 174 0 0 97 0 0 0 4 0 0 0 0 0 0 0 0 0 0 0 0 0 0 0 1 0 0 0 0 0 2275
464 0 251 102 0 766 0 202 217 172 0 0 96 0 0 0 4 0 0 0 0 0 0 0 0 0 0 0 0 0 0 0 1 0 0 0 0 0 0 0 0 0 0 0 0 0 0 2275
462 0 259 0 101 758 0 206 216 173 0 0 95 0 0 0 4 0 0 0 0 0 0 0 0 0 0 0 0 0 0 0 1 2275
462 0 259 0 99 754 0 209 218 174 0 0 95 0 0 0 4 0 0 0 0 0 0 0 0 0 0 0 0 0 0 0 1 0 0 0 0 0 0 2275
452 0 272 0 95 752 0 210 218 176 0 0 95 0 0 0 4 0 0 0 0 0 0 0 0 0 0 0 0 0 0 0 1 0 2275
451 0 0 271 97 753 0 206 216 182 0 0 94 0 0 0 4 0 0 0 0 0 0 0 0 0 0 0 0 0 0 0 1 0 0 0 0 0 0 0 0 2275
449 0 0 265 98 756 0 206 216 186 0 0 94 0 0 0 4 0 0 0 0 0 0 0 0 0 0 0 0 0 0 0 1 2275
450 0 0 254 97 763 0 210 216 186 0 0 94 0 0 0 4 0 0 0 0 0 0 0 0 0 0 0 0 0 0 0 1 2275
446 0 0 251 101 767 0 209 212 189 0 0 95 0 0 0 4 0 0 0 0 0 0 0 0 0 0 0 0 0 0 0 1 0 2275
439 0 0 250 100 772 0 209 213 189 0 0 98 0 0 0 4 0 0 0 0 0 0 0 0 0 0 0 0 0 0 0 1 0 0 0 0 0 2275
444 0 0 252 103 765 0 203 215 189 0 0 99 0 0 0 4 0 0 0 0 0 0 0 0 0 0 0 0 0 0 0 1 2275
445 0 0 248 106 762 0 204 218 190 0 0 97 0 0 0 4 0 0 0 0 0 0 0 0 0 0 0 0 0 0 1 0 0 0 0 0 0 0 0 0 0 0 2275
452 0 0 246 104 758 0 206 222 187 0 0 95 0 0 0 4 0 0 0 0 0 0 0 0 0 0 0 0 0 1 0 0 0 0 0 0 0 0 0 0 0 0 0 2275
452 0 0 252 104 760 0 203 219 184 0 0 96 0 0 0 4 0 0 0 0 0 0 0 0 0 0 0 0 0 1 0 0 0 0 2275
453 0 0 250 106 755 0 199 221 188 0 0 98 0 0 0 4 0 0 0 0 0 0 0 0 0 0 0 0 1 0 0 0 2275
446 0 0 254 111 756 0 203 219 183 0 0 98 0 0 0 4 0 0 0 0 0 0 0 0 0 0 0 1 0 0 0 2275
446 0 0 259 110 754 0 209 211 184 0 0 97 0 0 0 4 0 0 0 0 0 0 0 0 0 0 0 1 0 0 0 0 0 0 2275
439 0 262 0 109 758 0 208 207 188 0 0 99 0 0 0 4 0 0 0 0 0 0 0 0 0 0 0 1 0 0 2275
443 0 259 0 108 764 0 204 208 187 0 0 97 0 0 0 4 0 0 0 0 0 0 0 0 0 0 0 1 0 0 0 0 0 2275
440 0 263 0 114 757 0 202 213 184 0 0 97 0 0 0 4 0 0 0 0 0 0 0 0 0 0 0 1 2275
0 444 260 0 113 760 0 201 208 188 0 96 0 0 0 0 4 0 0 0 0 0 0 0 0 0 0 0 1 0 0 0 0 0 0 0 2275
0 446 0 261 111 755 0 205 212 184 0 96 0 0 0 0 4 0 0 0 0 0 0 0 0 0 0 0 1 0 0 0 0 0 0 0 0 0 0 2275
0 445 0 260 112 750 0 207 220 180 0 96 0 0 0 0 0 4 0 0 0 0 0 0 0 0 0 0 1 0 0 0 2275
0 446 0 264 112 750 0 205 179 217 0 97 0 0 0 0 0 4 0 0 0 0 0 0 0 0 0 0 1 2275
0 447 0 264 112 747 0 206 182 217 0 95 0 0 0 0 0 4 0 0 0 0 0 0 0 0 0 0 1 0 0 0 2275
0 0 449 262 112 743 0 204 179 228 0 93 0 0 0 0 0 4 0 0 0 0 0 0 0 0 0 0 1 2275
0 0 444 257 118 749 0 203 179 225 0 94 0 0 0 0 0 5 0 0 0 0 0 0 0 0 0 0 1 0 0 0 0 0 0 0 0 0 0 0 0 0 0 0 2275
0 0 445 255 114 0 748 202 177 234 0 94 0 0 0 0 0 5 0 0 0 0 0 0 0 0 0 0 1 0 0 0 0 2275
0 0 440 257 114 0 747 200 176 240 0 95 0 0 0 0 0 5 0 0 0 0 0 0 0 0 0 0 1 0 0 0 0 0 0 0 2275
0 0 442 249 115 742 0 200 185 244 0 92 0 0 0 0 0 5 0 0 0 0 0 0 0 0 0 0 1 0 0 0 0 0 0 0 0 0 2275
0 0 440 255 116 740 0 205 183 239 0 91 0 0 0 0 0 5 0 0 0 0 0 0 0 0 0 0 1 0 0 0 0 0 0 0 0 0 2275
0 0 440 253 119 745 0 199 183 238 0 92 0 0 0 0 0 5 0 0 0 0 0 0 0 0 0 0 1 0 0 0 0 0 2275
0 0 438 247 118 740 0 202 190 242 0 92 0 0 0 0 0 5 0 0 0 0 0 0 0 0 0 0 1 0 0 0 0 0 0 0 2275
0 0 434 249 125 731 0 203 188 247 92 0 0 0 0 0 0 5 0 0 0 0 0 0 0 0 0 0 1 0 0 0 0 0 0 0 2275
0 0 432 246 120 731 0 204 189 252 95 0 0 0 0 0 0 5 0 0 0 0 0 0 0 0 0 1 0 0 0 2275
0 0 250 432 122 727 0 200 189 256 93 0 0 0 0 0 5 0 0 0 0 0 0 0 0 0 0 1 0 0 2275
0 0 244 431 119 733 0 202 198 248 94 0 0 0 0 0 5 0 0 0 0 0 0 0 0 0 0 1 0 0 0 2275
0 0 249 431 119 729 0 205 192 249 95 0 0 0 0 0 5 0 0 0 0 0 0 0 0 0 0 1 2275
0 0 251 427 118 734 0 204 197 243 95 0 0 0 0 0 5 0 0 0 0 0 0 0 0 0 0 1 0 0 0 0 2275
0 0 251 428 119 729 209 0 193 246 94 0 0 0 0 0 5 0 0 0 0 0 0 0 0 0 0 1 0 0 0 0 0 0 0 2275
0 0 247 425 121 730 0 209 192 251 94 0 0 0 0 0 5 0 0 0 0 0 0 0 0 0 0 1 2275
0 0 248 426 117 736 0 207 192 248 95 0 0 0 0 0 5 0 0 0 0 0 0 0 0 0 0 1 0 0 2275
0 0 249 423 121 734 0 207 192 246 97 0 0 0 0 0 5 0 0 0 0 0 0 0 0 0 0 1 0 0 0 0 0 0 0 2275
0 0 245 422 121 735 0 209 195 244 98 0 0 0 0 0 5 0 0 0 0 0 0 0 0 0 0 1 0 0 0 0 0 2275
0 0 217 427 122 748 0 227 189 243 96 0 0 0 0 0 5 0 0 0 0 0 0 0 0 0 1 0 0 2275
0 0 207 437 122 749 0 206 192 260 96 0 0 0 0 0 5 0 0 0 0 0 0 0 0 0 1 0 0 0 0 0 2275
0 202 0 441 123 752 0 209 192 258 92 0 0 0 0 0 5 0 0 0 0 0 0 0 0 0 1 0 0 0 0 0 2275
0 204 0 444 117 744 0 218 193 257 92 0 0 0 0 5 0 0 0 0 0 0 0 0 0 1 0 0 0 0 0 0 0 0 0 0 0 0 0 2275
0 0 202 436 118 743 0 228 193 254 95 0 0 0 0 5 0 0 0 0 0 0 0 0 0 1 0 0 0 0 0 0 0 2275
0 0 204 439 114 744 0 234 186 252 96 0 0 0 0 5 0 0 0 0 0 0 0 0 0 1 2275
0 206 0 438 115 744 0 237 181 252 96 0 0 0 0 5 0 0 0 0 0 0 0 0 0 1 2275
0 207 0 433 116 742 0 232 185 258 96 0 0 0 0 5 0 0 0 0 0 0 0 0 0 1 2275
0 209 0 434 747 112 0 228 184 258 97 0 0 0 0 5 0 0 0 0 0 0 0 0 0 1 0 0 0 0 2275
211 0 0 424 744 114 0 225 191 263 97 0 0 0 0 5 0 0 0 0 0 0 0 0 0 1 0 0 0 2275
211 0 0 422 747 116 0 231 190 257 95 0 0 0 0 5 0 0 0 0 0 0 0 0 0 1 0 0 0 0 0 0 2275
209 0 0 422 751 115 0 230 191 255 96 0 0 0 0 5 0 0 0 0 0 0 0 0 0 1 0 0 0 0 0 2275
207 0 0 425 750 118 0 226 256 192 95 0 0 0 0 5 0 0 0 0 0 0 0 0 0 1 0 0 0 0 2275
204 0 0 425 741 120 0 223 265 197 94 0 0 0 5 0 0 0 0 0 0 0 0 0 0 1 2275
207 0 0 423 739 121 0 227 262 195 95 0 0 5 0 0 0 0 0 0 0 0 0 0 0 1 2275
212 0 0 420 741 121 0 222 264 194 95 0 0 5 0 0 0 0 0 0 0 0 0 0 1 0 0 0 2275
209 0 0 424 734 122 0 221 270 194 95 0 5 0 0 0 0 0 0 0 0 0 0 0 1 0 0 0 2275
212 0 0 421 730 120 0 224 269 197 96 0 5 0 0 0 0 0 0 0 0 0 0 0 1 2275
208 0 0 422 741 124 0 264 222 192 96 0 5 0 0 0 0 0 0 0 0 0 0 0 1 0 0 0 0 0 0 0 0 2275
205 0 0 427 737 123 0 260 224 200 93 0 5 0 0 0 0 0 0 0 0 0 0 0 1 2275
206 0 0 424 740 121 0 265 224 196 93 0 5 0 0 0 0 0 0 0 0 0 1 0 0 0 0 0 0 2275
189 0 0 417 740 121 0 266 231 208 97 0 5 0 0 0 0 0 0 0 0 0 1 0 0 0 0 0 0 0 0 2275
192 0 0 415 747 117 0 260 234 207 97 5 0 0 0 0 0 0 0 0 0 0 1 0 0 0 0 0 0 0 2275
189 0 0 417 749 119 0 265 225 207 97 6 0 0 0 0 0 0 0 0 0 0 1 0 0 0 0 0 0 0 2275
189 0 0 422 752 119 0 261 226 204 95 6 0 0 0 0 0 0 0 0 0 0 1 0 0 0 2275
187 0 418 0 744 116 0 271 229 208 95 6 0 0 0 0 0 0 0 0 0 0 1 0 0 0 0 2275
188 0 0 419 746 121 0 266 223 209 96 6 0 0 0 0 0 0 0 0 0 0 1 0 0 0 0 0 0 0 2275
186 0 423 0 739 124 0 271 225 205 95 6 0 0 0 0 0 0 0 0 0 0 1 0 0 0 0 0 0 0 0 0 0 0 2275
182 423 0 0 736 120 0 277 223 210 97 6 0 0 0 0 0 0 0 0 0 0 1 0 0 0 0 0 0 0 0 2275
185 420 0 0 739 122 0 285 216 206 95 6 0 0 0 0 0 0 0 0 0 0 1 0 0 0 0 2275
193 418 0 0 739 123 0 291 208 201 95 6 0 0 0 0 0 0 0 0 0 0 1 0 0 0 0 0 0 0 0 0 0 2275
190 415 0 0 738 123 0 291 213 202 96 6 0 0 0 0 0 0 0 0 0 0 1 0 0 2275
196 415 0 0 740 124 0 291 203 200 98 7 0 0 0 0 0 0 0 0 0 0 1 0 0 0 0 0 0 0 0 0 0 0 0 0 2275
197 411 0 0 739 123 0 286 207 204 100 7 0 0 0 0 0 0 0 0 0 0 1 0 0 0 0 0 0 0 0 2275
195 412 0 0 735 121 0 292 207 207 98 7 0 0 0 0 0 0 0 0 0 0 1 0 0 0 0 0 2275
193 417 0 0 116 730 0 295 212 206 98 7 0 0 0 0 0 0 0 0 0 0 1 0 0 2275
192 412 0 0 118 732 0 298 208 209 98 7 0 0 0 0 0 0 0 0 0 1 0 0 0 0 0 0 0 0 0 0 0 0 2275
413 190 0 0 122 728 0 298 205 213 98 7 0 0 0 0 0 0 0 0 0 1 0 0 0 0 2275
419 187 0 0 119 725 0 302 203 215 97 7 0 0 0 0 0 0 0 0 0 1 0 0 0 0 0 0 0 0 0 0 0 0 0 0 0 0 0 0 2275
417 185 0 0 122 720 0 311 204 211 97 7 0 0 0 0 0 0 0 0 0 1 0 0 0 2275
189 411 0 0 125 716 0 312 204 213 97 7 0 0 0 0 0 0 0 0 0 1 0 0 0 0 0 2275
192 407 0 0 126 717 0 310 208 210 97 7 0 0 0 0 0 0 0 0 1 0 0 0 0 2275
192 414 0 0 127 716 0 310 202 210 96 7 0 0 0 0 0 0 0 0 1 0 0 0 2275
201 424 0 0 125 710 0 305 198 210 94 7 0 0 0 0 0 0 0 0 1 2275
202 425 0 0 120 710 0 310 194 212 94 7 0 0 0 0 0 0 0 0 1 2275
205 420 0 0 119 709 0 305 202 212 95 7 0 0 0 0 0 0 0 0 1 0 0 0 2275
202 411 0 0 119 710 0 309 205 217 94 7 0 0 0 0 0 0 0 0 1 0 0 0 2275
209 411 0 0 118 709 0 312 202 211 95 7 0 0 0 0 0 0 0 0 1 0 0 0 0 0 2275
214 407 0 0 117 708 0 201 309 217 94 7 0 0 0 0 0 0 0 0 1 2275
211 412 0 0 118 708 0 207 302 213 96 7 0 0 0 0 0 0 0 0 1 0 2275
209 414 0 0 118 705 0 204 306 216 95 7 0 0 0 0 0 0 0 0 1 2275
207 415 0 0 121 708 0 201 307 213 95 7 0 0 0 0 0 0 0 0 1 0 0 0 0 0 2275
210 416 0 0 122 706 0 200 306 213 94 7 0 0 0 0 0 0 0 1 0 0 2275
214 0 411 0 125 702 0 193 315 212 95 7 0 0 0 0 0 0 0 1 0 0 0 0 0 2275
216 0 409 0 125 701 0 191 209 320 96 7 0 0 0 0 0 0 0 1 2275
221 0 411 0 121 703 0 194 212 309 94 9 0 0 0 0 0 0 0 1 0 0 0 2275
0 220 0 414 121 703 0 197 208 309 93 9 0 0 0 0 0 0 0 1 0 0 2275
0 221 0 416 126 701 0 193 206 309 93 9 0 0 0 0 0 0 0 1 0 0 0 0 0 0 0 0 2275
0 228 0 411 122 701 192 0 209 310 93 8 0 0 0 0 0 0 0 1 0 0 0 0 0 0 0 0 0 2275
0 232 0 413 122 698 203 191 0 312 95 8 0 0 0 0 0 0 0 1 0 0 0 0 0 0 0 2275
0 232 0 417 120 693 209 183 0 316 96 8 0 0 0 0 0 0 0 1 0 0 0 0 0 2275
223 0 416 0 121 693 214 187 0 315 96 9 0 0 0 0 0 0 0 1 0 0 2275
224 0 415 0 127 696 208 187 0 311 97 9 0 0 0 0 0 0 0 1 0 2275
0 228 422 0 123 692 203 187 0 314 96 9 0 0 0 0 0 0 1 0 0 0 0 0 0 0 0 2275
0 225 420 0 120 695 209 184 0 316 96 9 0 0 0 0 0 0 1 0 0 0 0 0 2275
0 229 420 0 115 697 211 180 0 97 315 10 0 0 0 0 0 0 1 0 0 2275
0 234 421 0 112 704 211 176 0 98 308 10 0 0 0 0 0 1 0 2275
0 232 420 0 707 117 209 173 0 96 310 10 0 0 0 0 0 1 0 0 0 0 0 0 0 0 0 2275
0 236 425 0 707 119 207 172 0 303 95 10 0 0 0 0 0 1 0 0 0 0 0 0 2275
0 234 426 0 698 121 210 171 0 308 96 10 0 0 0 0 0 1 0 0 0 0 0 0 0 0 2275
0 232 424 0 696 121 209 171 0 314 97 10 0 0 0 0 1 0 0 0 0 0 0 0 0 0 2275
0 228 424 0 700 122 171 210 0 311 98 10 0 0 0 0 1 0 0 0 0 2275
0 234 0 426 697 176 100 226 0 308 96 11 0 0 0 0 1 2275
0 241 0 425 704 172 220 101 0 302 96 13 0 0 0 1 0 2275
0 0 239 427 706 172 220 101 0 299 97 13 0 0 0 1 0 0 2275
0 0 237 434 709 169 218 0 294 102 97 14 0 0 0 1 0 0 0 0 0 0 0 0 2275
0 239 0 431 712 183 204 0 295 101 96 13 0 0 0 1 0 0 0 2275
244 0 0 418 714 178 204 0 295 108 99 14 0 0 0 1 0 0 0 2275
252 0 0 417 708 175 205 0 295 110 97 15 0 0 1 0 2275
0 241 0 418 709 173 202 0 299 120 97 15 0 0 1 0 2275
242 0 0 708 418 169 206 0 302 116 97 16 0 0 1 0 0 0 0 0 0 2275
249 0 0 704 411 166 206 0 308 119 96 15 0 1 0 0 0 0 0 0 2275
250 0 0 699 415 205 171 0 305 118 96 15 0 1 0 0 0 0 0 0 0 2275
249 0 695 0 419 202 0 174 305 119 96 15 0 1 0 0 0 0 0 0 0 0 0 0 0 0 0 0 2275
237 692 0 0 420 207 0 179 309 118 96 16 1 0 2275
233 694 0 0 427 0 205 173 312 119 95 16 1 0 0 0 0 0 0 2275
233 702 0 0 420 0 205 179 300 122 97 16 1 0 0 0 0 0 0 0 0 0 0 0 0 0 2275
236 705 0 0 424 0 205 170 296 126 94 18 1 0 0 0 0 2275
231 707 0 0 0 426 206 295 175 120 96 18 1 0 2275
216 0 719 0 0 423 211 298 171 125 93 18 1 0 0 0 0 0 0 0 0 2275
0 728 213 0 0 422 204 299 173 125 92 18 1 0 0 0 0 0 0 2275
723 0 213 0 0 418 203 301 180 123 94 19 1 0 2275
0 728 211 0 0 420 210 295 172 124 94 19 2 0 0 0 0 0 0 0 2275
0 727 212 0 0 421 209 294 123 174 95 19 1 0 0 0 0 0 0 2275
0 730 209 0 0 421 208 126 295 173 94 18 1 0 2275
0 729 209 0 0 417 217 126 293 169 94 20 1 0 0 0 0 0 0 2275
725 0 211 0 0 418 226 130 288 162 94 20 1 0 0 0 0 0 2275
725 0 212 0 0 421 224 126 289 161 94 22 1 0 2275
722 0 211 0 0 422 225 127 290 161 95 21 1 0 2275
722 0 206 0 0 428 228 287 130 159 93 21 1 2275
710 0 204 0 0 239 428 292 126 160 92 23 1 0 0 0 0 0 0 0 0 0 0 0 2275
698 0 204 0 0 242 426 298 125 162 93 26 1 0 0 0 0 2275
0 691 207 0 0 244 418 300 166 128 93 27 1 0 0 0 0 0 0 0 0 0 2275
0 684 210 0 0 251 418 300 165 123 95 28 1 0 0 0 0 0 0 0 0 0 2275
0 681 210 0 0 249 419 300 164 124 98 29 1 0 0 0 0 0 0 0 0 0 0 0 0 0 0 0 0 0 0 0 2275
0 687 204 0 0 419 248 299 160 126 97 34 1 0 0 0 0 0 0 0 2275
0 685 0 201 0 419 245 303 161 128 98 34 1 0 0 0 2275
686 0 202 0 0 417 242 300 169 124 99 35 1 0 0 2275
688 0 205 0 417 0 241 297 162 126 99 39 1 0 0 0 2275
692 0 201 0 416 239 0 290 162 127 99 48 1 0 2275
0 675 198 0 417 236 0 290 165 134 98 61 1 0 0 0 2275
0 674 197 0 419 232 0 289 163 130 94 76 1 0 0 0 0 0 0 0 0 2275
0 672 0 204 417 232 0 288 156 129 94 82 1 0 0 0 0 0 0 0 0 0 2275
0 671 0 208 415 232 0 281 152 95 125 95 1 0 0 0 0 0 0 0 2275
668 0 0 203 411 234 0 269 151 97 129 112 1 0 0 0 0 2275
661 0 0 202 229 413 0 270 149 99 130 121 1 0 0 0 0 0 0 0 0 2275
654 0 0 210 226 407 0 264 148 99 130 136 1 0 0 0 0 0 2275
650 0 0 207 409 231 0 241 145 100 127 164 1 0 0 0 2275
655 0 0 207 229 401 0 236 139 103 125 179 1 0 0 0 0 0 0 0 0 2275
645 0 0 200 235 232 405 0 141 98 125 193 1 0 0 0 2275
644 0 0 199 236 231 411 0 96 138 123 196 1 0 0 0 0 0 0 0 2275
633 0 202 0 237 242 406 0 99 136 123 196 1 0 0 0 0 0 0 0 0 0 0 0 2275
634 0 201 0 234 232 402 100 0 142 127 202 1 2275
631 0 199 0 229 236 407 103 0 138 128 203 1 0 0 0 2275
0 625 197 0 235 236 408 102 0 140 126 205 1 0 0 0 0 0 0 0 2275
0 628 0 193 233 231 417 100 0 137 126 209 1 0 0 0 0 0 0 0 0 0 0 2275
0 625 0 196 233 231 414 103 0 126 133 213 1 0 0 0 0 0 0 0 2275
0 632 0 195 228 233 413 102 0 122 129 220 1 0 0 0 0 2275
0 0 631 197 225 229 416 100 123 0 128 225 1 0 0 0 0 0 0 0 2275
0 0 624 197 219 234 410 101 125 0 131 233 1 0 0 0 2275
0 0 628 199 223 405 228 103 128 0 132 228 1 0 0 0 0 0 0 2275
0 0 618 198 226 413 232 100 130 0 226 131 1 0 0 0 2275
0 0 631 228 166 247 417 97 132 0 227 129 1 0 0 2275
0 0 642 236 154 244 420 120 99 0 224 135 1 0 0 2275
0 0 646 229 154 236 425 122 0 98 230 134 1 0 0 0 0 2275
0 0 651 224 239 147 429 124 0 96 227 137 1 0 0 2275
0 0 649 217 244 140 427 128 96 234 0 139 1 0 0 0 0 0 0 0 0 0 2275
0 0 643 217 243 150 130 429 95 236 131 0 1 0 2275
0 0 648 220 242 149 127 430 94 231 133 0 1 0 0 2275
0 0 645 220 240 150 128 429 92 235 135 0 1 0 0 0 0 0 2275
0 0 652 250 222 127 135 426 94 231 137 0 1 0 0 0 0 0 0 0 2275
0 0 653 242 213 132 141 425 92 239 137 0 1 0 0 0 0 0 0 2275
0 0 648 244 217 130 147 420 242 92 134 0 1 0 0 0 0 0 0 0 2275
0 0 653 241 218 130 147 423 240 91 131 0 1 0 0 0 0 2275
0 0 661 224 244 125 148 416 232 95 129 1 0 0 0 2275
0 0 649 222 250 123 144 420 236 96 134 1 0 0 0 0 2275
0 0 651 220 236 125 145 425 240 98 134 1 0 0 0 0 2275
0 0 644 220 235 123 153 425 244 97 133 1 0 0 0 0 0 0 0 0 0 0 2275
0 0 643 218 124 235 155 424 244 97 134 1 0 0 0 0 0 0 2275
0 0 637 121 213 157 243 417 255 95 136 1 0 0 0 0 0 0 0 0 0 2275
0 0 629 116 215 157 242 421 258 95 141 1 0 0 0 0 0 0 0 2275
0 0 629 115 230 159 239 421 95 244 142 1 0 0 2275
0 0 628 121 230 160 244 419 95 240 137 1 0 0 0 0 0 0 0 0 2275
0 0 627 127 233 161 415 239 97 237 138 1 0 0 0 0 0 0 2275
0 0 617 122 227 160 417 245 246 98 142 1 0 2275
0 0 624 123 222 154 420 242 248 144 97 1 0 0 0 0 0 0 2275
0 0 616 125 222 155 417 245 252 143 99 1 0 0 0 2275
0 0 612 121 225 160 417 252 249 139 99 1 0 0 0 0 0 0 0 2275
0 0 610 124 226 161 416 253 245 141 98 1 0 0 0 0 0 0 0 2275
0 0 606 123 223 161 416 258 249 141 97 1 0 0 0 0 0 2275
0 0 597 123 219 162 417 274 135 250 97 1 0 0 0 0 0 0 0 0 2275
0 593 0 219 124 161 411 274 140 254 98 1 2275
0 597 227 99 0 165 411 277 138 249 111 1 2275
0 590 228 98 0 414 162 288 137 250 107 1 0 0 0 0 0 0 0 2275
581 0 231 97 0 415 158 291 141 249 111 1 2275
577 0 230 97 411 0 153 293 144 255 114 1 0 0 0 2275
573 0 95 224 416 0 153 294 142 257 120 1 0 0 0 0 0 2275
572 0 217 80 416 0 160 304 147 252 126 1 0 0 0 0 0 2275
577 0 219 417 63 0 161 305 152 248 132 1 0 0 0 2275
577 0 415 219 74 0 167 311 142 247 122 1 0 0 0 2275
577 0 416 88 202 165 0 331 130 246 119 1 0 0 2275
573 0 92 412 208 163 0 331 131 243 121 1 0 2275
566 0 93 419 163 209 0 335 124 245 120 1 0 0 0 0 0 0 2275
563 0 94 418 162 214 0 337 126 241 119 1 0 0 0 0 0 0 0 2275
555 0 92 423 158 219 0 128 339 242 118 1 0 0 0 0 0 2275
0 554 94 424 163 220 0 123 343 242 111 1 0 0 0 0 2275
550 0 95 424 162 0 218 128 348 240 109 1 0 0 0 0 0 0 2275
0 552 98 424 154 0 225 126 343 239 113 1 0 0 0 0 0 0 2275
0 553 96 424 153 0 218 130 349 241 110 1 0 0 0 0 0 0 0 0 0 2275
0 554 95 426 0 148 217 128 354 239 113 1 0 0 0 0 0 0 0 0 0 0 0 0 2275
0 555 95 430 0 145 221 131 352 238 107 1 0 0 2275
0 553 0 94 429 144 224 131 348 241 110 1 0 0 0 0 0 0 0 0 0 0 2275
0 554 93 0 422 151 223 124 347 247 113 1 0 0 0 0 0 0 2275
554 0 94 0 414 152 220 120 354 249 117 1 0 0 0 0 0 2275
559 0 96 0 421 146 222 349 119 249 113 1 2275
556 0 95 0 423 144 223 354 123 246 110 1 0 0 2275
0 560 97 0 420 147 222 357 121 244 106 1 0 0 2275
561 0 96 0 415 151 224 356 117 244 110 1 0 0 0 0 0 0 2275
559 0 97 0 417 148 224 353 119 242 115 1 0 0 0 0 0 0 2275
560 0 0 98 416 148 228 355 236 121 112 1 0 0 0 0 0 0 0 0 0 0 0 2275
562 0 0 100 419 235 150 348 231 118 111 1 0 2275
0 567 0 101 414 228 147 351 233 116 117 1 0 0 0 0 0 0 0 2275
0 564 0 98 417 233 146 345 230 121 120 1 0 0 0 0 0 0 0 0 0 2275
0 561 0 422 95 223 148 354 233 117 121 1 0 0 0 0 0 0 0 2275
0 562 0 420 96 231 147 346 234 114 124 1 0 0 0 2275
556 0 0 417 98 228 146 347 233 114 135 1 0 0 0 0 2275
564 0 0 418 96 235 143 340 233 115 130 1 0 0 0 0 0 0 0 2275
559 0 0 417 96 232 150 344 236 116 124 1 0 0 0 0 0 0 0 0 0 2275
564 0 0 427 230 149 82 350 225 118 129 1 0 0 0 0 2275
562 0 0 429 235 149 85 345 229 117 123 1 0 0 0 0 0 0 0 0 0 0 0 0 0 2275
562 0 0 244 426 147 89 336 227 119 124 1 0 0 0 0 2275
566 0 0 247 424 145 91 327 119 228 127 1 0 0 0 0 2275
561 0 0 245 423 148 94 116 332 231 124 1 0 0 0 0 0 0 0 0 0 0 0 0 0 2275
560 0 0 233 419 148 94 115 347 233 125 1 0 0 0 2275
563 0 0 234 418 138 95 118 342 237 129 1 0 0 0 0 0 0 0 2275
563 0 0 238 418 143 95 123 339 233 122 1 2275
569 0 0 235 421 134 95 341 117 238 124 1 0 0 0 2275
563 0 0 235 424 138 93 342 121 240 118 1 0 0 0 2275
566 0 0 234 419 138 95 337 244 123 118 1 2275
565 0 239 0 412 144 96 332 247 120 119 1 2275
0 571 0 237 413 141 95 335 242 120 120 1 0 2275
0 0 568 233 414 142 341 95 244 120 117 1 2275
0 0 567 236 411 141 337 238 101 126 117 1 0 0 2275
0 0 569 236 413 346 142 226 98 122 122 1 0 0 0 0 0 0 2275
0 0 562 233 416 348 228 143 101 121 122 1 0 0 0 0 0 0 2275
0 0 564 231 419 347 228 143 98 124 120 1 0 0 0 0 0 0 0 0 0 0 0 0 0 2275
0 563 0 230 420 351 221 149 95 120 125 1 0 0 0 0 0 0 2275
0 570 0 234 419 341 230 148 93 121 118 1 0 0 0 0 0 0 0 2275
0 563 236 0 420 334 235 150 95 121 120 1 0 0 0 0 0 0 0 0 0 2275
0 564 233 0 420 336 236 154 93 119 119 1 0 2275
0 565 0 229 418 338 238 151 93 121 121 1 0 0 0 0 0 0 0 0 0 0 0 0 2275
0 566 226 0 413 337 239 151 96 123 123 1 0 0 0 0 0 0 0 0 0 0 0 0 0 0 0 0 0 2275
0 564 225 0 414 337 235 157 124 94 124 1 0 0 0 0 0 2275
0 560 227 414 0 338 234 151 95 135 120 1 0 0 0 0 0 0 0 2275
0 555 227 415 0 338 235 153 93 135 123 1 0 0 0 0 0 0 0 0 2275
0 556 231 412 335 0 239 93 156 126 126 1 0 0 0 0 0 2275
558 0 234 410 331 0 243 96 150 127 125 1 0 0 0 0 0 0 0 0 0 0 0 0 2275
559 234 0 418 328 0 241 95 146 129 124 1 0 0 2275
561 233 0 416 0 326 243 97 149 124 125 1 0 0 2275
562 232 0 0 415 325 246 96 150 120 128 1 0 0 0 0 0 2275
561 233 0 0 419 325 245 94 150 124 123 1 0 0 0 0 2275
237 562 0 1 417 335 236 91 148 128 119 1 0 2275
559 233 0 1 420 337 240 90 150 128 117 0 0 0 0 0 0 0 0 0 0 0 0 0 0 0 0 0 0 2275
552 238 0 423 1 336 236 91 150 128 120 0 0 0 0 0 0 0 0 2275
231 554 0 420 1 339 235 92 153 125 125 0 0 0 2275
235 549 0 418 1 343 233 94 154 125 123 0 0 0 0 0 0 2275
228 549 415 0 1 337 238 95 159 124 129 0 2275
231 554 418 0 1 339 235 151 95 120 131 0 0 0 0 0 0 2275
235 556 0 413 1 330 240 153 97 122 128 0 2275
232 554 0 414 335 1 238 150 98 124 129 0 0 0 2275
232 550 0 421 1 335 238 147 96 127 128 0 0 2275
234 547 421 0 1 336 237 95 149 128 127 0 0 0 0 0 2275
230 540 0 426 342 1 235 94 151 129 127 0 0 0 0 0 0 2275
229 544 0 423 1 335 241 95 153 124 130 0 0 0 0 0 2275
235 540 0 424 1 237 340 97 151 123 127 0 0 0 2275
238 540 0 420 1 237 336 96 125 153 129 0 2275
244 539 0 417 1 236 341 95 115 152 135 0 0 0 0 2275
249 545 0 420 1 236 339 92 147 114 132 0 0 0 0 2275
248 539 0 418 1 239 338 95 111 148 138 0 0 0 0 0 2275
243 542 420 0 240 1 334 94 114 149 138 0 2275
240 542 0 423 1 239 337 122 82 147 142 0 2275
241 544 0 430 243 1 331 117 85 146 137 0 0 0 0 0 2275
545 240 0 425 248 1 332 115 89 144 136 0 0 0 0 0 0 2275
547 236 0 423 245 1 336 114 92 134 147 0 0 0 0 0 0 2275
549 233 0 423 239 1 341 117 133 93 146 0 0 0 2275
552 234 0 426 238 1 338 130 116 94 146 0 0 0 2275
553 228 0 429 346 236 0 131 113 93 146 0 0 0 0 2275
549 0 229 427 340 235 0 131 119 94 151 0 0 0 0 2275
0 547 421 227 344 243 0 139 115 96 143 0 0 2275
0 550 418 232 343 242 143 0 117 95 135 0 0 0 2275
0 557 412 343 230 241 144 0 119 95 134 0 0 0 0 0 0 0 0 2275
0 554 415 341 231 239 149 0 121 94 131 0 0 0 0 2275
551 0 416 335 243 237 151 0 120 94 128 0 0 0 2275
546 0 420 342 238 236 151 0 121 128 93 0 0 0 0 0 2275
544 0 343 419 238 237 153 0 121 127 93 0 0 0 2275
550 0 341 421 235 238 152 123 0 122 93 0 0 0 0 0 0 0 0 0 0 0 0 2275
553 0 337 423 237 240 150 121 0 93 121 0 0 0 0 0 0 0 0 0 0 0 2275
547 0 346 234 420 234 150 128 0 95 121 0 0 0 0 0 0 0 2275
552 0 240 337 419 240 153 127 0 95 112 0 0 0 0 0 2275
552 241 0 335 420 236 154 124 0 95 118 0 0 0 0 0 2275
554 243 0 335 417 157 231 125 0 93 120 0 0 0 0 0 0 2275
239 552 0 340 417 159 226 0 127 95 120 0 0 0 0 0 0 0 0 0 0 0 0 0 2275
236 558 0 413 342 158 229 0 127 95 117 0 0 0 0 0 0 0 0 0 2275
238 0 560 407 335 233 160 0 130 95 116 0 1 0 0 2275
0 238 558 416 336 232 158 0 128 92 116 0 1 0 0 2275
0 239 552 420 338 233 157 0 125 91 119 1 0 0 0 0 0 2275
0 232 555 416 344 237 155 0 125 93 117 1 0 0 2275
236 0 551 419 343 234 157 0 124 94 116 1 0 0 2275
245 0 549 416 335 237 157 0 127 93 116 0 0 0 0 0 0 0 2275
250 0 548 415 231 333 158 124 0 93 123 0 0 0 0 0 0 0 0 2275
240 551 0 426 234 339 153 121 0 92 119 0 2275
242 541 0 427 235 340 157 123 0 91 119 0 0 0 0 0 2275
242 548 0 430 333 235 156 122 0 91 118 0 0 0 0 0 2275
239 546 430 0 337 238 153 117 0 90 125 0 0 0 0 0 0 0 2275
235 542 425 0 344 238 116 155 0 93 127 0 0 0 0 0 0 0 0 0 0 0 2275
545 235 429 0 342 238 116 155 0 91 124 0 0 0 0 0 0 0 0 0 2275
547 235 425 0 339 238 118 157 0 127 89 0 2275
235 554 424 0 340 236 116 156 0 124 90 0 0 0 0 0 2275
242 549 419 0 335 236 118 0 159 124 93 0 0 0 0 2275
238 415 554 0 334 235 120 0 161 124 94 0 0 0 0 0 0 2275
238 551 414 0 341 233 116 0 160 126 96 0 0 0 0 0 0 0 0 2275
556 234 411 342 0 235 114 0 157 128 98 0 0 0 0 0 0 2275
553 234 413 0 339 241 114 0 155 97 129 0 0 0 0 0 0 2275
554 410 230 346 0 242 111 0 155 99 128 0 0 0 0 2275
556 412 231 346 0 109 241 0 156 98 126 0 0 0 0 2275
557 415 233 0 342 113 243 0 154 96 122 0 0 0 0 0 0 2275
558 407 0 231 345 112 243 0 161 97 121 0 0 0 0 0 2275
554 414 236 0 342 108 238 0 159 125 99 0 0 0 0 0 2275
549 413 236 0 341 106 240 164 0 126 100 0 0 2275
554 413 238 338 0 109 236 160 0 127 100 0 0 0 2275
549 416 242 334 110 0 233 159 0 133 99 0 0 0 0 2275
546 421 242 110 337 0 233 157 0 130 99 0 0 0 2275
543 421 242 114 340 0 232 0 156 97 130 0 0 0 0 2275
546 418 243 113 342 236 0 0 152 95 130 0 0 0 0 0 0 0 0 0 0 2275
420 547 237 112 345 0 236 0 148 95 135 0 2275
420 550 240 109 339 0 240 0 147 134 96 2275
416 546 241 111 339 0 242 0 150 133 97 0 0 0 0 0 0 0 0 0 0 0 0 2275
413 547 242 115 340 244 0 0 149 129 96 0 0 0 0 0 0 0 0 2275
414 548 237 118 348 239 0 0 127 151 93 0 0 0 0 2275
551 413 232 116 346 246 0 0 125 151 95 0 0 0 0 0 0 0 0 0 0 2275
416 550 229 108 352 247 0 0 129 148 96 0 0 0 0 0 0 2275
418 234 550 107 346 247 0 0 131 146 96 0 0 0 0 0 0 0 0 0 0 2275
421 232 546 108 347 246 0 0 131 150 94 0 0 0 0 0 0 2275
420 233 548 107 343 247 0 0 129 155 93 0 0 0 0 0 0 0 0 2275
416 238 106 552 339 244 0 0 131 154 95 0 0 0 0 0 0 0 0 0 0 2275
418 238 103 543 343 249 0 130 0 156 95 0 0 0 0 0 0 0 2275
420 258 105 545 392 175 0 0 156 128 96 0 0 0 0 0 0 0 0 0 0 0 2275
422 247 104 548 386 189 0 0 153 129 97 0 0 0 0 0 2275
426 108 555 222 378 203 0 0 158 126 99 0 0 0 0 0 0 0 0 0 0 2275
429 110 553 225 363 216 0 0 126 154 99 0 0 0 0 0 0 0 0 0 2275
430 112 548 230 364 214 0 0 156 124 97 0 0 0 0 0 0 0 2275
425 115 236 550 359 218 0 0 151 123 98 0 0 0 0 2275
419 111 237 556 348 230 0 0 148 129 97 0 0 2275
416 115 241 551 347 235 0 146 0 129 95 0 0 0 0 0 0 0 0 2275
418 114 245 545 356 229 149 0 0 125 94 0 0 0 0 0 0 0 0 0 0 0 2275
411 115 240 356 549 229 144 0 0 131 100 0 2275
408 101 349 240 555 232 148 0 0 124 118 0 2275
414 101 350 235 552 231 151 0 0 125 116 0 2275
419 98 343 232 557 238 149 0 0 115 124 0 0 0 0 0 2275
425 97 339 224 558 240 0 149 0 124 119 2275
428 96 336 229 560 237 0 0 150 120 119 2275
430 95 333 232 561 241 0 147 0 118 118 0 0 0 0 0 2275
434 331 80 553 234 244 0 155 0 128 116 0 0 2275
429 336 86 555 226 242 0 157 0 128 116 0 2275
430 340 555 92 225 238 0 153 0 127 115 2275
427 338 92 555 224 241 0 156 0 125 117 0 2275
430 346 94 541 229 238 0 155 130 0 112 0 0 0 0 2275
338 429 98 550 229 239 0 157 125 110 0 0 0 0 0 2275
336 428 95 551 241 235 0 158 124 107 0 0 0 0 0 0 0 2275
336 429 94 554 238 240 0 152 124 108 0 0 0 0 0 0 2275
336 96 428 554 240 238 0 150 124 109 0 0 0 0 0 2275
328 96 428 560 244 236 0 124 147 112 0 0 0 0 2275
329 97 427 560 238 245 0 120 147 112 0 0 0 0 0 0 0 0 2275
327 97 566 427 229 246 0 120 149 114 0 0 0 0 0 0 0 0 0 0 0 0 0 0 0 0 0 2275
326 565 97 425 229 0 246 119 148 120 0 0 0 0 0 0 0 0 0 0 0 0 0 0 0 0 0 0 0 0 0 0 0 0 0 0 0 0 0 0 2275
332 565 97 422 229 0 241 120 145 124 0 0 0 0 0 0 0 0 0 0 2275
329 564 98 419 235 0 241 117 145 127 0 0 0 0 0 0 0 2275
334 561 97 233 416 0 243 146 125 120 0 0 0 0 2275
566 335 98 233 413 0 239 150 125 116 0 0 0 0 0 2275
560 337 98 234 417 242 0 152 121 114 0 0 0 0 0 0 0 0 0 0 0 2275
555 339 98 235 417 239 0 152 126 114 0 0 0 0 0 0 0 0 2275
554 341 97 421 234 236 0 152 126 114 0 0 0 2275
549 339 97 423 237 235 0 129 147 119 2275
562 333 97 420 227 238 126 149 0 123 0 0 0 0 2275
553 332 97 423 223 241 129 155 0 122 0 0 0 0 0 0 2275
552 327 98 226 422 243 129 157 0 121 0 0 0 0 0 0 2275
550 98 326 225 422 243 128 161 0 122 0 0 0 0 0 0 0 2275
99 551 329 229 426 238 121 159 0 123 0 0 2275
97 551 326 425 229 243 118 165 0 121 0 0 2275
98 553 327 424 226 244 120 164 0 119 0 0 0 0 0 2275
95 555 330 424 224 243 162 119 0 123 0 0 2275
95 558 323 425 229 157 248 0 117 123 0 0 0 0 0 2275
97 557 422 324 233 159 247 118 0 118 0 2275
96 552 420 324 238 162 249 0 114 120 0 0 0 0 0 2275
98 553 420 245 321 157 0 250 113 118 0 0 2275
98 551 415 242 330 160 0 242 117 120 0 0 0 0 2275
103 549 412 240 329 163 0 243 119 117 2275
99 553 417 241 156 335 0 237 121 116 2275
97 422 551 246 163 334 0 237 123 102 0 0 0 0 0 2275
98 423 549 242 334 160 0 240 124 105 0 0 2275
98 419 545 240 343 160 235 0 130 105 2275
100 415 541 239 340 160 239 0 135 106 0 0 0 0 2275
95 417 546 337 241 162 241 0 127 109 0 0 0 0 0 2275
94 417 548 239 339 165 239 0 123 111 0 2275
93 416 552 231 343 167 0 234 127 112 0 0 0 2275
94 413 556 231 339 168 0 235 129 110 0 0 0 0 0 0 0 0 2275
94 411 238 555 340 163 0 233 129 112 0 0 0 2275
96 415 236 550 351 167 0 226 109 125 0 0 0 0 0 0 0 0 0 0 2275
97 416 231 554 347 164 0 225 134 107 0 0 2275
97 423 553 233 342 162 0 229 125 111 0 2275
96 421 556 230 162 336 0 235 125 114 0 0 0 0 2275
95 426 549 232 162 0 339 237 118 117 0 0 0 2275
94 549 422 237 155 0 336 240 124 118 0 0 2275
94 555 415 240 0 153 333 239 116 130 0 2275
92 556 417 0 154 233 333 241 121 128 0 2275
551 91 421 0 163 228 336 239 122 124 0 2275
552 94 420 161 0 229 337 238 119 125 0 0 0 0 2275
94 550 422 159 0 228 339 238 119 126 0 0 2275
96 548 421 160 230 0 337 241 119 123 0 0 0 0 2275
96 552 418 154 229 340 0 237 124 125 0 2275
96 557 416 153 238 332 0 241 117 125 0 0 0 2275
97 559 414 150 233 333 0 239 122 128 2275
97 552 417 151 236 343 0 232 128 119 0 0 0 0 2275
98 557 150 419 237 0 339 233 123 119 0 2275
96 558 152 418 240 0 342 119 236 114 2275
95 554 154 240 419 0 341 118 236 118 0 0 2275
96 553 155 242 417 339 0 120 237 116 0 0 0 0 0 0 0 2275
96 551 149 419 246 337 0 119 244 114 0 0 0 0 0 0 2275
95 555 151 419 247 333 119 0 244 112 0 0 0 2275
95 549 156 417 248 334 119 246 0 111 0 0 0 0 0 0 0 2275
111 549 156 416 245 336 243 124 0 95 0 0 0 0 0 0 0 2275
114 558 152 413 243 335 238 0 127 95 0 0 0 0 0 0 2275
111 558 148 242 418 339 235 0 128 96 0 0 0 0 0 0 0 2275
110 555 239 154 412 339 237 0 132 97 0 0 0 0 0 0 2275
110 554 236 415 157 335 242 130 0 96 0 0 0 2275
113 555 412 232 153 336 240 135 0 99 0 0 0 0 2275
116 413 552 225 157 340 240 135 1 96 0 2275
116 556 412 220 157 340 238 139 0 97 0 0 0 0 0 2275
114 561 411 228 152 333 241 138 97 0 2275
115 554 414 228 152 337 238 139 98 0 0 2275
118 550 417 231 153 339 240 128 99 0 0 2275
120 545 418 158 225 341 240 130 98 0 0 0 2275
542 115 422 161 224 335 242 134 100 0 0 0 0 0 0 0 0 2275
545 117 424 159 224 241 336 130 99 0 2275
545 121 156 424 219 243 332 135 100 0 0 0 0 0 0 0 2275
556 117 152 419 220 244 334 99 134 2275
550 112 156 424 230 324 252 98 129 0 0 0 0 0 0 0 0 0 2275
549 164 116 420 227 325 249 96 129 0 0 0 0 0 0 0 0 2275
545 163 114 424 225 337 243 96 128 0 0 0 0 0 0 0 0 2275
548 157 428 117 216 334 246 97 132 0 0 0 0 0 0 0 0 0 0 0 0 2275
549 157 435 116 220 247 332 97 122 0 0 0 0 2275
544 156 434 117 247 219 334 97 127 0 0 0 0 0 2275
537 159 440 117 221 242 340 93 126 0 0 0 0 0 0 0 0 0 0 0 0 2275
538 161 441 117 221 243 91 338 125 0 0 0 0 0 0 2275
163 541 441 112 218 243 93 335 129 0 0 0 0 2275
156 542 442 219 119 252 92 325 128 0 0 2275
157 545 219 439 118 251 94 326 126 2275
159 545 224 430 118 254 94 325 126 0 0 0 0 0 0 0 0 0 2275
158 548 219 430 116 250 95 128 331 0 2275
155 545 429 221 119 251 94 127 334 0 2275
155 543 426 224 120 255 94 129 329 0 0 0 0 0 0 0 2275
153 545 433 121 219 250 94 127 333 0 0 2275
150 545 428 122 221 251 99 329 130 0 2275
154 427 544 123 217 246 96 333 135 0 0 0 0 0 2275
152 425 542 124 220 244 98 334 136 0 0 0 0 0 2275
144 427 546 124 227 243 99 329 136 0 0 0 0 0 0 0 0 2275
147 424 557 120 217 241 99 327 143 0 0 0 0 2275
146 556 428 118 220 246 96 320 145 0 0 0 2275
549 154 427 121 218 244 97 327 138 0 0 0 0 0 0 0 2275
552 150 426 224 117 243 97 325 141 0 0 0 0 0 0 2275
557 149 422 218 123 244 97 324 141 0 0 0 2275
554 119 225 419 142 241 96 329 150 0 0 0 0 0 0 0 0 0 0 2275
553 117 226 421 148 246 325 96 143 0 0 0 0 0 0 0 0 2275
557 115 420 234 152 237 330 95 135 0 0 2275
555 112 419 231 156 242 330 134 96 0 0 0 0 0 0 0 0 0 0 0 0 2275
552 116 421 233 154 240 331 135 93 0 0 0 0 0 0 0 0 0 0 0 0 0 0 0 0 0 0 0 0 0 0 2275
112 552 418 231 157 244 328 137 96 0 2275
115 553 413 240 155 246 326 130 97 0 0 0 0 0 2275
556 118 415 232 154 243 331 127 99 0 0 0 2275
553 114 417 234 248 161 330 119 99 0 0 0 2275
551 121 416 238 250 163 336 101 99 0 0 0 0 0 0 2275
555 115 421 254 239 162 331 99 99 0 0 0 0 2275
552 113 256 425 245 166 325 95 98 0 0 2275
550 113 252 243 431 163 328 97 98 0 0 0 0 0 0 0 0 0 0 0 2275
554 113 252 243 423 167 327 97 99 0 0 0 2275
551 113 247 242 425 334 165 99 99 0 0 0 0 0 0 2275
547 250 115 245 422 328 165 101 102 0 0 0 0 2275
548 245 115 414 247 336 165 103 102 0 0 2275
243 552 112 414 245 335 170 106 98 0 0 0 0 0 0 0 0 0 0 0 0 0 0 0 2275
240 554 113 416 250 335 165 104 98 0 0 0 0 0 0 2275
239 553 115 414 246 335 169 96 108 0 0 0 0 0 0 0 0 0 0 0 0 0 2275
237 557 108 412 250 338 168 96 109 0 0 0 0 0 0 0 0 0 0 2275
241 554 111 419 246 332 166 111 95 0 0 0 0 0 0 0 0 0 0 0 2275
238 563 112 418 242 337 109 164 92 0 0 0 0 0 0 0 2275
241 560 111 416 239 338 112 165 93 0 0 0 0 0 2275
246 558 112 418 243 332 109 163 94 0 0 0 0 0 0 0 0 0 0 2275
245 554 115 420 237 332 165 115 92 0 0 0 0 0 0 0 0 0 0 0 2275
247 550 116 420 237 335 166 113 91 0 0 2275
246 550 120 422 237 336 157 115 92 0 0 0 2275
240 551 119 424 342 238 159 109 93 0 0 2275
242 551 119 420 340 236 161 113 93 0 0 2275
553 242 118 417 342 236 161 111 95 2275
550 242 115 419 340 238 160 115 96 0 2275
555 115 422 224 353 230 159 121 96 0 2275
116 545 424 222 356 243 165 113 91 0 0 0 0 0 0 0 2275
113 550 416 231 347 242 171 114 91 0 2275
115 551 416 232 343 167 250 109 92 0 0 0 0 0 2275
113 552 418 235 339 163 252 109 94 0 0 0 2275
116 558 418 234 340 156 252 94 107 0 0 0 2275
115 554 413 238 340 160 255 105 95 0 2275
113 548 417 241 334 157 264 95 106 0 0 0 0 0 0 0 2275
552 113 416 236 339 157 259 97 106 0 0 0 0 0 0 2275
546 111 417 237 346 256 159 99 104 0 0 0 0 0 0 0 2275
548 113 418 237 349 244 159 100 107 0 0 0 0 0 0 2275
113 548 422 239 344 243 160 100 106 0 0 0 0 0 2275
110 551 235 423 345 246 161 99 105 0 0 0 0 0 0 0 0 0 2275
110 549 235 346 416 248 164 100 107 0 0 0 0 0 0 2275
111 546 237 345 419 248 164 100 105 0 0 0 0 2275
111 555 239 341 419 241 164 98 107 0 0 0 0 2275
109 553 237 344 415 248 96 165 108 0 0 0 0 2275
547 112 239 344 424 247 94 159 109 0 0 0 0 2275
546 115 342 243 421 249 92 160 107 0 0 0 0 0 0 2275
548 113 335 245 416 91 252 165 110 0 0 0 0 2275
547 340 114 240 422 91 243 165 113 0 0 0 2275
558 342 240 88 429 92 242 172 112 0 2275
560 346 239 432 88 93 242 166 109 0 0 0 0 0 2275
562 343 239 428 94 94 245 162 108 2275
558 347 236 432 95 95 167 239 106 2275
564 347 436 235 95 78 168 246 106 0 0 2275
567 340 433 243 96 169 82 244 101 0 0 0 2275
570 344 238 428 94 169 87 243 102 2275
565 346 237 431 95 94 165 242 100 0 2275
566 344 429 240 99 94 162 235 106 0 0 0 0 0 0 2275
563 430 343 241 97 96 165 235 105 0 0 2275
563 338 431 243 97 101 165 234 103 0 0 0 0 2275
558 337 440 240 95 100 237 163 105 0 0 2275
566 340 436 237 93 237 103 159 104 0 0 0 0 2275
564 338 434 239 238 91 105 161 105 2275
564 336 434 239 245 98 90 165 104 0 0 0 2275
564 335 426 250 244 100 93 161 102 0 0 2275
561 338 249 425 242 104 93 159 104 0 0 0 2275
556 344 242 428 238 105 94 167 101 0 0 0 0 2275
551 347 241 236 423 104 96 170 107 0 2275
558 339 240 243 415 110 95 170 105 0 0 0 0 2275
563 344 239 239 416 113 94 161 106 0 0 0 0 2275
341 561 249 240 415 116 94 156 103 0 0 0 0 0 0 0 2275
342 559 249 415 238 116 96 155 105 0 0 0 2275
338 246 549 414 241 120 97 161 109 0 0 0 0 0 0 2275
340 244 551 416 240 119 161 97 107 0 0 0 0 0 0 0 0 0 0 0 2275
246 337 550 416 242 119 163 96 106 0 0 0 0 0 0 0 0 0 0 0 2275
244 334 547 419 246 122 163 104 96 0 0 0 0 0 0 0 0 0 0 0 0 0 0 0 0 0 0 0 2275
247 334 545 415 247 121 103 164 99 0 0 0 0 0 0 0 0 0 0 0 0 0 0 0 0 2275
248 333 547 413 244 105 122 165 98 0 0 0 0 0 0 0 0 0 0 2275
243 336 551 411 100 245 123 170 96 0 0 0 0 0 0 0 0 0 0 2275
245 337 547 412 102 123 244 169 96 0 0 0 0 0 0 0 2275
247 338 547 413 104 119 245 164 98 0 0 0 0 0 0 0 0 0 0 0 0 0 0 0 2275
251 551 340 407 104 120 241 161 100 0 0 0 0 0 0 0 0 0 0 0 0 0 0 2275
245 552 333 411 105 246 118 166 99 0 0 0 0 0 0 0 0 0 0 0 0 2275
244 543 340 417 106 243 119 164 99 0 0 0 0 0 0 0 0 0 0 0 0 0 0 0 2275
544 248 338 414 105 243 116 166 101 0 0 0 0 0 0 0 0 0 0 0 0 0 2275
542 249 337 410 105 245 165 122 100 0 0 0 0 0 0 0 0 2275
546 254 334 406 102 247 125 161 100 0 0 0 0 0 0 0 0 0 0 0 0 0 0 0 0 2275
550 255 338 105 399 242 120 166 100 0 0 0 0 0 0 0 0 0 0 0 2275
260 551 336 106 396 243 122 162 99 0 0 0 0 0 0 0 0 0 0 0 0 0 0 0 0 0 0 0 2275
252 552 341 106 399 242 160 123 100 0 0 0 0 2275
550 253 346 107 396 237 168 118 100 0 0 0 0 0 0 0 0 0 0 0 0 0 0 0 0 0 2275
549 255 341 107 395 165 240 122 101 0 0 2275
547 259 104 334 402 159 246 123 101 0 0 0 0 0 0 2275
249 544 103 338 405 164 243 128 101 0 0 2275
253 103 550 340 406 158 242 121 102 0 2275
89 241 543 342 415 164 242 131 108 0 0 2275
98 239 546 343 163 414 241 123 108 0 0 0 2275
95 240 550 336 164 416 247 121 106 0 0 2275
97 243 549 330 421 165 253 116 101 0 0 0 0 2275
94 245 551 335 419 162 248 101 120 0 0 0 0 2275
98 242 545 340 414 171 246 100 119 2275
100 245 543 334 416 247 168 98 124 0 0 0 2275
100 245 545 329 417 250 171 97 121 0 0 0 0 0 0 2275
251 86 544 337 418 242 169 100 128 0 0 0 0 0 0 0 2275
247 98 544 338 419 243 167 93 126 0 2275
244 100 339 541 417 242 173 93 126 0 0 0 2275
244 332 98 549 418 247 173 91 123 2275
242 333 550 98 417 248 173 92 122 2275
244 333 555 409 97 246 176 91 124 0 0 0 0 0 0 2275
237 332 412 551 98 247 178 96 124 0 0 0 0 0 0 2275
235 331 416 543 243 98 178 104 127 0 0 0 0 0 0 0 0 0 0 2275
233 339 419 542 237 175 98 105 127 0 0 0 0 0 2275
236 338 419 536 243 174 105 97 127 0 0 0 2275
233 337 417 543 176 244 106 96 123 0 0 0 0 0 0 0 2275
238 340 423 538 171 241 106 96 122 0 0 0 0 0 0 0 0 0 2275
235 340 535 427 170 244 105 95 124 0 0 0 0 0 0 0 0 0 0 2275
338 228 548 423 167 246 103 94 128 0 0 0 2275
337 232 549 420 245 165 101 97 129 0 0 0 0 0 0 0 0 2275
342 245 560 426 163 206 106 97 130 0 0 0 2275
242 344 561 434 164 198 105 98 129 0 0 0 0 0 0 0 0 0 0 0 0 2275
240 344 559 432 160 210 106 97 127 0 0 0 0 0 0 0 0 0 2275
237 348 557 158 433 217 101 100 124 0 0 0 2275
243 336 557 431 155 221 106 98 128 0 2275
247 334 424 557 154 226 109 100 124 0 0 2275
243 339 424 557 155 227 104 101 125 0 0 0 2275
242 339 426 559 155 224 106 100 124 0 2275
244 335 423 557 162 227 98 104 125 0 0 0 0 0 2275
247 334 419 558 163 221 99 127 107 0 0 2275
250 332 427 556 157 223 96 131 103 0 0 2275
253 329 421 556 160 230 98 126 102 0 0 0 0 0 0 0 2275
248 418 338 553 166 228 101 131 92 0 2275
244 415 346 162 550 230 104 128 96 0 2275
238 417 347 547 160 232 108 132 94 0 0 0 0 2275
238 415 549 344 164 230 106 131 98 0 0 0 2275
240 417 550 343 227 163 104 133 98 0 0 0 0 0 0 2275
237 419 551 341 226 162 131 110 98 2275
233 546 423 346 227 165 128 108 99 0 0 0 0 2275
239 543 422 342 227 129 166 105 102 0 0 0 0 0 0 2275
241 417 545 336 229 129 170 107 100 0 1 0 0 0 0 2275
238 415 541 342 232 131 170 107 99 0 0 0 0 0 0 0 0 2275
243 551 409 331 230 132 171 110 98 2275
248 549 326 412 237 130 169 106 98 0 0 2275
248 550 407 327 235 135 168 103 102 0 0 0 0 0 0 2275
240 549 404 334 237 169 132 109 101 0 0 2275
550 230 407 340 234 172 131 112 99 0 2275
550 413 216 341 237 175 137 112 94 0 0 0 0 0 0 0 0 2275
555 210 411 341 238 167 140 116 97 2275
556 201 410 339 242 167 145 118 97 0 0 2275
548 189 413 345 239 155 173 114 99 0 0 0 0 2275
554 176 418 343 240 167 168 110 99 2275
561 177 413 342 238 163 111 171 99 0 2275
561 179 338 420 241 164 112 162 98 0 2275
568 171 341 414 242 175 158 111 95 0 2275
168 570 341 419 241 175 158 108 95 0 0 0 0 0 0 2275
167 571 420 338 240 180 161 103 95 0 2275
568 161 420 342 243 191 158 97 95 0 0 0 0 2275
568 158 416 339 246 195 162 96 95 0 2275
586 409 105 355 246 221 96 162 95 2275
578 412 108 361 244 210 170 96 96 0 0 0 0 0 0 2275
576 410 113 357 241 169 214 99 96 0 0 0 0 0 0 0 2275
571 404 116 362 241 167 219 99 96 0 0 2275
406 571 114 364 238 169 219 99 95 2275
405 568 359 110 243 171 227 98 94 0 0 0 0 2275
413 567 353 112 246 175 219 96 94 0 0 2275
407 573 353 119 242 173 218 96 94 0 0 0 0 0 0 2275
566 405 349 124 246 175 217 99 94 0 0 0 2275
569 400 347 122 180 243 216 103 95 0 0 0 2275
564 399 346 126 175 239 230 101 95 0 0 0 2275
567 392 347 173 124 238 235 103 96 0 0 0 0 2275
393 566 344 177 125 242 229 100 98 0 0 0 0 0 1 2275
394 560 352 177 239 124 234 100 94 0 0 0 0 0 1 0 0 0 0 0 2275
397 561 180 345 246 122 233 98 93 0 0 0 0 0 0 2275
395 562 349 179 239 119 239 99 94 0 0 0 0 0 2275
389 566 173 347 239 121 246 101 93 0 0 0 0 0 0 2275
384 560 174 246 342 123 250 101 95 0 0 0 0 0 0 0 0 0 0 2275
384 558 171 249 337 123 253 104 96 0 0 0 0 0 2275
388 549 175 244 346 124 253 103 93 0 0 0 2275
386 553 171 244 343 261 121 104 92 0 2275
382 170 555 242 342 265 122 106 91 0 0 0 0 0 0 2275
385 173 551 341 241 261 124 106 93 0 2275
382 176 546 242 339 272 122 105 91 0 0 0 0 0 2275
385 176 544 247 336 271 123 92 101 0 0 0 0 0 0 0 0 0 2275
385 170 547 250 277 327 127 91 101 0 0 2275
386 171 545 249 278 326 127 94 99 0 2275
385 544 170 251 280 328 131 92 94 0 2275
389 537 252 146 304 331 129 92 95 2275
384 538 251 159 299 330 127 93 94 0 2275
385 535 255 161 302 327 125 93 92 0 0 0 0 0 0 2275
388 530 250 167 331 302 122 92 93 0 0 0 2275
385 532 250 171 300 333 120 92 92 0 0 0 2275
380 530 173 243 297 340 122 94 96 2275
380 531 179 244 296 118 337 93 97 0 0 0 0 0 0 0 2275
527 380 173 246 297 120 341 95 96 0 0 0 2275
529 382 172 245 300 118 338 97 94 0 0 0 0 0 2275
533 378 172 242 304 340 117 96 93 0 0 0 0 2275
534 375 176 242 303 339 116 92 98 0 0 0 2275
533 380 176 241 296 342 118 97 92 2275
533 379 239 181 297 339 116 96 95 0 0 2275
536 376 184 241 297 337 117 94 93 0 0 0 2275
536 379 181 297 239 334 122 95 92 0 0 0 0 0 0 0 2275
534 380 175 301 335 241 123 95 91 0 0 0 0 0 0 2275
171 560 352 300 330 248 126 96 92 0 0 0 0 0 0 0 0 0 0 0 0 0 0 0 0 0 0 2275
164 565 299 357 341 253 123 76 97 0 0 2275
564 160 306 359 345 248 121 75 97 0 2275
571 158 303 353 347 243 79 123 98 0 0 2275
570 159 304 353 345 241 85 120 98 0 0 0 0 0 2275
566 159 297 338 360 244 89 125 97 0 0 0 0 2275
564 169 294 339 363 242 117 91 96 0 0 0 0 0 0 2275
559 170 299 341 244 359 115 92 96 0 0 0 2275
556 174 293 346 238 119 359 95 95 0 0 0 0 2275
552 170 298 348 236 123 92 360 96 0 0 0 0 0 0 0 0 2275
551 171 340 299 240 121 93 365 95 2275
550 166 349 304 238 98 93 365 112 0 0 0 2275
549 161 340 310 237 96 92 372 118 0 0 0 0 2275
551 338 128 240 336 92 91 379 120 0 0 0 0 0 0 0 0 0 0 0 2275
555 337 129 240 327 95 89 378 125 0 0 0 0 0 0 0 0 2275
554 335 128 239 335 95 89 375 125 0 0 0 0 0 0 2275
558 330 121 244 336 93 374 91 128 0 0 0 0 0 0 0 0 0 0 0 2275
553 330 128 243 93 335 376 90 127 0 0 0 0 0 0 2275
551 331 128 242 96 382 323 92 130 0 0 0 2275
552 335 129 239 381 97 316 91 135 0 0 2275
553 333 238 126 377 99 320 92 137 0 0 0 2275
553 352 129 216 380 94 94 319 138 0 0 0 0 0 0 0 2275
377 554 132 226 340 96 97 315 138 0 0 0 2275
371 557 130 225 341 95 101 316 139 0 2275
368 550 128 232 343 103 93 318 140 0 0 2275
368 549 126 239 339 95 102 316 141 0 0 0 0 0 2275
374 541 127 239 338 95 320 102 139 0 0 0 0 0 2275
372 549 236 122 338 95 317 103 143 0 0 2275
369 542 240 127 331 97 320 106 143 0 0 0 2275
369 544 235 124 97 335 321 107 143 0 2275
367 542 240 120 337 94 323 107 145 0 0 0 2275
368 546 241 121 335 94 322 105 143 0 0 0 0 0 0 0 0 0 0 0 0 0 0 2275
367 547 242 119 332 96 323 107 142 0 0 0 0 0 0 0 2275
367 548 239 117 335 94 325 107 143 0 0 2275
367 547 238 117 339 98 317 107 145 0 0 0 2275
546 368 238 341 77 100 348 108 149 2275
557 368 239 334 83 97 336 150 111 0 0 0 0 0 0 2275
555 367 238 335 95 336 97 145 107 0 0 0 2275
551 238 370 337 100 337 95 143 104 0 0 0 2275
548 237 366 336 100 344 98 142 104 0 0 0 2275
546 241 334 363 101 337 101 145 107 0 2275
549 239 331 364 337 103 101 146 105 0 0 0 0 0 0 2275
546 329 240 363 340 104 103 144 106 2275
544 328 239 364 342 105 142 105 106 0 0 0 0 0 0 0 0 0 0 0 0 0 0 0 0 0 2275
543 331 239 344 362 108 140 103 105 0 0 0 0 0 2275
548 333 237 346 359 105 140 103 104 0 0 0 0 2275
543 332 240 359 349 102 143 101 106 0 0 2275
540 330 241 363 349 106 142 101 103 0 0 0 0 0 0 0 0 0 0 0 0 0 0 2275
536 331 362 241 354 105 142 97 107 0 0 2275
536 332 364 238 350 144 106 99 106 0 0 0 0 2275
537 333 359 238 351 143 106 108 100 0 0 0 2275
528 333 361 237 358 141 107 108 102 0 0 2275
532 331 359 363 239 138 105 108 100 2275
536 324 363 363 244 137 104 96 108 0 0 0 0 0 0 0 2275
533 315 363 368 250 105 135 101 105 0 0 0 0 2275
529 324 367 361 244 106 139 101 104 0 0 0 0 0 2275
525 323 370 362 245 138 105 102 105 0 2275
529 325 364 369 244 103 131 102 108 0 0 0 0 0 0 0 2275
525 367 331 369 238 103 133 101 108 0 0 0 0 0 2275
526 363 328 366 242 132 106 99 113 0 0 0 0 0 0 0 0 0 2275
531 358 335 364 237 129 101 107 113 0 0 0 0 0 0 2275
535 361 329 361 134 241 99 107 108 0 0 2275
537 357 329 361 132 241 103 109 106 0 0 0 0 0 0 0 0 0 0 2275
535 361 334 358 131 238 103 106 109 0 0 2275
363 532 335 357 132 240 101 106 109 0 0 0 2275
365 326 534 354 131 245 103 108 109 0 0 0 0 2275
364 537 327 357 129 241 103 109 108 0 0 0 0 0 0 0 0 0 0 2275
355 544 328 357 130 242 100 109 110 0 0 0 0 2275
360 533 331 361 130 238 102 111 109 0 0 0 0 0 0 0 0 0 0 0 2275
356 527 366 326 136 244 102 110 108 0 0 0 0 0 0 0 0 0 0 2275
352 529 364 326 138 244 106 108 108 0 0 0 0 0 0 2275
353 529 363 137 326 244 106 110 107 0 0 0 0 0 2275
358 532 360 135 323 247 111 102 107 0 0 0 0 0 0 0 2275
534 364 358 135 316 253 105 103 107 0 0 0 0 0 0 0 2275
364 537 358 130 314 254 109 103 106 0 0 0 0 0 2275
366 536 357 129 317 255 111 105 99 0 0 0 0 0 0 0 0 0 2275
372 351 541 129 317 253 108 105 99 0 0 0 0 0 0 0 0 0 2275
379 352 539 127 254 321 109 89 105 0 0 0 2275
378 352 531 128 255 321 111 106 93 0 0 2275
381 348 530 129 252 324 107 111 93 0 2275
376 349 535 127 247 326 110 106 99 0 2275
385 537 349 122 247 322 108 106 99 0 0 0 0 0 0 0 0 0 0 2275
398 536 352 119 248 319 109 106 88 0 2275
387 537 351 248 121 320 107 107 97 0 0 2275
386 537 357 120 246 320 106 104 99 0 0 0 2275
389 535 352 122 245 105 323 104 100 0 0 0 0 2275
533 388 354 122 245 105 322 104 102 0 2275
535 358 380 123 242 107 325 103 102 0 2275
534 359 379 126 242 106 324 103 102 0 0 2275
537 356 385 122 244 322 105 104 100 2275
347 539 384 125 245 322 104 106 103 0 0 2275
350 544 381 126 240 322 108 98 106 2275
347 538 386 128 328 242 106 96 104 0 2275
353 544 378 326 129 242 104 97 102 0 0 0 0 0 2275
351 538 380 328 129 242 103 101 103 0 0 0 0 0 2275
351 537 329 375 134 242 103 101 103 0 0 2275
347 541 329 379 240 133 104 99 103 0 0 0 0 2275
351 539 327 380 241 134 98 102 103 0 0 0 0 2275
348 326 544 373 243 133 99 103 106 0 0 0 2275
355 327 540 373 240 100 133 105 102 0 0 0 0 0 2275
358 329 532 237 371 103 134 106 105 0 0 0 0 0 2275
363 327 541 237 371 101 131 102 102 0 0 0 0 0 0 0 2275
365 324 538 242 369 103 132 103 99 0 0 0 2275
361 327 537 236 103 367 134 109 101 0 0 0 0 2275
364 327 531 235 364 103 137 112 102 0 0 0 0 0 0 2275
360 333 530 376 243 82 138 111 102 0 0 0 0 0 2275
360 339 383 533 237 77 135 111 100 0 0 0 0 0 0 0 0 0 0 2275
361 340 386 238 534 76 132 108 99 0 0 1 2275
359 340 390 236 542 78 128 95 107 0 0 0 0 2275
343 360 380 234 547 79 128 95 109 0 0 0 0 2275
340 363 378 238 542 127 83 96 108 0 0 0 0 0 0 0 2275
349 365 376 229 542 126 95 83 110 0 2275
349 381 367 228 533 126 95 88 108 0 0 2275
339 376 363 234 542 125 97 91 108 0 0 2275
332 375 365 240 537 125 100 108 93 0 0 0 0 2275
338 370 365 236 538 126 111 99 92 0 2275
340 371 359 234 538 127 113 102 91 0 0 0 0 0 0 0 0 2275
339 373 360 234 536 124 113 95 101 0 2275
336 368 237 363 536 129 112 93 101 0 2275
331 371 243 360 538 127 114 92 99 2275
339 237 373 360 532 129 113 95 97 0 0 0 0 0 0 0 0 0 2275
336 238 380 360 532 111 130 93 95 0 0 2275
337 237 387 360 528 113 129 94 90 0 0 0 2275
330 389 240 361 526 112 129 95 93 0 0 0 0 0 0 0 0 0 0 0 0 2275
325 244 386 367 523 115 128 95 92 0 0 0 0 0 0 2275
327 239 382 367 530 115 127 95 93 0 0 0 0 0 0 0 0 2275
327 240 391 370 519 126 116 94 92 0 0 2275
233 337 399 367 520 122 112 95 90 0 0 0 0 2275
236 334 399 370 519 124 94 107 92 0 0 0 0 2275
240 330 396 370 523 125 107 94 90 0 0 2275
241 327 399 369 520 104 129 95 91 2275
241 329 388 367 523 107 132 96 92 0 0 2275
243 325 391 525 368 110 125 93 95 2275
241 387 331 520 369 111 125 95 96 2275
242 331 396 516 363 111 128 92 96 2275
330 243 391 514 367 113 129 92 96 0 0 0 0 0 0 2275
326 392 245 518 365 112 128 92 97 0 2275
327 391 241 517 369 130 116 90 94 2275
336 389 236 517 369 126 117 90 95 0 0 0 0 2275
335 390 237 513 370 126 118 96 90 0 0 0 2275
340 389 232 516 368 118 126 95 91 0 0 0 0 2275
340 389 232 519 365 117 125 97 91 0 0 0 0 0 0 0 0 2275
337 395 234 517 366 117 123 95 91 0 0 0 0 0 0 2275
398 332 235 520 359 117 124 97 93 0 0 0 0 0 0 0 0 2275
390 336 237 516 358 121 126 94 97 0 0 0 0 0 0 0 0 0 2275
337 386 234 519 360 116 128 94 101 0 0 0 2275
397 340 227 509 361 116 126 95 104 0 0 0 0 0 2275
391 336 232 513 118 358 125 94 108 0 0 0 0 2275
398 331 233 521 118 353 125 93 103 0 0 0 0 0 2275
397 322 239 520 121 354 128 92 102 0 0 2275
321 396 240 521 119 354 126 94 104 0 0 0 0 0 0 0 2275
333 403 237 510 355 119 121 95 102 0 0 0 0 0 2275
330 401 243 505 360 116 119 95 106 0 0 0 0 0 0 0 0 0 2275
333 405 237 501 118 360 120 95 106 0 2275
335 414 232 505 118 366 121 104 80 0 0 0 0 0 2275
413 334 233 508 121 364 120 103 79 0 0 0 0 0 0 0 2275
408 329 239 510 119 365 121 101 83 0 2275
411 235 331 508 120 363 122 101 84 0 2275
414 237 331 507 354 122 118 101 91 0 0 0 0 0 0 2275
420 332 233 505 356 116 118 103 92 0 0 0 0 2275
419 242 320 505 356 121 122 99 91 0 0 0 0 0 2275
237 363 323 357 565 118 119 102 91 0 2275
241 326 341 353 582 114 122 104 92 0 0 0 0 0 0 0 2275
238 330 329 363 582 113 105 122 93 0 0 0 0 0 0 0 0 0 0 2275
239 326 346 343 584 114 106 125 92 0 0 0 0 2275
234 334 350 347 580 112 107 119 92 0 0 0 0 0 2275
230 340 346 572 353 112 109 118 95 0 0 2275
239 332 346 567 353 115 123 105 95 0 0 0 0 2275
242 328 349 569 347 125 116 105 94 0 0 0 2275
242 328 356 558 353 113 125 105 95 0 0 0 2275
239 327 357 555 358 124 114 107 94 0 0 0 0 0 0 0 0 0 0 2275
235 333 355 544 365 126 115 94 108 0 0 0 2275
235 330 549 359 357 125 114 94 112 0 0 2275
238 325 548 360 359 128 114 94 109 0 0 0 0 0 2275
240 325 547 366 360 122 94 114 107 0 0 2275
244 322 536 369 364 124 114 93 109 0 0 2275
246 322 539 367 364 122 117 105 93 0 0 2275
336 238 530 377 361 121 113 104 95 0 0 0 0 0 0 0 2275
334 528 238 384 358 120 113 107 93 0 0 0 0 0 0 0 2275
328 520 242 364 381 122 117 107 94 0 0 0 0 0 0 0 2275
326 519 245 361 381 125 117 107 94 0 0 0 0 0 0 0 2275
323 522 245 357 387 125 116 106 94 0 0 0 0 2275
330 520 353 239 394 121 116 108 94 0 0 0 0 2275
326 520 355 243 395 116 110 115 95 0 2275
315 360 518 253 389 119 109 117 95 0 0 2275
311 379 525 255 365 122 108 95 115 0 0 0 0 0 2275
307 526 390 259 362 115 106 94 116 2275
301 530 260 390 358 114 110 96 116 0 0 0 0 0 2275
313 530 259 384 362 114 100 96 117 0 0 0 0 0 2275
306 529 388 260 363 116 108 95 110 0 2275
314 531 387 252 117 363 112 96 103 0 0 2275
318 378 530 248 119 364 115 97 106 0 0 0 0 2275
327 383 528 240 114 360 98 117 108 0 0 0 0 0 0 2275
331 383 525 238 116 363 117 98 104 0 0 0 2275
331 519 392 242 117 358 116 97 103 0 0 0 2275
325 524 387 118 243 361 116 97 104 0 0 2275
332 524 119 386 239 359 116 96 104 0 0 0 0 0 0 2275
326 517 381 122 246 361 122 96 104 0 2275
327 520 383 117 249 362 119 96 102 0 0 0 0 0 0 0 2275
323 519 386 118 248 359 120 97 105 0 0 0 0 0 0 2275
327 528 386 115 240 117 357 97 108 0 0 0 0 0 0 2275
331 523 382 116 240 118 361 97 107 0 0 0 2275
339 520 379 232 117 119 363 99 107 0 0 0 0 0 2275
333 518 380 236 122 120 98 362 106 0 2275
333 382 520 235 120 121 98 359 107 0 0 0 0 2275
336 384 516 234 120 118 98 362 107 0 2275
337 391 516 233 121 118 99 355 105 0 0 0 2275
336 392 516 238 123 116 101 353 100 0 0 0 2275
330 405 516 241 126 99 100 358 100 0 0 0 2275
331 397 239 519 127 101 98 364 99 0 0 0 0 0 2275
329 389 240 519 104 111 98 362 123 0 0 0 0 0 0 0 2275
327 241 389 517 103 112 97 362 127 0 2275
325 241 381 524 107 112 96 361 128 0 0 0 2275
331 241 386 514 112 106 97 359 129 0 0 0 0 0 0 0 2275
329 243 385 519 125 107 362 97 108 0 2275
330 243 388 517 129 105 357 109 97 0 0 0 0 2275
330 383 245 523 128 104 355 112 95 0 2275
328 242 386 522 127 105 357 112 96 2275
329 243 386 519 125 361 104 111 97 0 0 0 0 2275
327 245 384 127 521 358 104 111 98 0 0 2275
248 326 382 123 519 361 106 112 98 0 0 2275
245 328 382 125 363 516 105 112 99 2275
243 332 376 123 366 517 105 114 99 0 0 2275
241 335 121 382 366 514 103 112 101 0 0 0 0 0 0 0 2275
243 334 401 92 363 515 104 121 102 0 0 0 2275
241 336 386 104 368 519 121 106 94 0 0 0 0 0 0 0 0 0 2275
241 339 395 110 361 513 123 99 94 0 0 0 0 0 2275
243 336 396 364 109 515 128 86 98 2275
245 335 384 367 517 112 131 88 96 0 0 2275
238 339 366 377 522 116 132 88 97 0 0 0 0 0 0 2275
240 339 367 519 375 116 132 90 97 0 0 0 0 0 0 2275
236 344 356 383 522 119 128 93 94 0 0 0 0 0 2275
236 342 357 385 519 119 126 96 95 0 0 0 0 0 2275
335 242 355 391 519 120 124 95 94 0 0 0 0 0 0 0 0 2275
341 238 357 388 518 124 118 95 96 0 0 0 0 0 0 0 2275
339 240 361 517 394 121 116 93 94 0 0 0 0 0 0 2275
337 238 359 520 393 118 119 96 95 0 0 0 2275
240 339 359 516 394 117 120 96 94 0 0 2275
237 343 356 513 391 118 123 97 97 0 2275
232 354 348 513 401 119 95 120 93 0 0 2275
233 351 348 516 396 118 98 126 89 0 2275
351 235 350 515 394 116 99 122 93 0 0 2275
350 238 346 517 393 119 102 90 120 0 0 0 2275
350 241 340 519 391 118 99 95 122 0 2275
234 349 346 519 393 114 100 96 124 0 0 0 0 0 0 0 2275
233 350 347 520 391 118 97 126 93 0 0 0 0 0 0 2275
232 351 348 512 404 116 123 96 93 0 0 2275
236 353 512 348 401 114 124 95 92 0 0 2275
230 353 515 352 407 122 111 93 92 0 0 0 0 0 2275
236 354 342 516 407 123 112 91 94 0 0 0 0 0 0 0 2275
236 354 339 516 409 123 110 92 96 0 0 2275
235 361 338 410 521 124 109 98 79 0 0 0 2275
235 358 340 407 524 119 112 97 83 0 0 2275
232 357 340 409 524 119 109 98 87 0 2275
359 230 343 405 522 125 110 92 89 0 0 0 0 0 0 0 0 2275
355 228 346 518 410 127 109 93 89 0 0 0 0 0 0 0 2275
231 360 341 519 424 126 108 66 100 0 0 0 0 0 0 0 2275
