2.5428
2.5428
2.43329
1.81681
2.17487
2.17487
1.21224
1.21224
2.99889
2.53349
2.53349
2.53349
2.53349
2.53349
2.88619
2.88619
2.88619
2.88619
2.67909
1.63135
1.01278
2.48691
2.65952
2.65952
3.4609
2.12435
2.12435
2.12435
2.12435
2.12435
2.12435
1.45648
1.45648
1.45648
1.45648
1.45648
1.45648
1.45648
1.45648
1.86616
1.86616
2.4927
2.4927
2.0492
2.0492
2.4513
2.4513
1.92571
1.92571
1.92571
1.92571
1.92571
1.92571
1.92571
2.31093
2.67655
2.27232
2.27232
1.50449
1.50449
1.50449
1.50449
1.90174
1.90174
1.90174
1.90174
1.90174
1.90174
1.90174
1.90174
1.83176
1.37116
1.37116
1.37116
1.37116
1.37116
1.37116
1.37116
1.37116
1.37116
1.37116
1.37116
1.37116
1.59285
1.59285
1.59285
1.59285
1.62744
1.62744
1.62744
1.62744
1.69434
1.69434
1.72186
1.72186
1.72186
1.72186
1.72186
1.72186
1.72186
1.35258
1.35258
1.35258
1.35258
1.35258
1.46403
1.46403
1.46456
0.839801
1.24735
1.24735
1.28493
1.28493
1.44149
0.537325
0.537325
1.89968
1.89968
1.89968
1.76678
0.853556
0.853556
0.828499
0.971526
0.971526
0.971526
0.971526
0.971526
1.13116
1.09618
1.09618
1.32171
1.32171
1.20048
0.759723
0.759723
1.56737
1.0172
1.75078
1.75078
1.13681
1.18064
1.18306
1.18306
1.18306
1.18306
1.18306
1.18306
0.843247
1.43249
1.43249
1.43249
1.43249
1.43249
1.17806
1.17806
1.17806
1.5685
1.26421
1.0048
1.0048
1.0048
1.55563
1.55563
1.55563
1.55563
1.55563
1.55563
1.55563
1.55563
1.08247
1.08247
1.08247
1.08247
1.08247
1.7295
1.7295
1.7295
0.949435
1.47369
1.47369
0.87682
1.24332
1.24332
1.24332
1.24332
1.24332
1.24332
1.24332
1.24332
1.24332
0.871914
1.66688
1.66688
1.66688
1.66688
1.66688
1.7284
1.7284
1.7284
1.7284
1.7284
1.7284
1.7284
1.46578
1.46578
1.46578
1.46578
1.77607
0.85578
0.85578
1.1552
1.1552
0.877429
0.877429
0.877429
0.877429
1.26399
1.26399
1.24024
1.24024
0.418418
0.418418
0.806556
0.97962
0.97962
1.0406
0.824733
1.48315
1.48315
1.48315
1.93309
1.93309
1.56564
1.56564
1.56564
1.59437
1.59437
1.60985
1.60985
1.60985
1.60985
1.60985
1.02142
1.06496
1.7509
1.7509
0.601784
0.601784
1.15521
0.786521
0.786521
1.99139
2.33134
2.33134
2.07809
1.61049
1.61049
1.61049
1.01803
1.01803
1.01803
0.914054
0.914054
0.47266
1.00715
1.00715
1.00715
0.558101
1.33051
1.33051
1.69407
1.69407
1.69407
1.69407
1.84306
1.33253
1.46326
1.46326
1.46326
1.46326
1.46326
1.14944
1.14944
0.945915
0.945915
0.470561
0.470561
1.3829
1.3829
1.7618
1.26393
1.26393
1.26393
1.26393
1.35974
1.35974
1.35974
0.874493
0.874493
0.874493
0.874493
0.874493
1.52274
1.50632
1.50632
1.50632
1.43235
1.43235
1.43235
0.628861
0.552943
2.28256
2.28256
0.904407
0.904407
1.2965
1.77484
1.77484
1.77484
1.26376
0.638991
0.638991
0.638991
1.96219
1.96219
0.734608
0.734608
1.20811
1.20811
1.20811
1.20811
1.20811
1.20811
1.20811
1.20811
0.90154
0.90154
0.90154
0.90154
2.06454
2.18359
2.18359
2.18359
2.18359
2.18359
1.51977
1.16682
1.16682
0.723745
2.39565
1.84444
1.84444
0.845979
0.845979
1.01344
1.01344
1.01344
1.01344
1.02273
1.02273
1.02273
1.16742
1.16742
1.16742
1.16742
1.16742
1.16742
1.16742
1.09324
1.5939
1.22138
1.35993
1.01322
1.01322
1.01322
1.88149
2.28437
2.28437
0.671264
0.588792
0.588792
0.588792
0.588792
0.588792
0.908032
0.908032
1.61427
1.61617
1.61617
1.75856
1.79254
1.79254
1.79254
1.79254
1.79254
1.79254
1.79254
1.86029
1.86029
1.86029
1.08089
1.08089
1.08089
1.14652
1.14652
0.749052
1.19095
1.19095
1.19095
1.19095
1.19095
1.19095
1.52858
0.989902
0.989902
0.989902
0.989902
1.308
1.49406
1.49406
2.03861
1.45359
1.45359
1.45359
1.45359
1.40424
1.38729
1.38729
1.7665
1.7665
1.7665
1.7665
2.00743
1.30148
1.67096
0.903999
1.27352
1.27352
1.27352
1.27352
2.03148
1.36754
1.36754
1.36754
1.69694
1.69694
1.79541
0.98911
0.98911
0.958459
0.83994
0.83994
0.83994
0.83994
0.928731
1.04952
1.04952
1.04952
0.814477
0.814477
1.08919
1.08919
0.76057
0.76057
1.94628
1.13884
1.13884
1.21688
1.21688
1.21688
1.77471
1.77471
1.27219
1.78661
0.914492
0.914492
1.72809
1.02263
0.944837
1.93718
1.93718
1.93718
1.30188
1.37774
1.37774
1.37774
1.19859
1.19859
1.19859
1.88294
1.88294
1.88294
1.88294
1.12681
1.12681
1.48773
1.48773
0.884897
1.06227
1.01715
1.01715
1.01715
1.58171
1.58171
0.916752
0.916752
1.33555
1.33555
1.33555
1.37981
1.37981
1.37981
1.37981
1.37981
1.37981
1.37981
1.37981
1.57729
1.18856
1.18856
1.18856
1.01185
1.01185
1.01185
1.01185
1.01185
1.50789
1.26428
1.26428
0.587083
0.587083
0.587083
1.84036
1.07237
1.79221
1.89058
1.89058
1.89058
1.43363
2.11545
2.11545
1.90441
1.57721
1.57721
1.57721
1.57721
1.57721
1.57721
0.789296
0.789296
2.02353
1.3287
1.3287
1.20059
1.20059
1.20059
1.20059
1.20059
1.20059
1.20059
1.20059
1.20059
1.20059
0.91563
0.91563
0.91563
0.950894
1.60114
1.60114
1.11335
1.18178
1.18178
1.02087
1.02087
1.02087
0.630407
0.630407
0.630407
0.636683
0.628491
1.54935
1.71114
1.99171
1.99171
1.99171
1.98359
2.06067
2.06067
1.43452
1.43452
1.97418
1.77274
1.90237
1.65105
1.18207
1.18207
1.18207
1.40023
0.741804
0.836989
1.28097
1.28097
1.28097
1.28097
1.28097
1.57812
0.794362
1.25056
1.9502
1.9502
1.9502
1.9502
1.26485
1.26485
1.26485
1.50244
1.65971
1.65971
1.43816
1.1636
1.1636
0.516412
0.965341
0.938429
0.938429
0.954634
0.954634
1.02244
2.00389
0.951776
0.951776
1.55362
1.40864
1.40864
1.40864
1.40864
1.40864
1.25528
1.25528
1.0027
1.0027
1.52458
1.52458
1.52458
1.40291
1.40291
1.40291
1.40291
1.40291
1.39946
1.69599
1.69599
1.69599
0.514887
0.481384
0.514159
0.514159
1.19284
1.40812
1.58084
1.39212
1.39212
1.62193
0.787928
0.787928
0.787928
0.752589
0.752589
0.752589
0.662394
0.662394
1.33568
1.57942
1.57182
1.57182
1.57182
1.88101
1.88101
1.88101
1.88101
1.69914
1.69914
1.69914
1.69914
1.69914
1.69914
1.69914
1.69914
1.89167
1.89167
1.89167
1.74496
0.9297
0.9297
1.16084
1.16084
1.16084
1.16084
1.16084
1.16084
1.16084
1.16084
1.16084
1.16084
1.7828
1.7828
0.860573
0.860573
0.860573
0.860573
1.49559
1.49559
1.2462
2.41949
1.90988
1.22215
1.01025
1.01025
1.01025
1.01025
1.01025
1.01025
1.01025
1.21093
1.21093
1.57501
1.57501
1.40612
0.947341
0.947341
0.976814
0.976814
0.976814
0.976814
1.52097
1.31117
1.9559
1.1408
1.1408
1.1408
1.90282
0.881311
1.05875
1.05875
1.05875
1.05875
1.50089
1.40966
1.42399
1.42399
1.42399
1.42399
1.42399
1.02582
1.66421
1.66421
1.66421
1.66421
1.66421
1.75413
1.75413
1.50729
1.50729
1.50729
1.50729
1.50729
1.50729
1.50729
1.50729
1.50729
2.68105
2.68105
2.68105
2.68105
1.65843
1.65843
1.65843
0.781385
0.781385
1.04837
1.22555
1.22555
1.22555
1.22555
1.22555
1.22555
1.22555
1.22555
1.22555
1.10192
1.10192
1.1159
1.1159
1.1159
1.1
1.39765
1.15021
1.23755
1.23755
1.23755
1.23755
1.23755
1.66442
1.66442
1.80732
1.05392
1.05392
1.05392
1.05392
1.60625
2.38082
2.89542
2.89542
2.44534
2.03538
1.552
1.552
1.552
1.34426
1.34426
1.34426
1.28157
1.28157
1.54941
0.964569
1.67519
1.67519
1.67519
2.24444
2.24444
1.98128
1.23611
1.64401
1.33925
1.34454
1.34454
1.34454
1.34454
1.34454
1.75694
1.24284
1.38768
1.38768
1.38768
1.38768
1.74215
1.4187
1.48491
1.52739
1.52739
1.52739
1.52739
1.52739
1.52739
1.52739
1.52739
1.3642
0.714468
1.44883
1.44883
1.44883
1.16455
1.05227
1.05227
1.05227
0.910197
0.910197
0.910197
0.910197
0.910197
1.87658
1.87658
1.87658
1.77613
1.77613
1.77613
1.06094
1.55007
1.55007
1.55007
1.55007
1.55007
1.55007
1.55007
1.22143
1.93943
1.93943
1.93943
1.93943
1.90568
1.97777
2.25353
2.1493
1.16793
0.823077
0.786632
0.786632
0.548667
0.548667
0.548667
1.61585
1.45403
0.814716
0.874855
1.25917
1.25917
1.45223
1.0838
1.3845
1.13697
1.13697
2.00406
1.67513
1.67513
1.67513
1.67513
1.70566
1.70566
1.70566
0.77802
0.77802
1.45357
1.45357
1.45357
1.45357
1.14286
1.14286
1.42859
1.61081
2.38546
2.38546
2.38546
2.38546
2.38546
1.07149
0.932905
1.29135
1.06575
1.06575
2.18086
2.18086
1.36483
1.36483
1.36483
1.36483
1.36483
1.36483
1.36483
1.36483
1.36483
1.36483
1.51327
1.51327
1.19465
1.48877
1.48877
0.895599
0.895599
2.19296
1.98467
1.84697
2.29916
2.29916
1.42167
0.823142
0.823142
1.22787
1.22787
1.28484
1.28484
1.28484
0.789038
0.909853
0.558432
1.56082
2.00579
0.940992
1.22842
1.22842
1.22842
1.59532
1.53984
1.53984
1.53984
1.53984
1.26809
1.26809
1.26809
1.26809
1.04145
1.04145
1.04145
1.18477
1.14593
1.14593
1.14593
1.54918
1.54918
1.54918
