0.564356 2.95836
0.512 2.58658
0.52 2.83884
0.491429 2.6079
0.48 2.53677
0.457778 2.27188
0.46 2.33392
0.443636 2.10022
0.443333 2.10022
0.44 2.04774
0.44 2.04774
0.44 2.04774
0.4475 2.18505
0.444706 2.1411
0.442222 2.09881
0.442105 2.09881
0.44 2.05943
0.430476 1.869
0.430909 1.869
0.433043 1.90478
0.433333 1.90478
0.4352 1.93855
0.433846 1.90568
0.437037 1.9697
0.434286 1.90729
0.430345 1.81595
0.422667 1.63757
0.416774 1.49231
0.41375 1.40709
0.410909 1.32369
0.410588 1.29648
0.406857 1.18982
0.406667 1.16369
0.406486 1.13806
0.404211 1.06261
0.403077 1.01324
0.406 1.06173
0.402927 0.966444
0.405714 1.01327
0.412093 1.15141
0.411818 1.12876
