403 242 551 911 168 0 2275
398 555 246 907 169 0 0 2275
403 553 248 900 171 2275
406 545 906 248 170 0 2275
544 403 906 246 176 0 0 2275
542 909 411 239 174 0 2275
547 909 233 411 175 0 0 0 2275
902 552 245 411 165 0 0 2275
895 558 247 409 166 2275
548 898 250 417 162 0 0 2275
901 548 249 409 168 2275
910 538 411 243 173 0 0 0 0 0 0 0 2275
918 535 407 174 241 0 0 0 0 0 2275
920 406 535 171 243 2275
922 409 535 238 171 0 0 2275
918 409 542 235 171 0 2275
923 407 538 240 167 0 0 2275
920 408 537 240 170 0 0 0 0 2275
910 402 546 245 172 2275
918 409 530 247 171 0 0 0 0 2275
910 415 543 162 245 0 2275
918 536 412 161 248 0 2275
913 543 160 414 245 0 0 2275
539 911 164 412 249 2275
914 533 166 412 250 2275
534 913 166 404 258 0 0 0 0 2275
917 538 165 403 252 0 2275
916 167 541 402 249 2275
922 172 538 399 244 2275
172 924 534 401 243 0 1 2275
173 928 407 529 237 0 1 0 2275
176 927 404 530 237 0 1 0 2275
177 401 927 535 235 0 0 0 0 2275
174 405 916 540 240 0 0 0 0 2275
408 172 914 536 245 0 2275
410 913 171 538 243 0 2275
406 916 534 173 246 2275
914 405 538 175 243 2275
406 906 545 174 244 2275
411 541 909 172 242 2275
416 914 533 173 239 0 0 2275
411 922 530 237 175 0 2275
914 416 533 238 174 2275
902 540 413 238 182 2275
905 545 235 414 176 0 0 0 0 2275
911 540 232 411 181 2275
909 544 235 407 180 0 2275
909 237 543 404 182 0 0 2275
907 542 238 408 180 0 2275
914 233 534 409 185 0 0 0 0 2275
234 897 543 416 185 0 0 0 2275
898 240 548 408 181 2275
910 235 542 406 182 0 0 0 0 0 2275
919 241 532 405 178 0 0 2275
918 536 243 403 175 2275
918 534 246 404 173 0 2275
916 533 246 173 407 0 2275
913 244 534 177 407 2275
906 242 542 405 180 0 0 2275
903 245 544 403 180 2275
897 253 405 539 181 2275
904 251 539 401 180 0 2275
906 538 237 406 188 0 2275
915 527 233 413 187 2275
909 528 245 414 179 2275
908 539 407 244 177 0 2275
913 404 538 243 177 0 0 2275
916 405 535 238 181 0 0 2275
920 404 531 232 188 0 2275
925 404 523 242 181 0 0 0 0 0 0 2275
415 925 517 245 173 0 0 0 0 0 0 0 2275
405 514 931 248 177 0 0 2275
510 407 931 254 173 0 0 0 2275
412 511 927 255 170 0 0 2275
409 517 912 260 177 0 0 0 0 2275
406 911 527 254 177 2275
408 905 261 531 170 2275
404 917 262 525 167 2275
405 910 526 263 171 2275
405 905 532 264 169 2275
902 398 538 266 171 0 2275
901 399 534 272 169 2275
906 533 396 267 173 0 2275
534 907 398 264 172 2275
541 902 395 262 175 2275
544 390 904 261 176 0 0 0 0 0 2275
535 390 907 261 182 0 0 2275
532 391 913 262 177 0 0 0 0 2275
399 528 912 265 171 0 0 0 2275
397 910 525 267 176 0 0 2275
401 910 530 264 170 2275
400 906 530 269 170 2275
905 393 535 270 172 0 0 2275
902 534 394 274 171 2275
527 900 401 270 177 0 0 0 0 2275
911 524 399 271 170 0 2275
909 399 517 276 174 0 0 2275
894 399 277 532 173 0 0 2275
899 405 275 524 172 0 0 2275
888 281 402 528 176 2275
884 403 284 525 179 2275
877 281 397 536 184 0 0 0 2275
892 270 403 527 183 0 0 2275
889 407 270 527 182 2275
893 402 527 266 187 0 0 0 2275
898 399 268 521 189 0 0 2275
894 274 399 519 189 2275
891 285 404 513 182 2275
885 412 285 509 184 0 0 2275
894 395 290 511 185 0 0 0 0 2275
884 398 511 294 188 0 2275
892 512 395 286 190 2275
886 522 399 284 184 2275
889 399 520 279 188 0 0 2275
897 392 521 274 191 0 2275
884 521 399 283 188 0 0 2275
515 891 401 280 188 2275
520 397 879 291 188 0 0 0 0 0 0 0 2275
519 395 286 886 189 2275
521 401 885 279 189 2275
529 394 873 286 193 0 0 2275
529 394 885 277 190 0 0 2275
525 395 887 191 277 0 0 0 2275
531 400 884 272 188 2275
394 538 884 281 178 0 0 2275
396 538 885 280 176 2275
396 535 885 177 282 0 0 0 0 0 0 0 0 0 0 0 2275
396 534 886 178 281 0 0 2275
397 531 882 286 179 0 0 0 2275
525 399 886 291 174 0 0 0 2275
534 395 884 284 178 2275
396 531 889 281 178 0 0 0 0 0 2275
397 519 894 285 180 2275
393 518 900 286 178 2275
517 392 902 285 179 2275
518 898 394 288 177 2275
903 518 393 290 171 0 0 0 0 0 0 0 2275
517 904 402 279 172 1 2275
513 911 398 276 177 0 2275
907 514 398 276 180 0 0 2275
893 406 520 281 175 0 2275
892 528 401 279 175 2275
518 897 401 279 180 0 2275
512 411 895 282 175 0 0 2275
511 405 897 177 285 2275
517 402 892 172 292 0 0 2275
516 404 887 291 177 2275
511 893 403 286 182 2275
515 895 395 285 185 0 0 2275
519 897 395 286 178 2275
900 514 405 273 183 0 2275
511 912 408 264 180 0 2275
510 906 275 403 181 0 2275
508 911 276 176 404 0 0 0 0 0 2275
902 516 278 180 399 0 0 2275
900 521 276 397 181 0 0 2275
894 524 276 398 183 0 0 0 2275
889 528 282 182 394 0 2275
892 521 185 284 393 0 0 0 0 0 2275
510 895 188 286 396 2275
515 898 187 396 279 0 0 0 0 2275
907 510 183 404 271 0 2275
912 505 186 402 270 2275
910 520 181 398 266 0 0 0 0 0 2275
910 518 399 175 273 0 0 0 0 2275
907 518 397 274 179 0 0 2275
914 512 275 393 181 0 2275
905 518 275 396 181 2275
899 518 403 277 178 0 0 0 0 2275
903 517 398 178 279 0 0 0 2275
902 520 401 277 175 0 2275
897 526 278 400 174 0 0 0 0 2275
520 895 282 398 180 0 0 0 2275
526 895 282 179 393 0 0 0 0 2275
520 902 277 397 179 0 0 0 0 0 2275
523 898 394 276 184 2275
900 518 398 272 187 2275
904 400 512 272 187 2275
902 399 514 188 272 0 2275
900 408 509 186 272 2275
898 507 406 187 277 2275
892 517 401 279 186 2275
516 893 396 284 186 2275
521 394 888 283 189 0 0 2275
518 399 885 285 188 2275
525 394 878 293 185 0 2275
388 515 886 296 190 0 2275
390 876 531 290 188 0 2275
387 892 524 285 187 0 0 2275
393 530 887 281 184 0 2275
532 389 888 285 181 2275
533 383 890 288 181 0 0 0 2275
387 525 898 288 177 2275
390 896 526 285 178 0 0 2275
899 390 527 288 171 0 2275
897 389 529 290 170 2275
893 529 392 289 172 0 0 0 2275
883 399 522 291 180 0 0 0 0 0 0 0 2275
888 401 523 283 180 0 0 0 0 0 2275
882 531 397 284 181 2275
890 529 400 279 177 0 2275
893 529 401 173 279 0 0 0 2275
885 533 175 396 286 2275
895 531 392 174 283 0 0 2275
896 533 396 279 171 0 0 2275
885 537 401 280 172 0 2275
891 530 403 276 175 0 0 0 0 2275
890 527 280 401 177 0 2275
897 274 522 404 178 0 0 0 0 0 2275
906 273 400 518 178 0 0 2275
914 277 507 400 177 0 0 2275
922 274 401 498 180 0 0 2275
921 275 398 504 177 0 2275
918 279 504 397 177 2275
914 505 275 401 180 0 0 0 0 0 2275
906 509 279 400 181 0 0 2275
903 505 285 398 184 0 0 0 0 0 0 2275
891 515 290 183 396 2275
898 288 511 179 399 0 0 0 0 2275
895 289 512 395 184 0 0 0 0 2275
892 284 518 396 185 2275
280 903 504 399 189 0 0 2275
288 499 898 397 193 0 0 2275
510 289 882 400 194 0 0 0 2275
508 295 894 397 181 0 0 0 0 0 0 0 0 0 2275
505 894 292 401 183 0 0 0 0 0 0 0 0 2275
508 894 287 400 186 0 0 0 2275
887 502 291 406 189 0 0 2275
889 510 290 400 186 0 2275
884 294 506 399 192 0 0 2275
878 512 289 409 187 0 2275
879 510 407 291 188 2275
880 506 403 297 189 0 0 2275
879 504 404 297 191 2275
883 503 408 185 296 0 0 0 2275
507 887 406 188 287 0 0 0 0 0 2275
512 407 882 192 282 0 0 2275
512 883 404 190 286 0 2275
513 881 399 187 295 2275
876 514 406 187 292 0 0 0 2275
877 410 515 188 285 0 2275
411 880 511 197 276 0 0 2275
409 879 514 199 274 0 2275
886 411 507 200 271 0 0 2275
889 506 408 197 275 2275
886 513 405 199 272 2275
898 509 401 199 268 0 2275
893 398 512 199 273 0 0 0 0 2275
896 404 194 507 274 2275
892 407 506 190 280 0 0 0 2275
883 406 510 192 284 0 0 0 0 0 0 0 2275
881 408 510 194 282 2275
887 406 504 197 281 0 2275
886 405 509 191 284 0 0 0 0 2275
883 405 511 187 289 2275
891 398 514 290 182 2275
899 403 505 282 186 0 0 2275
906 394 505 281 189 0 2275
897 391 516 191 280 2275
900 395 510 280 190 2275
894 513 387 287 194 2275
893 514 385 293 190 2275
890 519 384 194 288 2275
895 517 382 289 192 2275
894 519 388 283 191 0 0 0 0 2275
520 896 384 288 187 0 0 0 0 2275
520 889 295 386 185 2275
523 897 288 382 185 0 0 2275
893 521 290 381 190 0 2275
894 516 384 296 185 2275
894 521 383 297 180 2275
893 389 516 290 187 2275
889 386 518 292 190 2275
889 384 518 296 188 2275
895 385 289 513 193 0 2275
897 383 510 292 193 0 0 2275
386 894 513 292 190 0 2275
384 896 504 299 192 0 0 0 2275
886 383 514 298 194 2275
383 890 519 297 186 2275
385 889 522 291 188 0 0 0 2275
890 378 530 289 188 0 2275
895 373 525 290 192 0 0 0 2275
890 537 376 285 187 2275
893 382 523 288 189 2275
898 384 513 293 187 2275
893 380 522 297 183 2275
886 384 522 295 188 2275
881 381 529 292 192 2275
890 529 372 291 193 2275
895 379 523 289 189 0 0 2275
907 376 515 285 192 2275
910 518 377 276 194 2275
907 519 381 280 188 0 2275
907 517 381 279 191 2275
901 515 384 279 196 0 0 0 2275
892 520 388 287 188 0 0 0 0 0 0 2275
891 521 392 188 283 0 0 2275
887 521 394 281 192 0 0 2275
877 520 401 192 285 0 0 0 0 0 0 0 0 0 0 2275
881 517 401 190 286 0 0 0 0 0 0 0 2275
522 884 390 194 284 0 1 0 2275
512 399 889 190 284 0 0 0 0 1 2275
513 398 884 192 287 0 0 0 1 0 2275
507 401 886 195 285 0 0 0 1 2275
409 504 889 193 279 0 0 0 1 2275
406 508 889 279 192 0 0 0 1 0 0 0 0 2275
407 507 887 282 191 0 0 0 1 2275
409 879 512 283 191 0 0 0 1 2275
410 518 879 278 189 0 0 0 1 2275
407 523 872 282 190 0 0 0 1 2275
405 519 877 283 191 0 0 0 0 2275
404 507 884 284 196 0 0 2275
402 512 878 289 194 2275
403 511 880 288 193 0 0 0 0 0 2275
404 510 881 290 190 0 0 0 0 0 2275
409 515 289 875 187 0 0 2275
411 515 874 287 188 0 2275
511 409 871 294 190 2275
516 408 877 292 182 2275
409 510 886 288 182 0 0 2275
401 514 288 883 189 0 0 0 0 0 2275
407 512 286 882 188 0 0 0 2275
407 280 518 885 185 2275
413 283 510 886 183 0 0 0 0 0 2275
414 280 884 509 188 2275
407 290 881 514 183 0 0 0 0 0 0 2275
289 408 888 509 181 0 0 0 0 0 2275
289 400 895 510 181 2275
286 902 405 505 177 2275
285 896 402 512 180 0 0 0 2275
884 290 400 521 180 0 0 0 0 2275
882 405 282 527 179 0 2275
884 407 525 275 184 0 0 0 2275
402 887 526 278 182 0 0 0 0 2275
397 886 530 276 186 2275
397 521 892 276 189 0 0 0 0 0 0 0 0 0 0 2275
405 515 893 272 190 0 2275
399 519 892 186 279 0 0 0 2275
402 898 509 189 277 0 0 2275
901 405 508 190 271 0 2275
896 405 515 188 271 2275
904 410 511 271 179 0 0 0 0 0 0 0 2275
908 407 508 267 185 0 0 2275
902 523 401 266 183 0 2275
900 524 401 273 177 0 2275
909 523 275 395 173 0 0 0 0 0 2275
910 528 269 395 173 0 2275
913 521 267 400 174 2275
906 527 269 403 170 2275
897 525 272 407 174 0 2275
904 271 514 416 170 0 0 0 0 0 2275
913 272 412 504 174 2275
914 271 408 509 173 0 0 0 0 2275
915 272 407 510 171 0 0 0 0 0 0 2275
906 279 398 517 175 0 2275
905 275 397 519 179 2275
903 271 402 180 519 0 2275
909 399 272 175 520 2275
905 411 268 177 514 2275
900 406 267 524 178 0 2275
907 274 408 511 175 0 0 0 2275
277 899 400 517 181 0 0 1 2275
282 898 398 518 179 0 0 0 2275
891 293 397 516 178 2275
887 299 392 180 517 0 0 2275
883 391 296 177 528 0 2275
890 390 180 290 525 2275
892 384 183 528 288 2275
903 178 384 522 288 2275
900 180 520 388 287 2275
901 517 179 398 280 2275
901 518 398 179 279 0 0 2275
901 401 513 184 276 2275
898 408 515 269 185 2275
900 407 514 267 187 0 0 0 0 0 2275
894 411 516 270 184 2275
894 514 415 273 179 0 2275
876 521 418 276 184 2275
883 410 510 285 187 0 0 0 0 0 0 2275
884 513 410 285 183 0 2275
887 414 506 284 184 2275
891 415 507 184 278 2275
881 414 508 190 282 0 2275
882 414 512 184 283 0 0 0 0 0 0 0 0 0 2275
878 413 189 513 282 0 0 2275
875 416 185 281 518 0 0 0 2275
879 420 182 507 287 0 0 2275
877 187 420 507 284 0 0 2275
874 182 515 418 286 0 2275
866 508 188 421 292 2275
868 191 512 410 294 0 0 2275
882 193 503 411 286 2275
891 191 413 495 285 0 0 0 0 0 2275
898 190 411 281 495 0 0 0 0 0 0 0 0 0 2275
890 190 407 505 283 0 0 0 0 0 2275
890 406 190 506 283 2275
408 891 193 507 276 2275
409 888 193 508 277 0 2275
881 417 199 503 275 0 0 2275
873 411 509 203 279 0 0 2275
414 880 502 196 283 0 2275
875 420 503 197 280 0 2275
414 880 509 196 276 2275
417 507 875 194 282 0 0 2275
410 505 878 291 191 0 0 2275
410 873 508 293 191 0 2275
411 878 504 288 194 0 2275
406 879 506 293 191 0 0 2275
874 412 505 287 197 0 0 0 0 0 2275
878 411 505 200 281 0 0 2275
879 418 504 284 190 0 0 0 0 2275
414 883 506 285 187 0 2275
413 880 509 191 282 2275
413 881 500 195 286 2275
409 869 514 289 194 0 0 2275
416 861 523 286 189 2275
862 407 526 293 187 0 0 2275
862 408 521 296 188 2275
869 407 294 508 197 0 0 0 0 2275
878 292 404 506 195 0 2275
885 281 509 407 193 2275
886 276 507 411 195 0 0 0 0 0 2275
879 277 519 408 192 0 2275
875 278 515 414 193 0 0 0 0 0 0 0 0 2275
885 513 276 413 188 0 0 2275
888 512 406 279 190 0 0 0 0 2275
878 521 404 275 197 0 0 0 2275
516 889 400 278 192 0 0 0 2275
513 889 400 283 190 0 0 2275
519 882 396 287 191 2275
522 876 390 297 190 0 2275
872 521 392 298 192 0 2275
514 869 394 305 193 2275
518 865 393 301 198 0 2275
510 868 402 198 297 0 2275
513 878 398 288 198 0 0 2275
514 877 401 288 195 0 0 0 2275
519 879 397 282 198 0 0 2275
882 511 396 287 199 0 0 2275
511 883 392 291 198 2275
512 883 397 288 195 0 0 0 2275
516 881 281 402 195 0 0 0 0 2275
869 520 293 397 196 2275
522 872 287 402 192 0 2275
520 877 286 402 190 0 2275
519 884 287 186 399 0 0 2275
518 884 282 194 397 0 0 0 2275
883 516 284 192 400 2275
515 884 277 195 404 0 0 2275
514 884 279 194 404 0 2275
520 883 191 276 405 0 2275
522 884 187 398 284 0 0 2275
531 872 396 183 293 0 2275
523 879 183 402 288 2275
883 522 191 401 278 0 0 0 0 0 2275
879 525 186 409 276 0 2275
883 516 187 281 408 2275
897 514 277 187 400 0 0 2275
907 266 511 187 404 0 0 0 0 0 2275
905 265 514 188 403 0 0 0 0 2275
912 264 190 508 401 2275
906 270 187 512 400 0 2275
899 189 276 513 398 2275
887 184 524 277 403 2275
899 180 278 511 407 0 2275
912 178 490 282 413 2275
924 472 176 290 413 2275
932 461 180 421 281 0 0 0 0 2275
926 465 420 177 287 0 0 0 0 0 2275
925 417 470 182 281 0 0 0 2275
926 468 418 180 283 0 2275
917 474 417 286 181 2275
476 911 418 288 181 0 0 1 0 0 0 0 0 2275
477 914 417 287 180 0 0 0 2275
485 904 414 293 179 0 0 0 2275
483 905 420 289 178 0 0 0 2275
496 890 422 285 182 0 0 0 0 0 2275
493 894 417 290 181 0 0 0 0 0 0 0 0 0 0 0 0 0 2275
499 889 409 292 186 0 0 0 2275
505 883 291 407 189 0 2275
499 895 287 405 189 2275
504 894 284 401 192 0 2275
891 504 282 406 192 2275
880 511 288 411 185 2275
885 509 282 416 183 0 0 0 0 0 2275
884 282 508 414 187 0 0 2275
881 509 287 412 186 0 2275
881 288 512 411 183 2275
884 514 287 407 183 0 2275
885 290 516 405 179 0 0 0 2275
879 514 288 413 181 0 2275
512 883 288 412 180 0 2275
514 887 412 283 179 0 2275
514 888 407 282 184 0 0 0 0 2275
506 889 413 281 186 0 2275
889 499 427 276 184 0 0 2275
888 506 421 180 280 0 0 0 0 2275
889 508 181 416 281 0 0 0 0 2275
887 508 183 416 281 0 0 0 0 2275
511 886 183 414 281 2275
507 884 187 279 418 0 0 0 0 2275
503 895 187 274 416 0 2275
505 900 179 277 414 0 0 0 2275
900 502 186 278 409 2275
897 501 183 413 281 2275
896 508 185 409 277 0 2275
897 500 191 410 277 0 0 0 0 2275
504 895 196 408 272 0 0 0 0 0 2275
503 892 199 412 269 0 0 0 2275
886 516 192 410 271 0 2275
890 512 194 408 271 0 0 2275
880 515 194 410 276 0 0 0 2275
883 518 185 407 282 0 0 2275
881 519 184 408 283 0 0 2275
880 182 523 405 285 0 2275
177 882 520 404 292 0 2275
176 880 527 400 292 0 0 2275
176 518 890 405 286 0 0 0 0 0 2275
179 512 887 410 287 0 0 0 0 2275
179 509 893 412 282 0 2275
185 516 408 888 278 0 2275
182 514 894 411 274 2275
523 185 888 406 273 0 2275
519 182 888 406 280 0 2275
512 886 183 414 280 2275
511 896 407 179 282 2275
514 894 409 181 277 2275
897 512 405 190 271 0 2275
890 509 406 197 273 0 0 0 0 2275
897 514 402 187 275 0 0 2275
896 508 406 186 279 2275
894 511 406 189 275 0 2275
891 508 409 277 190 0 2275
501 891 406 288 189 0 0 2275
903 504 402 282 184 2275
900 500 291 406 178 0 2275
895 506 404 291 179 0 0 2275
901 506 407 178 283 0 0 2275
896 511 414 274 180 0 2275
890 418 507 276 184 0 2275
888 413 511 279 184 0 2275
892 508 408 282 185 0 2275
890 409 509 283 184 0 2275
890 406 511 283 185 2275
884 408 516 283 184 2275
887 518 402 279 189 0 2275
880 525 404 281 185 0 0 2275
876 516 406 293 184 2275
517 880 408 281 189 2275
514 884 405 285 187 0 0 2275
891 510 408 283 183 2275
505 893 405 286 186 2275
512 885 285 407 186 2275
512 883 413 284 183 2275
509 889 287 414 176 2275
891 507 288 410 179 2275
894 502 292 412 175 0 0 0 2275
886 287 512 409 181 2275
893 515 284 402 181 0 0 2275
892 511 280 408 184 0 2275
507 895 288 402 183 2275
508 902 404 278 183 2275
904 507 407 273 184 0 0 0 2275
902 505 407 276 185 2275
896 511 404 281 183 0 0 2275
502 900 402 284 187 0 2275
510 893 403 280 189 2275
515 879 406 286 189 2275
516 885 398 287 189 2275
888 505 407 290 185 2275
895 508 403 283 186 0 0 0 2275
895 513 400 281 186 0 0 2275
894 518 401 281 181 2275
895 516 279 399 186 0 0 0 2275
898 525 400 268 184 2275
901 520 262 407 185 0 2275
912 511 267 399 186 0 2275
906 522 396 264 187 2275
901 516 399 271 188 2275
888 523 272 404 188 0 2275
518 894 273 404 186 2275
516 892 274 408 185 0 0 2275
518 886 409 274 188 2275
881 521 408 276 189 2275
879 518 279 409 190 0 0 2275
880 514 283 409 189 0 0 0 0 0 0 2275
876 510 282 417 190 0 0 0 2275
869 288 508 423 187 0 2275
872 509 287 420 187 0 0 2275
508 876 292 414 185 0 2275
507 879 291 414 184 0 0 0 2275
889 501 288 412 185 0 0 0 0 0 2275
886 503 284 413 189 0 0 2275
509 879 286 410 191 0 0 0 0 0 2275
503 886 285 413 188 0 2275
881 505 285 410 194 0 0 0 0 0 2275
876 507 297 406 189 0 0 0 2275
501 876 297 412 188 1 0 0 0 2275
494 876 293 422 190 0 0 2275
503 870 293 193 416 0 0 0 0 0 2275
513 865 292 411 194 0 2275
507 867 293 191 417 0 0 2275
515 871 283 195 411 0 0 0 0 2275
519 873 281 413 189 0 0 0 0 0 0 0 0 2275
520 869 290 407 189 0 0 2275
520 866 294 404 191 0 0 0 2275
529 854 408 293 191 0 0 0 0 0 0 2275
860 527 409 293 186 0 0 0 0 2275
866 523 404 286 196 2275
522 869 400 287 197 2275
508 877 412 281 197 0 0 2275
513 416 873 281 192 0 0 0 0 2275
516 414 877 190 278 0 2275
415 526 865 196 273 0 0 2275
521 408 882 188 276 0 0 0 0 0 0 2275
528 408 877 189 273 2275
523 882 405 188 277 0 2275
879 524 405 190 277 2275
522 876 410 192 275 0 2275
512 405 884 195 278 0 1 2275
518 399 876 192 290 0 0 2275
519 399 877 192 288 0 0 2275
525 396 877 285 192 0 0 2275
521 879 404 280 191 2275
525 870 406 279 195 0 0 0 2275
514 879 410 196 276 0 0 2275
515 878 408 191 283 0 2275
881 513 412 189 280 0 2275
513 880 407 193 282 2275
510 883 409 284 189 0 0 0 2275
513 877 289 412 184 0 2275
871 526 293 407 178 0 0 0 2275
867 528 404 295 181 0 0 2275
867 526 288 408 186 0 2275
861 293 536 405 180 0 0 0 0 0 2275
872 529 288 405 181 0 0 0 0 0 0 0 0 2275
528 879 283 402 183 0 0 0 0 0 0 2275
516 286 888 399 186 0 0 0 0 0 0 0 0 2275
519 288 888 398 182 0 0 0 0 0 2275
511 286 886 403 189 0 2275
288 508 886 403 190 0 0 2275
288 510 882 407 188 0 0 2275
511 283 882 406 193 0 0 2275
508 285 878 415 189 0 0 0 0 0 2275
283 508 881 414 189 0 2275
277 890 507 419 182 0 2275
883 277 508 418 189 0 2275
883 273 420 506 193 2275
879 414 283 511 188 2275
409 883 279 515 189 2275
410 887 508 282 188 0 2275
408 886 505 189 287 2275
409 506 879 194 287 2275
502 413 875 193 292 2275
413 509 867 198 288 2275
404 873 519 197 282 2275
405 880 514 282 194 0 2275
414 875 510 286 190 2275
415 505 880 289 186 0 0 0 0 0 0 2275
507 415 875 288 190 0 0 0 0 0 0 0 0 0 0 0 0 0 2275
508 415 877 288 187 0 0 0 0 2275
511 874 413 285 192 0 2275
511 876 414 189 285 0 0 0 0 2275
509 875 193 420 278 2275
506 878 417 195 279 0 2275
512 882 412 280 189 2275
518 878 412 184 283 0 0 2275
880 510 419 182 284 2275
510 877 421 182 285 0 0 2275
502 888 412 189 284 2275
510 887 194 407 277 2275
505 887 407 195 281 2275
511 881 402 196 285 2275
514 886 192 398 285 2275
523 884 402 189 277 0 2275
516 883 405 189 282 0 0 0 0 0 0 0 2275
883 517 403 186 286 0 0 2275
888 397 512 196 282 2275
882 513 397 190 293 0 2275
879 516 403 189 288 2275
877 415 512 190 281 2275
882 409 507 287 190 0 2275
410 883 505 286 191 0 0 0 0 2275
407 885 292 503 188 0 0 0 0 0 0 0 0 2275
406 886 297 499 187 0 0 0 2275
397 301 885 507 185 0 2275
399 302 880 183 511 0 0 0 2275
302 399 880 187 507 0 0 2275
303 398 187 884 503 0 2275
300 184 402 879 510 0 2275
295 187 409 876 508 2275
298 181 416 873 507 2275
296 417 182 874 506 2275
297 416 182 872 508 0 0 2275
293 413 182 877 510 0 0 2275
292 183 412 887 501 2275
186 287 413 883 506 0 2275
182 296 877 407 513 0 0 2275
187 288 881 512 407 0 0 0 0 0 0 0 2275
283 183 882 514 413 0 0 0 0 0 2275
286 184 887 511 407 0 0 2275
289 182 893 502 409 0 0 2275
179 292 884 510 410 2275
289 190 883 502 411 0 2275
188 898 268 501 420 0 2275
181 897 507 271 419 0 2275
186 505 902 270 412 2275
189 892 501 277 416 0 2275
191 904 492 274 414 2275
189 494 906 271 415 0 2275
188 495 274 906 412 2275
189 502 274 896 414 0 0 0 0 2275
182 514 898 276 405 0 2275
509 186 896 280 404 0 0 0 0 2275
509 182 895 285 404 0 0 2275
181 511 885 290 408 0 0 0 2275
188 882 515 284 406 0 2275
188 877 516 409 285 2275
187 884 516 291 397 0 0 0 2275
185 880 520 289 401 2275
885 182 518 285 405 2275
886 184 282 525 398 0 0 0 0 2275
886 279 186 524 400 2275
886 268 186 533 402 0 2275
882 187 269 533 404 0 2275
875 267 184 545 404 0 0 0 2275
878 267 188 537 405 2275
876 271 534 182 412 0 2275
272 880 532 186 405 2275
264 876 532 190 413 2275
262 534 876 195 408 2275
262 530 883 190 410 2275
265 528 885 416 181 2275
268 525 882 423 177 0 2275
525 262 892 415 181 0 2275
266 527 885 414 183 0 2275
521 270 893 415 176 0 0 2275
270 517 907 403 178 2275
508 267 917 403 180 0 2275
513 911 268 400 183 2275
915 516 262 401 181 2275
518 914 259 403 181 2275
514 260 917 408 176 2275
262 515 914 404 180 2275
259 509 922 404 181 2275
270 911 508 403 183 0 0 0 2275
272 919 504 404 176 0 2275
281 912 397 511 174 0 0 0 0 2275
281 913 396 512 173 0 0 2275
274 910 514 397 180 0 2275
909 277 511 396 182 0 2275
904 510 280 400 181 2275
908 506 275 400 186 0 2275
508 906 280 398 183 0 0 0 2275
511 902 281 182 399 0 2275
900 510 279 186 400 2275
509 892 280 189 405 2275
508 893 190 276 408 0 0 0 0 0 0 0 2275
504 889 198 406 278 0 2275
505 888 411 191 280 0 0 0 0 2275
506 887 189 406 287 0 0 2275
505 893 187 406 284 0 0 0 2275
506 190 888 406 285 0 0 2275
511 191 880 408 285 0 0 0 2275
190 513 879 411 282 0 2275
185 518 413 873 285 1 0 2275
186 523 409 873 284 0 0 2275
188 519 403 875 290 2275
189 514 877 409 286 0 0 2275
193 514 411 870 287 0 0 0 0 2275
510 193 406 870 296 0 2275
531 405 886 144 309 0 0 0 0 2275
528 422 894 299 132 2275
528 423 900 294 130 2275
520 915 420 284 136 0 0 0 0 0 2275
515 907 422 285 146 0 2275
905 515 421 281 153 0 2275
905 520 289 412 149 0 0 0 0 0 0 2275
513 907 285 415 155 2275
509 282 914 411 158 0 0 1 2275
506 912 288 410 159 0 0 0 0 2275
905 509 288 408 165 0 0 0 0 2275
510 903 286 407 169 0 0 2275
507 913 283 406 166 0 0 0 2275
910 508 278 408 171 0 0 0 2275
914 509 281 405 166 0 0 2275
916 503 406 275 175 2275
912 412 499 278 174 0 0 2275
904 405 506 282 178 2275
404 901 504 284 182 2275
898 407 501 283 186 0 2275
892 512 396 282 193 2275
884 512 401 285 193 2275
882 520 398 285 190 2275
521 872 400 289 192 1 2275
517 881 286 401 190 0 0 0 2275
884 510 290 403 188 0 0 0 2275
874 517 408 284 192 0 2275
872 515 409 284 195 2275
881 509 283 407 195 0 2275
886 278 509 410 192 0 0 0 0 0 2275
890 504 277 409 195 0 0 2275
893 508 408 277 189 0 2275
887 406 514 277 191 0 2275
894 406 279 509 187 2275
889 277 403 511 195 2275
276 892 403 512 192 2275
275 896 405 508 191 2275
278 894 510 404 189 2275
285 895 508 401 186 0 2275
280 511 894 401 189 2275
287 888 512 399 189 0 2275
285 880 515 196 399 0 0 2275
287 512 881 192 403 2275
283 509 883 195 405 2275
511 290 882 195 397 0 0 0 2275
518 883 280 188 406 0 0 0 2275
512 894 191 275 403 2275
503 888 201 275 408 0 2275
888 506 194 277 410 0 2275
882 506 282 192 413 0 2275
877 517 280 193 408 0 2275
880 280 509 191 415 0 0 0 2275
875 281 195 508 416 0 0 0 0 2275
878 285 510 196 406 2275
876 278 513 409 199 0 2275
874 284 512 405 200 0 2275
870 291 411 509 194 0 0 0 0 2275
868 300 410 511 186 0 0 2275
873 297 407 186 512 0 2275
879 300 405 504 187 0 0 2275
874 403 298 508 192 2275
868 402 296 511 198 0 2275
877 398 297 196 507 2275
395 886 290 197 507 0 0 2275
393 886 294 507 195 2275
395 885 510 290 195 0 0 0 2275
394 885 290 513 193 2275
397 879 291 516 192 0 0 0 0 0 0 2275
394 889 289 507 196 0 0 2275
889 398 288 506 194 0 0 0 2275
884 397 510 286 198 0 0 2275
880 395 511 291 198 0 2275
880 513 398 282 202 0 2275
883 504 403 284 201 0 0 0 0 2275
885 408 505 278 199 0 0 0 0 2275
874 406 518 278 199 0 0 0 0 2275
883 404 514 280 194 0 2275
888 509 403 281 194 2275
886 396 509 289 195 0 0 0 2275
887 394 504 299 191 0 2275
894 503 390 296 192 0 0 0 2275
889 507 392 297 190 2275
511 882 392 294 196 2275
519 883 382 294 197 0 0 2275
525 383 882 294 191 0 2275
388 516 885 298 188 0 0 2275
389 523 877 299 187 0 2275
385 521 880 305 184 0 0 0 2275
388 883 518 293 193 2275
379 517 888 294 197 2275
384 519 894 192 286 2275
388 896 518 192 281 2275
902 383 516 191 283 0 0 0 2275
899 381 521 186 288 0 0 2275
898 376 519 189 293 0 0 0 2275
893 522 379 191 290 0 2275
900 517 193 374 291 0 2275
520 899 196 377 283 0 2275
894 528 192 382 279 2275
894 190 524 386 281 0 0 2275
888 194 524 387 282 0 0 0 0 0 0 2275
199 880 528 383 285 0 0 0 2275
875 194 530 389 287 0 0 2275
879 193 528 380 295 0 2275
887 190 383 524 291 2275
879 197 383 297 519 0 2275
882 190 286 387 530 0 0 2275
193 883 284 385 530 0 0 0 2275
195 880 383 286 531 0 0 0 0 0 0 2275
195 878 383 531 288 2275
196 882 383 526 288 0 2275
189 878 530 391 287 0 2275
188 884 388 531 284 0 2275
186 886 386 533 284 0 2275
882 189 390 534 280 0 0 0 2275
880 183 387 539 286 0 2275
884 189 381 287 534 2275
880 187 378 537 293 0 0 2275
893 191 385 521 285 2275
890 193 522 379 291 2275
886 194 527 379 289 2275
885 187 528 378 297 2275
881 191 532 376 295 0 2275
877 196 529 379 294 2275
882 190 531 377 295 2275
190 882 528 377 298 0 2275
194 888 525 292 376 2275
196 528 883 291 377 0 2275
516 193 891 296 379 0 0 0 0 0 2275
516 198 879 296 386 0 0 0 0 0 0 0 0 2275
191 521 875 306 382 0 0 0 2275
189 520 883 306 377 0 0 0 0 2275
519 189 879 305 383 0 0 2275
518 189 881 300 387 2275
190 477 923 305 380 0 2275
189 938 464 302 382 0 0 2275
187 948 463 386 291 0 0 2275
182 469 946 385 293 2275
183 474 944 387 287 2275
184 478 935 286 392 0 2275
478 184 937 290 386 0 0 0 2275
486 180 289 933 387 2275
486 284 186 927 392 0 2275
276 494 188 928 389 0 2275
276 499 922 190 388 0 2275
273 921 495 191 395 0 2275
275 500 910 193 397 2275
276 508 905 395 191 2275
280 517 902 386 190 2275
520 286 895 383 191 0 0 0 2275
287 520 889 387 192 0 0 0 0 2275
283 522 386 887 197 0 0 2275
527 275 393 885 195 0 0 0 2275
528 387 282 884 194 0 0 0 0 0 2275
522 390 884 284 195 0 0 0 2275
518 881 395 283 198 0 2275
526 391 878 282 198 0 2275
518 391 881 277 208 2275
515 398 877 212 273 0 2275
518 882 390 213 272 0 2275
512 399 887 208 269 0 0 2275
401 513 885 204 272 0 0 2275
511 404 886 202 272 0 0 2275
516 399 887 198 275 0 0 2275
517 400 888 273 197 2275
508 402 889 204 272 0 0 2275
512 398 883 279 203 2275
395 521 872 280 207 0 2275
398 870 525 280 202 0 0 2275
402 873 512 280 208 0 0 0 0 2275
400 869 517 281 208 0 2275
401 869 283 517 205 2275
869 398 292 514 202 2275
404 882 287 503 199 2275
878 408 286 503 200 0 2275
881 402 507 285 200 0 0 2275
882 397 506 287 203 0 0 0 0 0 2275
877 397 510 285 206 0 0 2275
872 401 509 289 204 0 2275
875 398 501 292 209 2275
401 864 503 294 212 0 1 2275
866 401 507 297 204 0 0 2275
874 403 504 292 202 0 0 0 0 2275
879 399 499 293 205 0 2275
398 875 501 296 205 2275
872 394 506 300 203 0 0 0 2275
397 870 504 298 206 0 2275
396 510 864 297 208 2275
398 868 505 297 207 2275
395 869 504 300 207 0 0 2275
398 867 507 294 209 0 0 0 2275
397 865 291 512 210 0 2275
871 398 286 512 208 0 2275
874 284 398 510 209 2275
867 405 286 512 205 2275
852 303 398 521 201 2275
856 395 311 513 200 0 0 2275
864 398 508 308 197 2275
864 398 309 506 198 0 0 2275
865 311 396 505 198 2275
859 402 310 508 196 2275
865 399 308 511 192 0 2275
858 391 313 520 193 0 0 2275
850 389 525 316 195 0 2275
392 849 521 316 196 1 0 2275
393 852 522 194 314 0 0 0 2275
395 843 517 193 327 0 0 0 0 2275
388 840 197 519 331 0 0 2275
393 843 520 193 326 0 2275
852 389 514 193 327 2275
388 847 515 198 327 0 2275
385 853 200 506 331 0 2275
387 857 200 331 500 2275
388 196 856 331 504 0 0 2275
384 198 857 501 335 2275
381 201 859 506 328 2275
386 860 196 500 333 2275
857 384 196 504 334 0 0 2275
843 386 511 200 335 0 0 2275
845 509 382 199 340 2275
515 837 384 201 338 0 0 2275
849 511 387 196 332 2275
507 853 390 192 333 2275
860 495 385 195 340 0 2275
850 503 381 199 342 2275
504 851 384 196 340 0 2275
517 849 383 195 331 2275
512 847 385 337 194 0 2275
