-2568.85 5585.15 -8153.99
-2534.44 5571.98 -8106.41
-2501.75 5602.09 -8103.84
-2555.54 5543.35 -8098.89
-153037 -144391 -8646.44
-2510.79 5577.33 -8088.13
-2544.43 5577.22 -8121.65
-2542.17 5605.57 -8147.74
-2461.35 5662.66 -8124
-2482.06 5644.86 -8126.92
-2679.51 5456.24 -8135.74
-2526.68 5599.82 -8126.5
-2491.1 5643.45 -8134.55
-2706.49 5447.23 -8153.72
-2531.32 5591.41 -8122.73
-2509.44 5644.71 -8154.15
-2604.17 5577.08 -8181.25
-2554.79 5641.94 -8196.73
-3268.9 4883.04 -8151.95
-2833.61 5267.03 -8100.64
-2608.13 5506.62 -8114.74
-2585.5 5511.26 -8096.76
-2583.03 5538.93 -8121.96
-2544.88 5586.2 -8131.08
-2492.19 5645.78 -8137.97
-2446.6 5647.26 -8093.86
-2565.89 5595.35 -8161.24
-2543.48 5596.03 -8139.51
-3108.23 5055.46 -8163.69
-2726.84 5377.6 -8104.44
-2667.73 5479.78 -8147.51
-2635.46 5521.7 -8157.17
-2501.25 5650.1 -8151.35
-2481.34 5651.68 -8133.02
-2525.91 5638.59 -8164.49
-2503.75 5641.41 -8145.17
-2505.8 5633.06 -8138.86
-2486.45 5652.25 -8138.71
-2480.42 5660.15 -8140.57
-2539.95 5613.47 -8153.42
-2507.89 5604.5 -8112.39
-2530.58 5581.31 -8111.88
-2526.32 5643.77 -8170.1
-2546.78 5587.48 -8134.26
-2678.21 5449.63 -8127.84
-2594.74 5556.65 -8151.39
-2474.29 5682.24 -8156.53
-2566.72 5596.17 -8162.88
-2472.76 5648.94 -8121.7
-2490.44 5634.44 -8124.88
-2464.69 5649.45 -8114.14
-2552.55 5613.74 -8166.29
-2490.7 5632.33 -8123.03
-2517.93 5631.04 -8148.97
-2523.86 5632.33 -8156.19
-2507.53 5625.55 -8133.08
-2520.66 5638.94 -8159.6
-2464.94 5635.03 -8099.98
-2533.66 5613.64 -8147.3
-2509.87 5645.33 -8155.2
-2503.18 5633.3 -8136.47
-2512.44 5623.71 -8136.15
-2495.23 5656.28 -8151.51
-2500.4 5619.05 -8119.46
-2500.53 5622.39 -8122.92
-2490.74 5656.2 -8146.94
-2591.61 5582.79 -8174.4
-2542.32 5630.95 -8173.28
-2527.83 5624.09 -8151.93
-2522.05 5642.57 -8164.62
-2482.09 5685.55 -8167.64
-3096.27 5091.56 -8187.84
-2692.25 5426.74 -8119
-2641.23 5524.65 -8165.88
-2587.59 5575.94 -8163.53
-2498.36 5676.53 -8174.89
-2545.79 5601.02 -8146.81
-2576.14 5579.96 -8156.1
-2517.82 5646.65 -8164.46
-2532.78 5629.76 -8162.54
-2499.34 5647.31 -8146.65
-2545.29 5622.43 -8167.72
-2488.95 5669.17 -8158.12
-2448.53 5673.36 -8121.89
-3184.98 4998.02 -8183.01
-2615.58 5522.28 -8137.86
-2502.58 5662.74 -8165.32
-2462.59 5722.85 -8185.43
-2463.57 5709.96 -8173.53
-2516.51 5608.08 -8124.59
-2520.66 5662.96 -8183.62
-2494.09 5703.63 -8197.71
-2536.5 5645.08 -8181.58
-2552.92 5602.12 -8155.05
-2469.93 5679.47 -8149.39
-2545.46 5645.02 -8190.48
-2546.33 5623.04 -8169.37
-2484.13 5632.23 -8116.37
-2510.19 5603.47 -8113.66
-2476.4 5651.04 -8127.43
-2533.68 5631.62 -8165.3
-2523.55 5652.74 -8176.3
-2962.29 5227.27 -8189.56
-2662.21 5437.42 -8099.64
-2622.58 5524.38 -8146.97
-2498.55 5649.51 -8148.06
-2529.18 5656.25 -8185.43
-2534.86 5651.18 -8186.04
-2502.33 5662.85 -8165.17
-3158.61 4984.34 -8142.95
-2749.93 5356.37 -8106.3
-2693.95 5427.17 -8121.12
-2573.75 5536.78 -8110.54
-2565.03 5540.74 -8105.76
-2589.71 5572.22 -8161.93
-4028.75 4082.25 -8111
-2914.12 5162.63 -8076.75
-2569.01 5539.56 -8108.57
-2526.71 5593.64 -8120.35
-2531.4 5601.85 -8133.24
-2494.07 5607.51 -8101.57
-2507.06 5654.84 -8161.9
-2467.83 5678.21 -8146.03
-2545.36 5597.07 -8142.43
-2594.38 5526.89 -8121.28
-2503.12 5664.57 -8167.69
-2471.57 5691.02 -8162.59
-2547.25 5574.7 -8121.94
-2472.96 5644.86 -8117.82
-2729.42 5425.08 -8154.5
-2574.95 5546.6 -8121.55
-2514.94 5619.26 -8134.21
-2522.7 5583.51 -8106.21
-2508.32 5626.3 -8134.62
-3431.13 4716.23 -8147.36
-2636.07 5484.25 -8120.33
-2574.51 5555.57 -8130.08
-2527.02 5621.26 -8148.28
-2574.1 5545.33 -8119.44
-2616.19 5467.21 -8083.4
-2494.5 5604.02 -8098.51
-2502.44 5611.19 -8113.63
-2576.57 5534.54 -8111.11
-2504.71 5629.09 -8133.8
-2493.31 5603.87 -8097.18
-2452.73 5663.65 -8116.37
-2478.52 5651.71 -8130.23
-2645.67 5505.84 -8151.51
-2635.9 5535.24 -8171.14
-2619.65 5549.21 -8168.85
-2688.81 5499.39 -8188.2
-3658.9 4466.12 -8125.01
-2945.33 5143.41 -8088.74
-2915 5178.76 -8093.75
-2972.8 5127.52 -8100.33
-2735.72 5353.25 -8088.97
-2552.19 5563.04 -8115.23
-2518.63 5630.05 -8148.69
-2566 5582.66 -8148.67
-2495.68 5649.18 -8144.87
-2451.41 5638.35 -8089.76
-2556.75 5571.43 -8128.18
-2493.95 5625.29 -8119.24
-4407.22 3643.75 -8050.96
-3200.29 4772.35 -7972.64
-3041.67 4970.91 -8012.58
-2867.47 5165.88 -8033.35
-2728.78 5352 -8080.79
-2575.46 5525.29 -8100.75
-2564.3 5549.06 -8113.36
-2555.94 5590.15 -8146.09
-2500.78 5578.63 -8079.41
-2571.07 5578.45 -8149.52
-2477.67 5605.72 -8083.4
-2525.47 5588.51 -8113.98
-2520.39 5568.77 -8089.15
-2526.45 5597.16 -8123.61
-2451.56 5626.06 -8077.62
-2500.98 5621.61 -8122.6
-2503.27 5643.44 -8146.72
-2568.94 5581.21 -8150.14
-2466.12 5656.19 -8122.31
-2492.69 5648.54 -8141.23
-2543.25 5652.57 -8195.82
-2513.31 5687.84 -8201.15
-2718.84 5443.48 -8162.32
-2611.47 5585.17 -8196.65
-2624.15 5568.45 -8192.6
-2543.57 5665.7 -8209.27
-2502.4 5682.6 -8185
-2479.38 5690.19 -8169.57
-2530.92 5654.16 -8185.08
-2556.69 5584.02 -8140.71
-2503.85 5635.23 -8139.08
-2517.19 5605.05 -8122.23
-2483.05 5640.82 -8123.87
-2468.58 5673.75 -8142.33
-2492.12 5689.21 -8181.33
-2506.74 5663.42 -8170.16
-2550.61 5621.27 -8171.88
-2490.83 5650.75 -8141.59
-2534.16 5657.41 -8191.57
-2494.49 5696.28 -8190.77
-2533.54 5663.7 -8197.24
-2503.16 5655.13 -8158.29
-2898.11 5284.98 -8183.09
-2699.61 5491.35 -8190.96
-2672.67 5491.53 -8164.2
-2508.91 5639.48 -8148.39
-2509.21 5624.05 -8133.26
-2502.21 5624.1 -8126.31
-2556.64 5611.54 -8168.19
-2486.29 5627.77 -8114.05
-2540.04 5652.8 -8192.84
-2564.46 5608.67 -8173.13
-2571.6 5593.35 -8164.95
-2505.02 5668.46 -8173.47
-2565.03 5606.29 -8171.33
-2527.32 5661.92 -8189.23
-2494.89 5669.67 -8164.56
-2526.09 5629.1 -8155.19
-2563.71 5594.98 -8158.69
-2536.78 5627.57 -8164.35
-2483.43 5681.78 -8165.21
-2936.77 5244.58 -8181.35
-2509.65 5640.41 -8150.06
-2488.99 5672.98 -8161.97
-2524.8 5655.82 -8180.62
-2490.05 5648.97 -8139.01
-2537.9 5687.07 -8224.97
-2516.46 5682.58 -8199.05
-2967.32 5227.21 -8194.52
-2699.74 5469.75 -8169.49
-2665.7 5450.23 -8115.93
-2548.09 5609.36 -8157.45
-2524.49 5618.76 -8143.25
-2491.21 5639.89 -8131.1
-2499.55 5623.19 -8122.73
-2611.19 5523.71 -8134.9
-2466.65 5660.17 -8126.81
-2487.38 5615.9 -8103.28
-2458.62 5688.63 -8147.25
-2535.15 5612.79 -8147.93
-2545.34 5628.85 -8174.19
-2501.47 5673.26 -8174.73
-2499.65 5652.3 -8151.95
-2538.08 5621.01 -8159.09
-2648.95 5532.06 -8181.01
-2508.25 5624.44 -8132.69
-2513.61 5615.03 -8128.65
-2487.73 5620.03 -8107.76
-2502.2 5665.41 -8167.61
-2529.68 5585.8 -8115.48
-2503.39 5652.14 -8155.53
-2454.19 5709.59 -8163.79
-2530.35 5672.38 -8202.72
-2518 5676.54 -8194.54
-2532.98 5648.4 -8181.38
-2483.8 5696.81 -8180.61
-2494 5687.04 -8181.03
-2518.72 5637.25 -8155.97
-2544.37 5631.53 -8175.9
-2513.32 5612.57 -8125.89
-2483.75 5668.71 -8152.46
-2461 5681.91 -8142.92
-2471.45 5674.26 -8145.71
-2537.38 5624.57 -8161.94
-2485.35 5659.31 -8144.66
-2569.05 5591.55 -8160.6
-2468.15 5710.35 -8178.5
-2506.41 5658.44 -8164.85
-2570.3 5645.03 -8215.33
-2673.47 5514.07 -8187.54
-2879.87 5293.94 -8173.81
-2563.92 5612.36 -8176.29
-2603.96 5602.31 -8206.27
-2496.34 5663.09 -8159.43
-2567.8 5630.89 -8198.69
-2543.14 5638.06 -8181.2
-2499.2 5655.31 -8154.51
-2486.33 5674.41 -8160.74
-2696.26 5452.7 -8148.97
-2527.43 5671.44 -8198.86
-2565.68 5620.06 -8185.74
-2509.87 5661.47 -8171.34
-2506.4 5633.02 -8139.42
-2520.3 5633.27 -8153.57
-2675.49 5511.88 -8187.37
-2575.9 5609.3 -8185.2
-2553.97 5604.48 -8158.46
-2533.69 5619.85 -8153.54
-2521.69 5646.14 -8167.83
-2467.44 5678.79 -8146.23
-2515.05 5630.14 -8145.19
-2501.26 5665.09 -8166.35
-2500.08 5668.25 -8168.33
-2478.94 5682.89 -8161.83
-2504.3 5662.97 -8167.27
-2522.31 5643.13 -8165.44
-2486.7 5663.14 -8149.84
-2514.45 5653.87 -8168.32
-2536.92 5641.23 -8178.15
-2490.75 5631.89 -8122.64
-2576.34 5538.65 -8114.99
-2601.77 5552.63 -8154.4
-2508.36 5633.18 -8141.54
-2550.09 5612.2 -8162.29
-2510.26 5659.46 -8169.72
-2529.5 5596.73 -8126.23
-2539.89 5595.61 -8135.49
-2523.9 5630.75 -8154.66
-2538.06 5578.95 -8117.01
-2499.62 5629 -8128.63
-2514.52 5646.25 -8160.76
-2499.97 5640.09 -8140.06
-2499.84 5624.15 -8123.99
-2500.9 5614.71 -8115.62
-2619.67 5541.01 -8160.68
-2549.48 5590.15 -8139.64
-2584.96 5601.29 -8186.25
-2599.56 5564.97 -8164.53
-2478.37 5672.73 -8151.1
-2569.94 5586.83 -8156.77
-2660.85 5468.14 -8128.99
-2522.32 5609.37 -8131.69
-2532.03 5607.71 -8139.74
-2557.87 5609.19 -8167.06
-2497.74 5652.25 -8149.99
-2482.49 5661.14 -8143.63
-2551.67 5588.23 -8139.9
-2555.2 5605.89 -8161.08
-2522.16 5589.96 -8112.11
-2542.67 5621.08 -8163.75
-2473.21 5659.4 -8132.61
-2529.77 5634.2 -8163.98
-2554.13 5607.48 -8161.61
-2547.96 5660.28 -8208.23
-2527.75 5650.05 -8177.81
-2569.42 5633.55 -8202.96
-2496.35 5661.89 -8158.24
-2523.54 5655.97 -8179.51
-2498.29 5641.52 -8139.81
-2538.53 5638.85 -8177.38
-2492.49 5668.58 -8161.07
-2524.35 5613.77 -8138.12
-2543.45 5638.22 -8181.67
-2524.7 5618.12 -8142.82
-2551.9 5651.31 -8203.21
-2496.58 5672.07 -8168.65
-2502.46 5662.88 -8165.35
-2535.55 5639.21 -8174.75
-2511.57 5635.92 -8147.49
-2547.81 5628.62 -8176.43
-2452.12 5693.89 -8146.01
-2539.01 5660.43 -8199.44
-2495.67 5667.31 -8162.98
-2483.4 5665.29 -8148.69
-2537.61 5628.24 -8165.85
-2656.5 5492.19 -8148.68
-2652.07 5483 -8135.07
-2511.28 5578.9 -8090.17
-2498.42 5642.12 -8140.54
-2481.53 5669.48 -8151.01
-2641.45 5487.07 -8128.52
-2537.82 5630.31 -8168.13
-2548.49 5636.76 -8185.24
-2610.66 5557.34 -8168
-2563.27 5602.27 -8165.53
-2577.57 5612.94 -8190.51
-2509.34 5665.42 -8174.76
-2486.86 5680.4 -8167.26
-2535.81 5648.56 -8184.36
-2545.27 5668.69 -8213.97
-3140.68 5065.26 -8205.93
-2856.05 5306.33 -8162.38
-2592.09 5510.82 -8102.91
-2609.22 5587.81 -8197.03
-2505.09 5640.92 -8146.01
-2544.66 5625.72 -8170.39
-2507.62 5631.28 -8138.9
-2548.93 5610.73 -8159.66
-2589.35 5546.83 -8136.18
-2507.7 5628.42 -8136.12
-2465.69 5646.65 -8112.34
-2502.13 5641.7 -8143.83
-2520.99 5622.42 -8143.41
-2470.54 5654.95 -8125.49
-2523.32 5606.19 -8129.51
-2676.9 5469.56 -8146.46
-2614.26 5518.08 -8132.34
-2509.13 5598.39 -8107.52
-2936.6 5189.5 -8126.1
-2727.84 5391.41 -8119.25
-2717.13 5389.69 -8106.82
-2587.24 5547.67 -8134.91
-2604.31 5595.17 -8199.47
-2648.32 5514.74 -8163.06
-2501.44 5655.25 -8156.68
-2598.75 5554.56 -8153.31
-2631.48 5530.13 -8161.61
-2533.67 5588.02 -8121.69
-2483.08 5645.99 -8129.07
-2487.82 5637.52 -8125.34
-2519.44 5644.02 -8163.46
-2524.86 5627.86 -8152.73
-2508.84 5662.55 -8171.39
-2489.26 5686.46 -8175.72
-2455.83 5694.56 -8150.4
-2552.69 5599.34 -8152.03
-2493.56 5602.52 -8096.09
-2493.99 5654.9 -8148.89
-2514.51 5672.98 -8187.49
-2526.72 5651.64 -8178.36
-2529.74 5628.71 -8158.45
-2517.24 5685.87 -8203.11
-2967.21 5228.4 -8195.61
-2700.93 5464.41 -8165.34
-2528.22 5590.44 -8118.66
-2587.47 5541.42 -8128.9
-2645.24 5463.31 -8108.56
-2561.51 5539.17 -8100.68
-2871.18 5261.2 -8132.38
-2709.09 5442.01 -8151.1
-2592.39 5501.83 -8094.22
-2619.56 5504.72 -8124.28
-2657.58 5530.41 -8187.99
-2488.2 5689.04 -8177.25
-2491.78 5645.98 -8137.76
-2518.92 5668.04 -8186.96
-2582.52 5622.8 -8205.32
-2569.31 5612.84 -8182.15
-2518.6 5690.64 -8209.24
-2498.77 5686.57 -8185.34
-2542.36 5618.61 -8160.98
-2687.8 5448.04 -8135.85
-2593.98 5571.58 -8165.57
-3408.98 4722.99 -8131.97
-2954.49 5163.33 -8117.82
-2725.66 5407.29 -8132.95
-2607.49 5508.04 -8115.53
-2516.93 5574.96 -8091.89
-2517.18 5592.73 -8109.9
-2508.77 5620.28 -8129.05
-2514.51 5621.63 -8136.14
-2559.51 5582.79 -8142.31
-2483.65 5677.8 -8161.44
-2549.06 5589.03 -8138.08
-2519.84 5639.52 -8159.36
-2515.74 5609.08 -8124.82
-2553.57 5615.56 -8169.12
-2501.46 5643.25 -8144.71
-2530.87 5612.89 -8143.76
-2519.06 5643.03 -8162.09
-2535.29 5605.82 -8141.11
-2938.89 5215.04 -8153.93
-2683.79 5415.32 -8099.11
-2667.2 5418.72 -8085.92
-2613.23 5492.87 -8106.1
-2634.14 5491.23 -8125.37
-2519.06 5579.14 -8098.2
-2537.46 5601.89 -8139.35
-2478.78 5650.01 -8128.79
-2530.43 5619.08 -8149.51
-2509.16 5682.18 -8191.34
-2564.58 5583.38 -8147.97
-2478.96 5643.7 -8122.67
-2520.68 5654.35 -8175.03
-2487.84 5677.31 -8165.15
-2548.82 5634.73 -8183.55
-3219.17 4937.98 -8157.15
-3272.59 4889.11 -8161.7
-2847.45 5312.62 -8160.08
-2784.39 5358.65 -8143.04
-2758.15 5362.89 -8121.04
-2732.06 5397.02 -8129.08
-2752.08 5346.03 -8098.11
-2749.12 5402.11 -8151.23
-2568.5 5535.96 -8104.46
-2575.39 5575.16 -8150.55
-2627.49 5571.36 -8198.85
-3106.5 5064.16 -8170.66
-2806.47 5354.9 -8161.37
-2595.69 5559.2 -8154.89
-2475.89 5674.71 -8150.59
-2513.92 5666.45 -8180.37
-2482.42 5645.23 -8127.66
-2482.49 5655 -8137.48
-2643.51 5504.35 -8147.85
-2484.89 5612.65 -8097.54
-2491.49 5656.08 -8147.57
-2494.47 5666.96 -8161.43
-2534.19 5619.36 -8153.56
-2630.16 5554.3 -8184.47
-2514.16 5630.13 -8144.3
-2507.76 5643.94 -8151.71
-2502.28 5655.45 -8157.74
-2490.45 5674.75 -8165.19
-2506.09 5670.25 -8176.34
-2467.96 5680.63 -8148.59
-2590.2 5565.42 -8155.62
-2484.54 5661.16 -8145.69
-2503.85 5662.13 -8165.98
-3006.65 5161.26 -8167.91
-2772.45 5354.66 -8127.12
-2567.58 5555.39 -8122.97
-2570.79 5592.09 -8162.88
-2562.77 5603.37 -8166.13
-2473.53 5676.93 -8150.46
-132369 -123631 -8738.93
-2913.29 5198.38 -8111.67
-2748.59 5358.73 -8107.32
-2714.93 5388.66 -8103.59
-1.43659e+06 -1.42791e+06 -8673.76
-2547.51 5533.72 -8081.23
-2540.8 5563.01 -8103.81
-2523.4 5608.12 -8131.52
-2556.82 5582.06 -8138.89
-2504.06 5616.69 -8120.75
-2558.28 5548.52 -8106.8
-2565.59 5569.65 -8135.24
-2519.95 5628.41 -8148.35
-2541.55 5644.55 -8186.1
-2892.54 5209.32 -8101.86
-2591.36 5494.43 -8085.79
-2550.72 5570.56 -8121.28
-2477.83 5657.27 -8135.1
-2481.26 5630.41 -8111.67
-2477.41 5669.75 -8147.16
-2468.2 5667.17 -8135.37
-2708.29 5403.09 -8111.38
-2535.75 5591.43 -8127.17
-2609.04 5573.2 -8182.24
-2512.94 5625.81 -8138.76
-2495.15 5648.64 -8143.8
-2506.09 5628.65 -8134.75
-2570.52 5562.55 -8133.07
-2485.55 5643.61 -8129.16
-2511.76 5634.37 -8146.13
-2545.17 5630.06 -8175.23
-2467.71 5653.99 -8121.7
-2567.21 5581.18 -8148.4
-2501.87 5637.91 -8139.78
-2536.48 5617.68 -8154.16
-2526.51 5621.91 -8148.43
-2773.22 5366.78 -8140
-3089.23 5017.33 -8106.57
-2767.73 5379.37 -8147.11
-2794.48 5362.06 -8156.54
-2630.48 5522.84 -8153.32
-2568.3 5559.38 -8127.67
-2527.95 5581.07 -8109.02
-2632.26 5529.08 -8161.35
-2546.82 5632.06 -8178.87
-2635.08 5538.72 -8173.8
-2727.62 5378.43 -8106.05
-2559.72 5573.08 -8132.79
-2508.51 5634.7 -8143.2
-2871.63 5245.13 -8116.76
-2668.21 5476.96 -8145.17
-2561.7 5596.45 -8158.15
-2538.09 5623.81 -8161.89
-2539.89 5614.64 -8154.53
-2805.52 5351.87 -8157.39
-2565.56 5610.49 -8176.05
-2575.87 5553.45 -8129.32
-2547.61 5578.97 -8126.58
-2528.04 5639.99 -8168.03
-2576.4 5604.66 -8181.07
-2518.19 5623.12 -8141.31
-2511.24 5673.63 -8184.87
-2530.21 5632.15 -8162.36
-2531.12 5665.4 -8196.52
-2523.08 5673.27 -8196.34
-2512.62 5657.08 -8169.7
-2527.06 5627.79 -8154.84
-2632.44 5539.89 -8172.33
-2602.98 5564.89 -8167.87
-2576.2 5587.99 -8164.2
-2538.23 5592.26 -8130.49
-2470.34 5658.17 -8128.51
-2742.6 5443.81 -8186.41
-2515.43 5637.23 -8152.66
-2539.51 5624.65 -8164.16
-2502.86 5640.21 -8143.07
-2503.63 5635.12 -8138.75
-2726.83 5481.08 -8207.91
-2498.81 5633.03 -8131.84
-2583.48 5585.4 -8168.88
-2535.08 5591.78 -8126.87
-2535.82 5597.88 -8133.69
-2568.65 5582.76 -8151.41
-3114.8 5058.04 -8172.85
-2593.27 5569.85 -8163.12
-2488.76 5633.74 -8122.49
-2464.76 5681.83 -8146.59
-3134.87 4989.59 -8124.46
-2813.87 5274.42 -8088.29
-2737.58 5383.3 -8120.87
-2732.77 5389.69 -8122.46
-2745.49 5390.77 -8136.26
-2709.23 5423.1 -8132.33
-2751.06 5369.67 -8120.73
-2626.91 5508.04 -8134.95
-2542.31 5647.22 -8189.53
-2539.59 5602.05 -8141.64
-2463.23 5679.98 -8143.21
-2573.35 5597.45 -8170.8
-2524.87 5612.85 -8137.72
-2494.17 5631.07 -8125.24
-2514.28 5628.64 -8142.92
-2483.53 5654.89 -8138.42
-2511 5640.89 -8151.89
-2509.88 5634.35 -8144.23
-2522.12 5619.4 -8141.52
-2730.54 5456.07 -8186.61
-2539.1 5589.47 -8128.57
-2505.72 5660.9 -8166.62
-2505.73 5620.27 -8126
-2490.8 5659.47 -8150.27
-2537 5629.24 -8166.24
-2513.24 5596.88 -8110.13
-2541.56 5594.2 -8135.76
-2505.76 5611.81 -8117.57
-2689.89 5424.08 -8113.97
-2683.13 5464.35 -8147.48
-2476.63 5653.03 -8129.66
-2496.49 5593.38 -8089.87
-2506.71 5623.86 -8130.57
-2532.33 5635.18 -8167.51
-2521.89 5645.26 -8167.15
-2496.39 5653.21 -8149.6
-2494.45 5637.22 -8131.66
-2569.85 5593.96 -8163.81
-2538.1 5641.69 -8179.79
-2490.91 5701.85 -8192.76
-2491.18 5639.43 -8130.61
-2479.29 5686.39 -8165.67
-2481.31 5682.03 -8163.33
-2551.95 5610.34 -8162.29
-2585.63 5560.97 -8146.6
-2566.34 5568.05 -8134.4
-2556.46 5552.74 -8109.2
-2497.64 5648.41 -8146.05
-2539.87 5596.04 -8135.91
-2545.39 5599.53 -8144.92
-2519.37 5656.67 -8176.04
-2504.05 5688.48 -8192.53
-2551.5 5606.52 -8158.01
-2473.02 5687.29 -8160.31
-2478.96 5677.04 -8156
-2500.93 5617.91 -8118.84
-2506.14 5642.36 -8148.5
-2778.03 5415 -8193.03
-2552.52 5572.12 -8124.64
-2536.22 5618.06 -8154.28
-2545.25 5643.17 -8188.42
-2541.39 5600.41 -8141.8
-2517.87 5601.69 -8119.56
-2509.12 5656.1 -8165.21
-2495.73 5653.28 -8149.01
-2507.93 5622.94 -8130.87
-2491.56 5631.07 -8122.63
-2558.85 5614.02 -8172.87
-2494.96 5669.58 -8164.55
-2516.62 5644.31 -8160.93
-2512.91 5659.23 -8172.14
-2531.51 5636.63 -8168.14
-2499.77 5648.89 -8148.66
-2526.25 5628.74 -8154.99
-2633.32 5502.86 -8136.18
-2614.34 5509.21 -8123.55
-2576.91 5560.06 -8136.98
-2559.69 5580.13 -8139.83
-2512.38 5590.73 -8103.11
-2462.04 5649.19 -8111.23
-2490.8 5673.21 -8164.02
-2661.48 5501.03 -8162.51
-2522.43 5644.53 -8166.96
-3162.29 5070.61 -8232.9
-2760.31 5401.99 -8162.3
-2543.74 5621.88 -8165.62
-2579.29 5610.18 -8189.47
-2598.13 5590.52 -8188.66
-2506.79 5649.48 -8156.27
-2683.89 5524.46 -8208.35
-2609.84 5602.22 -8212.06
-2516.14 5627.54 -8143.68
-2510.64 5637.2 -8147.84
-2532.84 5638.22 -8171.06
-2516.6 5640.11 -8156.71
-2509.64 5625.08 -8134.72
-2472.43 5628.41 -8100.84
-2446.52 5646.58 -8093.1
-2519.75 5621.7 -8141.45
-2529.16 5616.84 -8146
-2521.88 5650.6 -8172.48
-2529 5639.31 -8168.31
-2476.09 5637.24 -8113.32
-2565.01 5576.37 -8141.38
-2502.13 5657.95 -8160.08
-2495.41 5633.67 -8129.08
-2509.17 5647.27 -8156.44
-2511.34 5667.08 -8178.42
-2485.85 5675.42 -8161.27
-2526.19 5631.28 -8157.48
-2510.56 5630.02 -8140.58
-2477.88 5685.99 -8163.87
-2484.04 5676.65 -8160.69
-2499.65 5652.42 -8152.07
-2503.46 5627.02 -8130.48
-2546.19 5635.3 -8181.49
-2534.64 5631.38 -8166.02
-2534.05 5650.33 -8184.37
-2501.07 5647.1 -8148.17
-2451.6 5694.13 -8145.73
-2494.19 5664.79 -8158.97
-2538.38 5634.19 -8172.57
-2551.51 5619.69 -8171.2
-2501.33 5683.43 -8184.77
-2556.49 5637.3 -8193.79
-2489.4 5668.55 -8157.95
-2535.2 5624.24 -8159.44
-2485.69 5682.5 -8168.19
-2505.32 5626.98 -8132.3
-2425.01 5674.41 -8099.41
-2482.19 5626.01 -8108.2
-2557.92 5585.55 -8143.47
-2524.57 5614.14 -8138.7
-2515.42 5648.13 -8163.55
-2516.17 5633.36 -8149.53
-2542.73 5645.3 -8188.03
-2573.83 5638.38 -8212.21
-2576.26 5615.73 -8192
-2485.35 5707.83 -8193.18
-2476.68 5677.02 -8153.7
-2517.98 5657.22 -8175.2
-2535.67 5651.76 -8187.43
-2679.33 5462.25 -8141.58
-2533.87 5591.17 -8125.03
-2497.1 5644.27 -8141.37
-2500.32 5656.71 -8157.03
-2512.14 5603.41 -8115.55
-2533.41 5636.05 -8169.46
-2525.44 5645.6 -8171.05
-2536.6 5620.74 -8157.34
-2552.91 5651.22 -8204.13
-2523.88 5698.56 -8222.44
-2545.08 5661.08 -8206.16
-2567.4 5630.76 -8198.16
-2467.38 5662.43 -8129.81
-2561.78 5561.33 -8123.11
-2493.62 5641.29 -8134.9
-2525.16 5647.23 -8172.4
-2502.29 5651.68 -8153.97
-2496.3 5675.11 -8171.41
-2503.6 5653.13 -8156.73
-2467.56 5677.18 -8144.75
-2509.73 5644.21 -8153.94
-2517.79 5610.06 -8127.85
-2506.94 5616.72 -8123.66
-2769.49 5380.8 -8150.29
-2564.79 5587.88 -8152.67
-2502.75 5625.98 -8128.73
-2481.03 5679.98 -8161.02
-2525.01 5629.11 -8154.12
-2487.67 5654.09 -8141.76
-2506.41 5621.11 -8127.52
-2527.95 5622.21 -8150.16
-2494.58 5645.78 -8140.36
-2500.6 5612.75 -8113.35
-2533.97 5610.63 -8144.59
-2498.79 5592.78 -8091.57
-2496.26 5634.39 -8130.65
-2514.86 5624.05 -8138.9
-2555.55 5575.01 -8130.56
-2518.57 5658.82 -8177.4
-2505.04 5666.75 -8171.79
-2498.78 5644.11 -8142.9
-2671.89 5521.53 -8193.42
-2554.9 5600.38 -8155.28
-2532.19 5619 -8151.19
-2491.41 5681.03 -8172.44
-2521.47 5662.75 -8184.22
-2492.71 5677.23 -8169.94
-2468.57 5693.41 -8161.98
-2525.59 5631.73 -8157.32
-2526.86 5665.31 -8192.17
-2589.69 5584.31 -8173.99
-2547.56 5586.26 -8133.82
-2517.77 5652.32 -8170.1
-23899 -15745.4 -8153.6
-4267.87 3684.51 -7952.38
-3362.65 4570.33 -7932.97
-2964.75 5043.47 -8008.22
-2745.13 5297.55 -8042.68
-2710.07 5366.02 -8076.09
-2591.34 5494.6 -8085.94
-2591.17 5520.94 -8112.11
-2626.92 5548.52 -8175.44
-2521.63 5614.37 -8136
-2463.57 5674.2 -8137.77
-2535.42 5614.75 -8150.17
-2526.24 5617.35 -8143.58
-2523.76 5642.11 -8165.87
-2496.16 5627.56 -8123.72
-2493.34 5634.92 -8128.26
-2578.42 5576.91 -8155.33
-2547.47 5590.09 -8137.56
-2524.02 5604.49 -8128.51
-2492.12 5640.15 -8132.27
-2519.04 5602.57 -8121.61
-2599.86 5515.1 -8114.96
-3159.15 4964.27 -8123.42
-2622.9 5429.3 -8052.2
-2545.07 5572.92 -8117.99
-2526.82 5595.54 -8122.36
-2511.23 5622.56 -8133.79
-9660.31 -1518.13 -8142.18
-3930.45 4056.7 -7987.15
-3166.41 4817.88 -7984.29
-2899.67 5064.61 -7964.27
-5212.44 2815.98 -8028.42
-3512.49 4428.79 -7941.28
-3204.91 4735.2 -7940.11
-3008.02 4969.15 -7977.17
-2891.7 5112.93 -8004.64
-2800.63 5250.2 -8050.83
-2738.44 5362.26 -8100.7
-2734.58 5355.32 -8089.9
-2697.71 5373.8 -8071.51
-2593.02 5454 -8047.02
-2668.28 5444.81 -8113.09
-2681.22 5398.82 -8080.04
-2590.63 5514.77 -8105.41
-2581.77 5503.7 -8085.47
-2615.23 5463.83 -8079.06
-2586.56 5517.07 -8103.62
-2590.36 5509.02 -8099.39
-2601.48 5489.15 -8090.63
-2587.45 5509.21 -8096.67
-2475.53 5623.31 -8098.84
-2542.52 5596.74 -8139.25
-2485.71 5621.05 -8106.76
-2482.17 5621.75 -8103.92
-2527.46 5603.03 -8130.5
-2485.19 5614.39 -8099.59
-2479.58 5614.12 -8093.7
-2476.66 5637.05 -8113.71
-2465.17 5634.28 -8099.45
-2470.9 5612.43 -8083.34
-2477.97 5641.35 -8119.32
-2515.73 5628.2 -8143.93
-2498.85 5633.62 -8132.47
-2526.16 5601.45 -8127.61
-2491.4 5615.73 -8107.13
-2542.71 5594.32 -8137.04
-2516.23 5617.84 -8134.08
-2464.53 5683.03 -8147.56
-2478.79 5682.73 -8161.52
-2486.41 5629.09 -8115.5
-2637.63 5474.57 -8112.2
-2516.54 5605.79 -8122.32
-2523.32 5599.09 -8122.41
-2451.87 5640.13 -8092.01
-2517.06 5594.24 -8111.3
-2641.92 5468.29 -8110.21
-2629.57 5519.58 -8149.16
-2510.8 5618.11 -8128.91
-2536.95 5609.58 -8146.52
-2503.57 5605.72 -8109.29
-2509.13 5606.85 -8115.98
-2477.25 5666.53 -8143.78
-2497.09 5656.34 -8153.43
-2497.68 5665.55 -8163.22
-2518.24 5623.17 -8141.41
-2707.74 5437.97 -8145.71
-2588.36 5562.16 -8150.52
-2529.95 5590.29 -8120.24
-2532.15 5623.21 -8155.36
-2467.6 5676.26 -8143.86
-2510.88 5626.7 -8137.58
-2491.75 5601.52 -8093.27
-2656.4 5471.37 -8127.77
-2545.55 5597.12 -8142.68
-2483.47 5660.64 -8144.11
-2478.59 5658.74 -8137.34
-2479.09 5629.62 -8108.7
-2525.15 5629.13 -8154.28
-2520.27 5618.61 -8138.88
-2525.91 5601.02 -8126.93
-2485.45 5647.24 -8132.69
-2515.15 5594.24 -8109.39
-2764.11 5348.28 -8112.39
-2502.59 5610.31 -8112.9
-2471.51 5621.34 -8092.85
-2474.55 5659.61 -8134.16
-2636.46 5474.93 -8111.39
-2595 5496.09 -8091.09
-2536.85 5568.91 -8105.76
-2558.65 5573.27 -8131.92
-2518.39 5579.43 -8097.82
-2474.83 5647.63 -8122.46
-2451.15 5660.94 -8112.08
-2453.84 5647.46 -8101.31
-3938.5 4187.49 -8125.99
-2763.99 5311.54 -8075.53
-2539.54 5568.72 -8108.26
-2536.18 5577.15 -8113.33
-2637.38 5506.88 -8144.26
-2793.78 5371.33 -8165.11
-2522.2 5578.29 -8100.49
-2527.17 5606.14 -8133.31
-2547.64 5650.8 -8198.44
-2527.75 5565.17 -8092.92
-2500.05 5621.37 -8121.42
-2526.43 5578.14 -8104.57
-2541.97 5556.45 -8098.42
-2654.34 5451.94 -8106.28
-2515.3 5602.65 -8117.95
-2524.03 5631.72 -8155.76
-2463.79 5655.66 -8119.46
-2495.54 5648.32 -8143.86
-3138.13 5032.04 -8170.17
-2769.76 5367.79 -8137.55
-2571.33 5536.57 -8107.9
-2530.98 5599.63 -8130.61
-2486.65 5673.34 -8159.99
-2524.63 5632.82 -8157.45
-2532.57 5602.63 -8135.2
-2491.62 5632.27 -8123.89
-2560.45 5640.87 -8201.33
-2488.1 5680.43 -8168.53
-2528.94 5635.93 -8164.87
-2548.35 5660.84 -8209.19
-2559.42 5618.06 -8177.48
-2502.55 5641.8 -8144.34
-2484.84 5669.08 -8153.92
-2472.02 5658.36 -8130.39
-2504.42 5643.8 -8148.22
-4554.67 3626.71 -8181.38
-2765.85 5372.21 -8138.05
-2774.68 5390.24 -8164.92
-2489.34 5644.32 -8133.66
-2514 5606.67 -8120.67
-2551.73 5534.35 -8086.09
-2487.9 5643.8 -8131.7
-2492.65 5638.47 -8131.12
-2474.79 5644.45 -8119.23
-2498.84 5661.79 -8160.63
-2487.4 5636.93 -8124.33
-2591.5 5523.11 -8114.61
-2508.56 5637.53 -8146.09
-2502.77 5663.84 -8166.61
-2514.84 5622.16 -8137
-2513.43 5610.39 -8123.83
-2491.85 5658.66 -8150.51
-2449.29 5679.5 -8128.79
-2538.82 5603.05 -8141.87
-2580.62 5573.32 -8153.93
-2577.31 5554.66 -8131.97
-2521.1 5584.33 -8105.43
-2513.06 5619.83 -8132.9
-2513.83 5625.2 -8139.03
-2537.09 5594.45 -8131.54
-2493.13 5637.1 -8130.23
-2485.3 5672.04 -8157.34
-2529.15 5642.99 -8172.14
-2501.64 5651.85 -8153.49
-2491.71 5675.85 -8167.56
-2448.1 5634.89 -8082.99
-2498.15 5593.72 -8091.87
-2492.37 5611.21 -8103.58
-2532.08 5565.02 -8097.1
-2771.22 5324.79 -8096
-2690.81 5414.02 -8104.83
-2535.95 5538.96 -8074.91
-2570.81 5577.43 -8148.24
-2483.46 5664.37 -8147.83
-2553.92 5603.29 -8157.21
-2528.13 5608.16 -8136.29
-2577.07 5550.55 -8127.61
-2528.73 5609.13 -8137.86
-2569.79 5592.89 -8162.68
-2514.15 5614.45 -8128.6
-2451.43 5670.34 -8121.78
-2606.83 5559.83 -8166.66
-2789.02 5319.24 -8108.26
-2770.23 5310.21 -8080.43
-2546.88 5559.03 -8105.91
-2484.65 5598.17 -8082.82
-2715.7 5420.71 -8136.42
-2643.69 5463.31 -8107
-2520.92 5552.51 -8073.43
-2511.1 5636.92 -8148.03
-2494.89 5639.24 -8134.13
-2500.93 5658.37 -8159.31
-2534.61 5633.66 -8168.28
-2508.13 5648.5 -8156.62
-2569.56 5575.54 -8145.1
-2538.87 5592.98 -8131.85
