7.6449
6.16244
6.16244
6.16244
6.16244
6.16244
6.83351
6.83351
6.83351
6.83351
6.83351
6.83351
6.83351
6.83351
4.97606
8.6297
8.6297
9.49487
9.49487
7.24677
7.24677
7.24677
7.24677
6.53394
6.53394
5.91498
7.45936
8.90465
8.90465
8.57125
7.80619
5.98605
5.39981
5.39981
5.39981
5.39981
6.02629
6.02629
6.02629
6.08899
6.08899
7.89911
7.89911
7.54357
7.54357
7.54357
7.54357
9.36686
6.49908
6.90279
6.90279
6.90279
6.91516
6.05605
6.05605
6.05605
6.05605
6.05605
5.57507
7.32798
7.32798
7.32798
8.41181
7.78304
7.78304
7.78304
7.78304
7.48409
7.48409
7.48409
7.48409
7.48409
7.48409
7.59181
7.59181
7.59181
7.59181
7.06123
7.06123
7.06123
6.02399
6.02399
5.91733
5.91733
6.94222
6.94222
6.94222
6.94222
7.96346
10.3711
9.01866
9.01866
7.75943
7.75943
7.75943
7.75943
6.19458
5.36236
5.36236
5.36236
5.36236
6.89341
6.93149
6.93149
6.93149
6.93149
6.93149
6.93149
6.93149
6.93149
6.93149
6.93149
5.98611
5.98611
5.98611
5.98611
5.98611
5.98611
5.98611
5.98611
6.93247
6.38091
6.38091
5.97273
5.42289
5.90614
6.41961
6.41961
6.41961
6.2252
6.2252
7.05882
6.24831
6.24831
6.24831
5.43518
5.96938
5.96938
5.96938
7.47845
5.92808
5.92808
7.15917
7.15917
7.15917
7.15917
6.22477
6.22477
5.79359
5.79359
5.79359
5.79359
5.79359
6.09105
6.09105
5.14419
5.75429
8.0774
8.0774
8.0774
8.0774
8.0774
8.0774
8.0774
6.4002
6.4002
6.4002
6.4002
5.00226
7.3526
7.3526
7.3526
7.3526
7.3526
7.3526
5.94706
5.94706
5.94706
5.94706
5.94706
5.94706
5.79666
7.21845
5.14683
5.14683
5.14683
4.95796
7.00075
7.00075
7.00075
7.00075
7.00075
7.00075
7.00075
6.05886
6.41085
5.69208
7.15536
5.71689
5.71689
5.71689
5.71689
5.71689
5.71689
6.08755
6.08755
6.08755
6.08755
6.08755
6.08755
5.59962
5.22962
5.22962
5.22962
5.73199
6.89376
6.22194
6.22194
6.22194
4.83472
5.60309
5.07448
5.07448
6.67573
6.67573
5.45197
5.45197
5.45197
4.41565
4.41565
4.71731
4.71731
5.3404
6.08168
5.79098
5.79098
5.79098
5.79098
5.79098
4.72369
4.72369
5.51523
5.51523
7.6521
7.6521
6.50138
6.50138
6.50138
7.79548
7.79548
7.29941
7.29941
7.29941
7.29941
7.201
5.91583
3.64591
3.64591
3.64591
3.64591
3.64591
3.64591
3.64591
3.64591
3.64591
3.64591
6.13313
5.29503
3.30835
4.95242
4.0032
4.83585
4.83585
6.55023
6.55023
5.51204
5.51204
4.70731
3.5407
3.5407
3.5407
3.76257
3.76257
4.25498
5.17617
3.66235
3.66235
3.66235
3.66235
4.47338
3.40857
3.40857
3.21852
4.18169
3.76133
5.15404
5.15404
3.17897
3.17897
3.17897
5.67142
5.67142
5.35454
5.35454
5.35454
5.02467
5.02467
5.02467
5.02467
5.02467
5.06548
5.06548
4.85912
4.85912
4.85912
4.85912
4.85912
3.25323
4.35132
4.35132
4.12538
4.12538
3.47323
3.47323
3.87487
3.41938
3.41938
3.41938
5.15025
5.15025
5.6676
5.6676
2.98504
2.98504
3.84528
3.84528
3.84528
3.84528
2.69182
2.69182
2.69182
3.14506
4.54484
4.23618
4.23618
4.23618
4.45974
4.45974
4.45974
4.45974
4.45974
4.34845
5.43735
5.43735
5.43735
6.14777
5.66269
5.66269
5.66269
4.88023
5.38641
5.38641
5.38641
5.38641
5.38641
3.68158
4.4302
3.81632
4.34615
4.34615
4.34615
4.34615
3.30527
3.30527
3.30527
3.30527
4.9064
4.9064
4.9064
4.9064
4.35342
4.35342
4.35342
4.35342
3.10967
3.10967
3.10967
3.10967
3.10967
5.12671
5.12671
5.28832
4.49608
4.49608
4.49608
4.53552
4.86452
3.24473
3.06641
3.06641
3.06641
3.06641
3.06641
4.56743
4.56743
4.56743
2.56462
2.56462
2.56462
2.56462
3.24978
3.24978
3.24978
3.24978
3.24978
3.35411
3.35411
3.35411
3.35411
3.35411
4.24364
4.24364
2.11366
2.11366
2.11366
2.11366
2.11366
2.47232
2.47232
2.47232
3.94107
2.76567
2.76567
2.51849
2.81723
2.88098
2.88098
2.88098
2.88098
3.36802
2.0589
2.05406
2.05406
2.05406
2.05406
4.44983
4.44983
4.44983
3.43464
3.43464
3.43464
3.81238
3.53641
3.22444
2.20887
2.20887
2.20887
2.78441
2.78441
2.78441
2.78441
2.43467
2.43467
2.96407
2.96407
2.59211
3.12204
3.70543
3.70543
2.18109
3.40998
3.40998
3.40998
3.40998
3.40998
2.294
2.294
2.0163
2.9453
2.21827
2.30995
2.30995
2.30995
3.7051
3.7051
3.7051
3.7051
2.70364
2.70364
2.70364
2.70364
1.8274
2.08919
2.08919
2.08919
2.68855
2.68855
2.6271
2.6271
2.6271
2.6271
2.6271
2.6271
1.61471
2.0072
0.931598
0.931598
0.931598
1.54737
2.48564
2.48564
2.48564
1.64345
1.64345
1.64345
1.64345
2.75162
2.75162
2.75162
2.86204
2.22535
1.96491
2.92543
2.03336
2.03336
1.4242
1.4242
1.4242
1.99024
1.99024
1.99024
1.99024
1.99024
1.99024
1.99024
1.99024
2.5191
1.20878
1.09488
1.30668
1.97686
1.97686
1.13485
1.13485
1.13485
2.4052
1.38411
1.38411
1.38411
1.38411
1.52082
0.834817
0.834817
0.834817
0.834817
0.737974
1.16365
0.911923
0.911923
1.20518
1.20518
1.20518
1.87486
1.27058
1.0479
1.0801
1.30657
1.26253
1.26253
1.26253
1.26253
1.00877
1.00877
1.00877
1.00877
1.00877
1.00877
1.00877
1.33224
1.33224
0.718515
1.2851
1.6078
1.01804
1.35484
2.90175
1.38791
1.38791
1.38791
1.38791
1.38791
1.46319
1.46319
1.46319
1.46319
1.46319
1.46319
1.46319
1.46319
1.46319
1.46319
1.46319
1.1486
1.1486
1.1486
1.1486
0.364387
0.364387
1.11828
0.574151
0.812183
0.812183
1.89111
1.89111
0.661841
0.661841
0.661841
0.661841
0.661841
0.661841
0.661841
0.661841
0.661841
0.800731
0.800731
0.800731
0.805646
0.805646
0.805646
0.706611
1.30695
1.30695
1.30695
1.30695
1.30695
1.30695
1.30695
1.30695
1.30695
1.30695
1.30695
1.30695
1.30695
1.30695
0.875698
0.875698
0.875698
1.06483
1.06483
1.06483
1.06483
1.06483
0.503689
0.503689
0.503689
0.503689
0.503689
0.503689
1.07418
0.883992
0.883992
0.883992
0.883992
0.883992
0.883992
0.883992
0.883992
1.62293
1.29304
1.29304
1.29304
1.29304
1.29304
1.3501
1.3501
1.3501
1.09156
1.09156
0.899082
0.899082
0.647908
0.647908
0.647908
0.647908
0.647908
1.12081
0.904975
0.904975
1.32279
1.32279
0.906479
0.906479
0.906479
0.906479
0.906479
0.906479
0.906479
0.906479
0.906479
1.52767
1.52767
0.954581
0.954581
0.954581
0.954581
1.15272
1.15272
1.15272
1.15272
1.15272
1.15272
1.15272
1.15272
1.15272
1.22605
1.22605
1.22605
1.17466
1.25947
1.25947
1.07128
0.802115
0.802115
1.453
1.453
1.453
1.18314
1.22441
0.379948
1.15266
0.550422
0.862186
0.862186
0.862186
0.862186
0.968061
0.814719
0.814719
0.814719
0.814719
0.814719
0.814719
0.814719
0.814719
1.08222
1.08222
1.08222
1.08222
0.754553
0.754553
0.754553
0.754553
0.754553
0.754553
0.922374
1.05705
1.05705
1.05705
1.05705
1.21836
1.21836
1.21836
0.768869
0.768869
0.768869
0.768869
0.768869
0.768869
0.768869
0.768869
1.68992
1.68992
1.08647
1.47746
1.47746
0.637352
1.15656
1.15656
1.15656
1.15656
1.15751
1.15751
1.15751
1.15751
1.10275
0.991154
0.991154
0.991154
0.991154
0.659448
0.885644
0.729885
0.901719
0.901719
0.901719
0.901719
0.96634
0.96634
0.96634
0.96634
0.96634
0.894094
0.894094
0.93217
0.93217
0.93217
1.23227
1.23227
0.661225
0.661225
0.661225
0.661225
0.661225
0.932722
1.02274
1.02274
1.02274
1.38971
1.38971
1.38971
1.38971
0.678396
0.678396
1.55538
1.05266
1.05266
1.05266
0.585828
0.585828
1.10652
1.10652
1.10652
1.10652
1.10652
0.627379
0.627379
0.627379
1.13282
1.13282
1.3143
1.3143
1.75308
1.75308
1.0065
1.0065
1.0065
1.0065
1.1575
1.1575
1.1575
0.843777
0.843777
0.843777
0.903687
0.903687
0.903687
0.903687
0.903687
0.903687
0.903687
0.903687
0.903687
0.903687
0.552206
0.983762
0.454166
0.454166
0.454166
0.399232
0.399232
0.399232
0.706823
0.648461
0.648461
0.773322
0.773322
0.763213
0.763213
0.763213
0.763213
0.877478
1.19821
1.30909
1.30909
0.823784
1.03168
0.894494
1.27678
1.27678
0.730435
0.730435
1.04835
0.819724
0.819724
0.819724
0.80682
1.40617
1.40617
1.40617
1.40617
1.40617
1.40617
1.40617
1.40617
1.40617
1.40617
1.40617
1.40617
1.10302
1.10302
1.32518
1.32518
1.32518
0.842289
0.842289
1.07456
0.624255
0.624255
0.624255
0.624255
0.624255
0.624255
0.496234
1.10652
1.10652
0.589069
0.576313
0.576313
1.53812
1.53812
1.47206
1.47206
1.47206
1.07724
1.07724
1.07724
0.565578
0.565578
0.565578
1.04141
0.783891
0.783891
1.09994
0.712475
0.712475
0.450861
0.450861
0.450861
0.544284
0.952111
0.904176
0.9667
0.695667
0.695667
0.695667
0.688483
0.512296
0.98505
0.905441
1.97739
2.05581
1.60169
1.00785
1.40915
1.50072
0.589098
1.09844
1.09844
1.09844
1.09844
1.09844
0.447948
0.447948
0.447948
0.596894
0.553397
0.455441
0.489174
0.722989
0.722989
0.722989
0.722989
0.722989
0.722989
0.722989
0.722989
0.722989
0.722989
0.722989
0.722989
0.973765
0.973765
0.648171
0.428985
1.04957
1.04957
1.06384
1.06384
0.879122
0.879122
