0.445545 1.06726
0.432 0.881362
0.433333 0.881362
0.457143 1.18928
0.46 1.26041
0.431111 0.863069
0.436 0.92511
0.414545 0.574557
0.42 0.629823
0.430769 0.787263
0.44 0.937263
0.44 0.937263
0.4375 0.89149
0.430588 0.759629
0.431111 0.759629
0.429474 0.718854
0.43 0.718854
0.432381 0.75694
0.436364 0.830719
0.44 0.902273
0.438333 0.867533
0.4448 1.00261
0.443077 0.969753
0.445926 1.03377
0.45 1.12738
0.451034 1.15783
0.442667 0.979449
0.43871 0.892293
0.435 0.807067
0.435152 0.807067
0.436471 0.834284
0.433143 0.754295
0.437778 0.858835
0.437838 0.858835
0.441053 0.934281
0.44 0.909593
0.44 0.909593
0.439024 0.885772
0.44381 1.00284
0.445581 1.04889
0.447273 1.09418
