601 765 0 0 0 0 0 0 0 0 0 0 0 286 0 0 0 0 167 217 0 0 0 0 1 0 0 0 0 0 0 0 0 0 1 1 0 3 0 0 0 136 0 0 0 0 0 97 0 0 0 0 0 0 0 0 0 0 0 0 0 0 0 0 0 0 0 0 0 0 2275
609 751 0 0 0 0 0 0 0 0 0 0 0 292 0 0 0 0 168 216 0 0 0 0 1 0 0 0 0 0 0 0 0 0 0 1 0 3 0 0 0 137 0 0 0 0 0 97 0 0 0 0 0 0 0 0 0 0 0 0 0 0 0 0 0 0 0 0 0 0 0 0 0 0 0 2275
613 746 0 0 0 0 0 0 0 0 0 0 0 292 0 0 0 167 0 213 0 0 0 0 1 0 0 0 0 0 0 0 0 0 0 1 0 3 0 0 0 141 0 0 0 0 0 98 0 0 0 0 0 0 0 0 0 0 0 0 0 0 0 0 0 0 0 0 0 0 0 0 0 0 0 0 0 0 0 0 0 0 0 0 0 0 0 0 0 0 0 0 0 0 0 0 0 0 0 0 0 2275
608 741 0 0 0 0 0 0 0 0 0 0 0 294 0 0 0 168 0 217 0 0 0 0 1 0 0 0 0 0 0 0 0 0 0 1 0 3 0 0 0 141 0 0 0 0 0 101 0 0 0 0 0 0 0 0 0 0 0 0 0 0 0 0 0 2275
603 745 0 0 0 0 0 0 0 0 0 0 0 297 0 0 0 164 0 216 0 0 0 0 1 0 0 0 0 0 0 0 0 0 0 1 0 3 0 0 0 143 0 0 0 0 0 102 0 0 0 0 0 0 0 0 0 0 0 0 0 0 0 0 2275
599 747 0 0 0 0 0 0 0 0 0 0 0 299 0 0 0 166 0 216 0 0 0 0 1 0 0 0 0 0 0 0 0 0 0 1 0 3 0 0 0 141 0 0 0 0 0 102 0 0 0 0 0 0 0 0 0 0 0 0 0 0 0 0 0 0 0 0 0 0 0 0 0 2275
590 738 0 0 0 0 0 0 0 0 0 0 0 314 0 0 0 166 0 216 0 0 0 0 1 0 0 0 0 0 0 0 0 0 0 1 0 3 0 0 0 140 0 0 0 0 0 106 0 0 0 0 0 0 0 0 0 0 0 0 0 0 0 0 0 0 0 0 0 0 0 0 0 0 0 0 0 0 0 0 0 0 0 0 0 0 0 0 0 0 0 2275
596 731 0 0 0 0 0 0 0 0 0 0 0 311 0 0 171 0 0 216 0 0 0 0 1 0 0 0 0 0 0 0 0 0 0 1 0 3 0 0 0 139 0 0 0 0 0 106 0 0 0 0 0 0 0 0 0 0 0 0 0 0 0 0 0 0 0 0 0 0 0 0 0 0 0 0 2275
592 732 0 0 0 0 0 0 0 0 0 0 0 313 0 0 173 0 0 215 0 0 0 0 1 0 0 0 0 0 0 0 0 0 0 1 0 3 0 0 0 139 0 0 0 0 0 106 0 0 0 0 0 0 0 0 0 0 0 0 0 0 0 0 0 0 0 0 0 0 0 0 0 0 0 0 0 0 0 2275
585 731 0 0 0 0 0 0 0 0 0 0 0 315 0 0 172 0 0 216 0 0 0 0 1 0 0 0 0 0 0 0 0 0 0 1 0 3 0 0 0 145 0 0 0 0 0 106 0 0 0 0 0 0 0 0 0 0 0 0 0 0 0 0 0 0 0 0 0 0 0 0 2275
578 733 0 0 0 0 0 0 0 0 0 0 0 314 0 0 170 0 0 222 0 0 0 0 1 0 0 0 0 0 0 0 0 0 0 1 0 3 0 0 0 149 0 0 0 0 0 104 0 0 0 0 0 0 0 0 0 0 0 0 0 0 0 0 0 0 0 0 0 0 0 0 0 0 0 0 2275
578 729 0 0 0 0 0 0 0 0 0 0 0 315 0 0 176 0 0 217 0 0 0 0 0 1 0 0 0 0 0 0 0 0 0 1 0 3 0 0 0 151 0 0 0 0 0 104 0 0 0 0 0 0 0 0 0 0 0 0 0 0 0 0 0 0 0 0 0 0 0 0 0 0 0 0 0 0 0 0 0 0 0 0 2275
576 722 0 0 0 0 0 0 0 0 0 0 0 322 0 0 181 0 0 218 0 0 0 0 0 1 0 0 0 0 0 0 0 0 0 1 0 3 0 0 0 150 0 0 0 0 0 101 0 0 0 0 0 0 0 0 0 0 0 0 0 0 0 0 0 0 0 0 0 0 0 0 0 0 0 0 0 0 0 0 2275
579 727 0 0 0 0 0 0 0 0 0 0 0 324 0 0 176 0 0 213 0 0 0 0 0 1 0 0 0 0 0 0 0 0 0 1 0 0 2 0 0 148 0 0 0 0 0 104 0 0 0 0 0 0 0 0 0 0 0 0 0 0 0 0 0 0 0 0 0 0 0 0 0 0 0 0 0 0 0 0 0 0 0 0 0 0 2275
577 733 0 0 0 0 0 0 0 0 0 0 0 321 0 0 173 0 0 215 0 0 0 0 0 1 0 0 0 0 0 0 0 0 0 1 0 0 2 0 0 149 0 0 0 0 0 103 0 0 0 0 0 0 0 0 0 0 0 0 0 0 0 0 0 0 0 0 0 0 0 2275
574 739 0 0 0 0 0 0 0 0 0 0 0 314 0 0 177 0 0 215 0 0 0 0 0 1 0 0 0 0 0 0 0 0 0 1 0 0 2 0 0 148 0 0 0 0 0 104 0 0 0 0 0 0 0 0 0 0 0 0 0 0 0 0 0 0 0 0 0 0 0 0 0 0 2275
579 743 0 0 0 0 0 0 0 0 0 0 0 307 0 0 177 0 0 211 0 0 0 0 0 1 0 0 0 0 0 0 0 0 0 1 0 0 2 0 0 149 0 0 0 0 0 105 0 0 0 0 0 0 0 0 0 0 0 0 0 0 0 0 0 0 0 0 0 0 0 0 0 0 0 0 0 0 0 0 0 0 0 0 2275
586 748 0 0 0 0 0 0 0 0 0 0 0 295 0 0 175 0 0 213 0 0 0 0 0 1 0 0 0 0 0 0 0 0 0 1 0 0 2 0 0 150 0 0 0 0 0 104 0 0 0 0 0 0 0 0 0 0 0 0 0 0 0 0 0 0 0 0 0 0 0 0 0 0 0 0 0 0 0 0 0 0 0 0 0 0 0 0 0 0 0 0 0 0 0 0 0 2275
579 746 0 0 0 0 0 0 0 0 0 0 0 298 0 0 175 0 0 218 0 0 0 0 0 1 0 0 0 0 0 0 0 0 0 1 0 0 2 0 0 152 0 0 0 0 0 103 0 0 0 0 0 0 0 0 0 0 0 0 0 0 0 0 0 0 0 0 0 0 0 0 0 0 0 0 0 0 0 0 0 0 0 0 0 0 0 0 0 0 0 0 0 0 0 0 0 0 0 0 0 2275
585 744 0 0 0 0 0 0 0 0 0 0 0 290 0 0 174 0 0 214 0 0 0 0 0 1 0 0 0 0 0 0 0 0 0 1 0 0 2 0 0 160 0 0 0 0 0 104 0 0 0 0 0 0 0 0 0 0 0 0 0 0 0 0 0 0 0 0 0 0 0 0 0 0 0 0 0 0 0 0 0 0 0 0 0 0 0 0 2275
587 740 0 0 0 0 0 0 0 0 0 0 0 298 0 0 172 0 209 0 0 0 0 0 0 0 1 0 0 0 0 0 0 0 0 1 0 0 2 0 0 160 0 0 0 0 0 105 0 0 0 0 0 0 0 0 0 0 0 0 0 0 0 0 0 0 0 0 0 0 0 0 0 0 0 0 0 0 0 0 0 0 0 0 0 0 0 0 0 0 0 0 0 0 0 0 0 0 0 0 0 0 0 0 0 0 0 0 0 0 0 0 0 2275
741 586 0 0 0 0 0 0 0 0 0 0 0 297 0 0 173 0 209 0 0 0 0 0 0 0 1 0 0 0 0 0 0 0 0 1 0 0 2 0 0 160 0 0 0 0 0 105 0 0 0 0 0 0 0 0 0 0 0 0 0 0 0 0 0 0 2275
746 581 0 0 0 0 0 0 0 0 0 0 0 295 0 0 174 0 208 0 0 0 0 0 0 0 1 0 0 0 0 0 0 0 1 0 0 0 0 2 0 162 0 0 0 0 0 105 0 0 0 0 0 0 0 0 0 0 0 0 0 0 0 0 0 0 0 0 0 0 0 0 0 0 0 0 0 0 0 2275
748 578 0 0 0 0 0 0 0 0 0 0 0 295 0 0 176 0 211 0 0 0 0 0 0 0 1 0 0 0 0 0 0 0 1 0 0 0 0 2 0 158 0 0 0 0 0 105 0 0 0 0 0 0 0 0 0 0 0 0 0 0 0 0 0 0 0 0 0 0 0 0 2275
739 580 0 0 0 0 0 0 0 0 0 0 0 297 0 0 166 0 213 0 0 0 0 0 0 0 1 0 0 0 0 0 0 0 1 0 0 0 0 0 2 170 0 0 0 0 0 106 0 0 0 0 0 0 0 0 0 0 0 0 0 0 0 0 0 0 0 0 0 0 0 0 0 0 0 0 0 0 0 0 0 0 0 0 0 0 0 0 0 2275
743 577 0 0 0 0 0 0 0 0 0 0 0 294 0 0 167 0 215 0 0 0 0 0 0 0 1 0 0 0 0 0 0 0 1 0 0 0 0 0 2 168 0 0 0 0 0 107 0 0 0 0 0 0 0 0 0 0 0 0 0 0 0 0 0 0 0 0 0 0 0 0 0 0 2275
736 574 0 0 0 0 0 0 0 0 0 0 0 307 0 0 171 0 209 0 0 0 0 0 0 0 1 0 0 0 0 0 0 0 1 0 0 0 0 0 2 166 0 0 0 0 108 0 0 0 0 0 0 0 0 0 0 0 0 0 0 0 0 0 0 0 0 0 0 0 0 0 0 0 0 0 0 0 2275
735 569 0 0 0 0 0 0 0 0 0 0 0 312 0 0 172 0 212 0 0 0 0 0 0 0 0 1 0 0 0 0 0 0 1 0 0 0 0 0 2 163 0 0 0 0 108 0 0 0 0 0 0 0 0 0 0 0 0 0 0 0 0 0 0 0 0 0 0 0 0 0 0 0 0 0 0 0 0 0 0 0 0 0 0 0 2275
738 572 0 0 0 0 0 0 0 0 0 0 0 308 0 0 167 0 210 0 0 0 0 0 0 0 0 1 0 0 0 0 0 0 1 0 0 0 0 0 2 168 0 0 0 0 108 0 0 0 0 0 0 0 0 0 0 0 0 0 0 0 0 0 0 0 0 0 0 0 0 0 0 0 0 0 0 0 0 0 0 0 0 0 0 0 0 0 0 0 0 0 0 0 0 0 0 0 0 0 0 0 0 0 0 0 0 0 0 0 0 0 0 0 0 0 2275
733 569 0 0 0 0 0 0 0 0 0 0 0 318 0 0 167 0 207 0 0 0 0 0 0 0 0 1 0 0 0 0 0 0 1 0 0 0 0 0 2 169 0 0 0 0 108 0 0 0 0 0 0 0 0 0 0 0 0 0 0 0 0 0 0 0 0 0 0 0 0 0 0 0 0 0 0 0 0 0 0 0 0 0 0 0 0 0 0 0 0 0 0 2275
733 570 0 0 0 0 0 0 0 0 0 0 0 314 0 0 167 0 209 0 0 0 0 0 0 0 0 1 0 0 0 0 0 0 1 0 0 0 0 0 2 170 0 0 0 0 108 0 0 0 0 0 0 0 0 0 0 0 0 0 0 0 0 0 0 0 0 0 0 0 0 0 0 0 2275
732 569 0 0 0 0 0 0 0 0 0 0 0 308 0 0 0 167 212 0 0 0 0 0 0 0 0 0 1 0 0 0 0 0 1 0 0 0 0 0 2 175 0 0 0 0 108 0 0 0 0 0 0 0 0 0 0 0 0 0 0 0 0 0 0 0 0 0 0 0 0 2275
734 562 0 0 0 0 0 0 0 0 0 0 0 316 0 0 0 167 211 0 0 0 0 0 0 0 0 0 1 0 0 0 0 0 1 0 0 0 0 2 0 172 0 0 0 0 109 0 0 0 0 0 0 0 0 0 0 0 0 0 0 0 0 0 0 0 0 0 2275
738 565 0 0 0 0 0 0 0 0 0 0 0 309 0 0 0 169 212 0 0 0 0 0 0 0 0 0 1 0 0 0 0 0 1 0 0 0 2 0 0 169 0 0 0 0 109 0 0 0 0 0 0 0 0 0 0 0 0 0 0 0 0 0 0 0 0 0 0 0 0 0 0 0 0 0 0 0 0 0 0 0 0 0 0 0 0 0 0 0 0 0 0 0 0 0 0 0 0 0 0 0 0 0 0 0 0 0 0 2275
741 566 0 0 0 0 0 0 0 0 0 0 0 305 0 0 0 168 217 0 0 0 0 0 0 0 0 0 1 0 0 0 0 0 1 0 0 0 2 0 0 166 0 0 0 0 108 0 0 0 0 0 0 0 0 0 0 0 0 0 0 0 0 0 0 0 0 0 0 0 0 0 0 0 0 0 0 2275
754 571 0 0 0 0 0 0 0 0 0 0 0 295 0 0 0 162 213 0 0 0 0 0 0 0 0 0 1 0 0 0 0 0 1 0 0 0 2 0 0 166 0 0 0 0 110 0 0 0 0 0 0 0 0 0 0 0 0 0 0 0 0 0 0 0 0 0 0 0 0 0 0 0 0 0 0 0 0 0 0 0 0 0 0 0 0 0 0 0 0 0 0 0 2275
749 566 0 0 0 0 0 0 0 0 0 0 0 301 0 0 0 162 215 0 0 0 0 0 0 0 0 1 0 0 0 0 0 0 1 0 0 0 2 0 0 168 0 0 0 0 110 0 0 0 0 0 0 0 0 0 0 0 0 0 0 0 0 0 0 0 0 0 0 2275
751 571 0 0 0 0 0 0 0 0 0 0 0 290 0 0 0 159 218 0 0 0 0 0 0 0 0 1 0 0 0 0 0 0 1 0 0 0 2 0 0 171 0 0 0 0 111 0 0 0 0 0 0 0 0 0 0 0 0 0 0 0 0 0 0 0 0 0 0 0 0 0 0 0 2275
744 575 0 0 0 0 0 0 0 0 0 0 0 292 0 0 0 161 220 0 0 0 0 0 0 0 0 1 0 0 0 0 0 0 1 0 0 0 2 0 0 171 0 0 0 0 108 0 0 0 0 0 0 0 0 0 0 0 0 0 0 0 0 0 0 0 0 0 0 0 0 0 0 0 0 0 0 0 0 2275
747 567 0 0 0 0 0 0 0 0 0 0 0 296 0 0 0 154 223 0 0 0 0 0 0 0 0 1 0 0 0 0 0 0 1 0 0 0 2 0 0 177 0 0 0 0 107 0 0 0 0 0 0 0 0 0 0 0 0 0 0 0 0 0 0 0 0 0 0 0 0 0 0 0 0 0 0 0 0 0 0 0 0 2275
566 745 0 0 0 0 0 0 0 0 0 0 0 297 0 0 0 161 220 0 0 0 1 0 0 0 0 1 0 0 0 0 0 1 0 0 0 0 2 0 0 172 0 0 0 0 109 0 0 0 0 0 0 0 0 0 0 0 0 0 0 0 0 0 0 2275
561 747 0 0 0 0 0 0 0 0 0 0 0 301 0 0 0 162 219 0 0 1 0 0 0 0 0 1 0 0 0 0 0 1 0 0 0 0 2 0 0 169 0 0 0 0 111 0 0 0 0 0 0 0 0 0 0 0 0 0 0 0 0 0 0 0 0 0 0 0 0 0 0 0 0 0 0 0 0 0 0 0 0 0 0 0 2275
564 747 0 0 0 0 0 0 0 0 0 0 0 305 0 0 0 161 213 0 0 0 0 0 0 0 0 1 0 0 0 0 0 1 0 0 0 0 2 0 0 169 0 0 0 0 112 0 0 0 0 0 0 0 0 0 0 0 0 0 0 0 0 0 0 0 0 0 0 0 0 0 0 0 0 0 0 0 0 0 0 0 0 0 0 0 0 0 0 0 0 0 0 0 0 0 0 0 0 0 0 0 0 0 0 0 0 0 0 0 0 0 0 0 0 0 0 0 0 0 0 0 0 2275
559 742 0 0 0 0 0 0 0 0 0 0 0 310 0 0 0 167 215 0 0 0 0 0 0 0 1 0 0 0 0 0 0 1 0 0 0 2 0 0 0 167 0 0 0 0 111 0 0 0 0 0 0 0 0 0 0 0 0 0 0 0 0 0 0 0 0 0 0 0 0 0 0 0 0 0 0 0 0 0 0 0 2275
561 735 0 0 0 0 0 0 0 0 0 0 0 312 0 0 0 165 215 0 0 0 0 0 0 1 0 0 0 0 0 0 1 0 0 0 0 2 0 0 0 171 0 0 0 0 112 0 0 0 0 0 0 0 0 0 0 0 0 0 0 0 0 0 0 0 0 0 0 0 0 0 0 0 0 0 0 0 0 0 0 0 0 0 0 0 2275
565 738 0 0 0 0 0 0 0 0 0 0 0 300 0 0 0 165 217 0 0 0 0 0 0 1 0 0 0 0 0 0 1 0 0 0 0 2 0 0 0 174 0 0 0 0 112 0 0 0 0 0 0 0 0 0 0 0 0 0 0 0 0 0 0 0 0 0 0 0 0 0 0 0 0 0 0 2275
557 746 0 0 0 0 0 0 0 0 0 0 0 305 0 0 0 159 215 0 0 0 0 0 0 1 0 0 0 0 0 0 1 0 0 0 0 2 0 0 0 176 0 0 0 0 113 0 0 0 0 0 0 0 0 0 0 0 0 0 0 0 0 0 0 0 0 0 0 0 0 0 0 0 0 0 0 0 0 0 0 0 0 0 0 2275
568 741 0 0 0 0 0 0 0 0 0 0 0 304 0 0 0 161 210 0 0 0 0 0 0 1 0 0 0 0 0 0 1 0 0 0 0 2 0 0 0 173 0 0 0 0 114 0 0 0 0 0 0 0 0 0 0 0 0 0 0 0 0 0 0 0 0 0 0 0 0 0 0 0 0 0 0 0 0 0 0 0 0 0 0 0 0 0 0 0 0 0 0 0 0 0 0 0 0 0 0 0 0 0 0 0 0 0 0 2275
565 743 0 0 0 0 0 0 0 0 0 0 300 0 0 0 0 159 211 0 0 0 0 0 0 1 0 0 0 0 0 0 2 0 0 0 0 1 0 0 0 178 0 0 0 0 115 0 0 0 0 0 0 0 0 0 0 0 0 0 0 0 0 0 0 0 0 0 0 2275
566 756 0 0 0 0 0 0 0 0 0 0 313 0 0 0 0 190 210 0 0 0 0 0 0 1 0 0 0 0 0 0 2 0 0 0 0 1 0 0 0 123 0 0 0 0 113 0 0 0 0 0 0 0 0 0 0 0 0 0 0 0 0 0 0 0 0 2275
567 764 0 0 0 0 0 0 0 0 0 0 301 0 0 0 0 187 221 0 0 0 0 0 0 1 0 0 0 0 0 0 2 0 0 0 0 1 0 0 0 120 0 0 0 0 111 0 0 0 0 0 0 0 0 0 0 0 0 0 0 0 0 0 0 0 0 0 0 0 0 0 0 0 0 0 0 0 0 0 0 0 0 0 0 2275
571 761 0 0 0 0 0 0 0 0 0 0 304 0 0 0 0 184 214 0 0 0 0 0 0 1 0 0 0 0 0 0 2 0 0 0 0 1 0 0 0 122 0 0 0 0 115 0 0 0 0 0 0 0 0 0 0 0 0 0 0 0 0 0 0 0 0 0 0 0 0 0 0 2275
566 766 0 0 0 0 0 0 0 0 0 311 0 0 0 0 0 177 215 0 0 0 0 0 0 1 0 0 0 0 0 0 2 0 0 0 0 1 0 0 0 123 0 0 0 0 113 0 0 0 0 0 0 0 0 0 0 0 0 0 0 0 0 0 0 0 0 0 0 0 0 0 0 0 0 0 0 0 0 0 0 0 0 0 2275
566 763 0 0 0 0 0 0 0 0 0 310 0 0 0 0 0 177 215 0 0 0 0 0 0 1 0 0 0 0 0 0 2 0 0 0 0 1 0 0 0 127 0 0 0 0 113 0 0 0 0 0 0 0 0 0 0 0 0 0 0 0 0 0 0 0 0 0 0 0 0 0 0 0 0 0 0 0 0 0 0 0 2275
562 759 0 0 0 0 0 0 0 0 0 313 0 0 0 0 0 173 221 0 0 0 0 0 0 1 0 0 0 0 0 0 2 0 0 0 0 1 0 0 0 129 0 0 0 114 0 0 0 0 0 0 0 0 0 0 0 0 0 0 0 0 0 0 0 0 0 0 0 0 2275
557 755 0 0 0 0 0 0 0 0 0 315 0 0 0 0 0 178 220 0 0 0 0 0 0 1 0 0 0 0 0 0 2 0 0 0 0 1 0 0 131 0 0 0 0 115 0 0 0 0 0 0 0 0 0 0 0 0 0 0 0 0 0 0 0 0 0 0 0 0 0 0 0 0 0 0 0 0 0 0 0 2275
566 748 0 0 0 0 0 0 0 0 0 311 0 0 0 0 0 175 219 0 0 0 0 0 0 1 0 0 0 0 0 0 2 0 0 0 0 1 0 0 136 0 0 0 0 116 0 0 0 0 0 0 0 0 0 0 0 0 0 0 0 0 0 0 0 0 0 0 0 0 0 0 0 0 0 0 0 0 0 0 0 0 0 0 0 0 0 0 0 0 0 0 0 0 0 0 0 0 0 2275
568 751 0 0 0 0 0 0 0 0 0 305 0 0 0 0 0 175 218 0 0 0 0 0 0 1 0 0 0 0 0 0 2 0 0 0 0 1 0 0 139 0 0 0 0 115 0 0 0 0 0 0 0 0 0 0 0 0 0 0 0 0 0 0 0 0 0 0 0 0 0 0 0 0 0 0 0 0 2275
568 752 0 0 0 0 0 0 0 0 0 296 0 0 0 0 0 177 221 0 0 0 0 0 0 1 0 0 0 0 0 0 2 0 0 0 0 1 0 0 143 0 0 0 0 114 0 0 0 0 0 0 0 0 0 0 0 0 0 2275
558 756 0 0 0 0 0 0 0 0 0 296 0 0 0 0 0 184 220 0 0 0 0 0 0 1 0 0 0 0 0 0 2 0 0 0 0 1 0 0 143 0 0 0 0 114 0 0 0 0 0 0 0 0 0 0 0 0 0 0 0 0 0 0 0 0 0 0 0 0 0 0 0 0 0 0 0 0 0 0 0 0 0 0 0 0 2275
564 746 0 0 0 0 0 0 0 0 0 286 0 0 0 0 0 188 221 0 0 0 0 0 0 1 0 0 0 0 0 0 2 0 0 0 0 1 0 0 152 0 0 0 0 114 0 0 0 0 0 0 0 0 0 0 0 0 0 0 0 0 0 0 2275
562 753 0 0 0 0 0 0 0 0 0 288 0 0 0 0 182 0 216 0 0 0 0 0 0 1 0 0 0 0 0 0 2 0 0 0 0 1 0 0 156 0 0 0 0 114 0 0 0 0 0 0 0 0 0 0 0 0 0 0 0 0 0 0 0 0 0 0 0 0 0 0 0 0 0 0 0 0 0 0 0 0 0 0 0 0 0 0 0 0 0 0 0 0 0 2275
568 745 0 0 0 0 0 0 0 0 0 286 0 0 0 0 182 0 218 0 0 0 0 0 0 1 0 0 0 0 0 0 0 2 0 0 0 1 0 158 0 0 0 0 0 114 0 0 0 0 0 0 0 0 0 0 0 0 0 0 0 0 0 0 0 0 0 0 0 0 0 0 0 0 0 2275
568 739 0 0 0 0 0 0 0 0 0 296 0 0 0 0 179 0 213 0 0 0 0 0 0 1 0 0 0 0 0 0 0 2 0 0 0 1 0 164 0 0 0 0 0 112 0 0 0 0 0 0 0 0 0 0 0 0 0 0 0 0 0 0 0 0 0 0 0 0 0 0 0 0 0 0 0 0 0 0 0 0 0 0 0 0 2275
568 734 0 0 0 0 0 0 0 0 0 297 0 0 0 0 182 0 214 0 0 0 0 0 1 0 0 0 0 0 0 0 0 0 2 0 0 1 0 164 0 0 0 0 0 112 0 0 0 0 0 0 0 0 0 0 0 0 0 0 0 0 0 0 0 0 0 0 0 0 0 0 0 0 0 0 0 0 0 0 0 2275
573 733 0 0 0 0 0 0 0 0 0 0 290 0 0 0 180 0 219 0 0 0 0 0 1 0 0 0 0 0 0 0 0 0 2 0 0 1 0 167 0 0 0 0 0 109 0 0 0 0 0 0 0 0 0 0 0 0 0 0 0 0 0 0 0 0 0 0 0 0 0 0 0 0 0 0 0 0 0 0 0 0 0 0 0 0 0 0 0 0 0 0 0 0 0 0 2275
570 0 728 0 0 0 0 0 0 0 0 0 291 0 0 0 176 0 222 0 0 0 0 0 1 0 0 0 0 0 0 0 0 0 2 0 0 1 0 171 0 0 0 0 0 113 0 0 0 0 0 0 0 0 0 0 0 0 0 0 0 0 0 0 0 0 0 0 0 0 0 0 0 0 0 0 0 0 0 0 0 0 0 0 0 0 0 0 0 2275
572 0 723 0 0 0 0 0 0 0 0 0 296 0 0 0 172 0 220 0 0 0 0 0 1 0 0 0 0 0 0 0 0 0 2 0 0 1 0 177 0 0 0 0 0 111 0 0 0 0 0 0 0 0 0 0 0 0 0 0 0 0 0 0 0 0 0 0 0 0 0 0 0 0 0 0 0 0 0 0 0 0 0 0 0 0 0 0 2275
573 0 726 0 0 0 0 0 0 0 0 0 291 0 0 0 178 0 219 0 0 0 0 0 0 1 0 0 0 0 0 0 0 0 2 0 0 1 0 176 0 0 0 0 0 108 0 0 0 0 0 0 0 0 0 0 0 0 0 0 0 0 0 0 0 0 0 0 0 0 0 0 0 0 0 0 0 0 0 0 0 0 0 0 0 0 0 0 2275
564 0 720 0 0 0 0 0 0 0 0 0 310 0 0 0 172 0 0 219 0 0 0 0 0 1 0 0 0 0 0 0 0 0 2 0 1 0 0 179 0 0 0 0 0 107 0 0 0 0 0 0 0 0 0 0 0 0 0 0 0 0 0 0 0 0 0 0 0 0 0 0 0 0 0 0 0 0 0 0 0 0 0 0 0 0 2275
567 0 729 0 0 0 0 0 0 0 0 0 301 0 0 0 175 0 0 218 0 0 0 0 0 1 0 0 0 0 0 0 0 0 2 0 1 0 0 173 0 0 0 0 0 108 0 0 0 0 0 0 0 0 0 0 0 0 0 0 0 0 0 0 0 0 0 0 0 0 0 0 0 0 2275
568 729 0 0 0 0 0 0 0 0 0 0 303 0 0 0 174 0 0 214 0 0 0 0 0 1 0 0 0 0 0 0 0 0 2 0 0 1 0 177 0 0 0 0 0 106 0 0 0 0 0 0 0 0 0 0 0 0 0 0 0 0 0 0 0 0 0 0 0 0 0 0 0 0 0 0 0 0 2275
558 731 0 0 0 0 0 0 0 0 0 0 308 0 0 0 173 0 0 215 0 0 0 0 0 1 0 0 0 0 0 0 0 0 2 0 0 1 0 177 0 0 0 0 0 109 0 0 0 0 0 0 0 0 0 0 0 0 0 0 0 0 0 0 0 0 0 0 0 0 0 0 2275
559 738 0 0 0 0 0 0 0 0 0 0 295 0 0 0 172 0 0 218 0 0 0 0 0 0 1 0 0 0 0 0 0 0 2 0 0 1 0 182 0 0 0 0 0 107 0 0 0 0 0 0 0 0 0 0 0 0 0 0 0 0 0 0 0 0 0 0 0 0 0 0 0 0 0 0 0 0 0 0 0 0 0 0 0 0 0 0 0 2275
748 561 0 0 0 0 0 0 0 0 0 0 289 0 0 0 169 0 0 214 0 0 0 0 0 0 1 0 0 0 0 0 0 0 2 0 0 1 0 182 0 0 0 0 0 108 0 0 0 0 0 0 0 0 0 0 0 0 0 0 0 0 0 0 0 0 0 0 0 0 0 0 0 0 0 0 0 0 0 0 0 2275
736 564 0 0 0 0 0 0 0 0 0 0 298 0 0 0 171 0 0 214 0 0 0 0 0 0 1 0 0 0 0 0 0 0 2 0 0 1 180 0 0 0 0 0 0 108 0 0 0 0 0 0 0 0 0 0 0 0 0 0 0 0 0 0 0 0 0 0 0 0 0 0 0 0 0 0 0 0 0 2275
734 562 0 0 0 0 0 0 0 0 0 0 297 0 0 0 169 0 0 219 0 0 0 0 0 0 0 1 0 0 0 0 0 0 2 0 0 1 181 0 0 0 0 0 0 109 0 0 0 0 0 0 0 0 0 0 0 0 0 0 0 0 0 0 0 0 0 0 0 0 0 0 0 0 0 0 0 0 0 0 0 0 0 0 0 0 0 0 0 0 0 2275
741 556 0 0 0 0 0 0 0 0 0 0 301 0 0 0 166 0 0 218 0 0 0 0 0 0 0 1 0 0 0 0 0 0 2 0 0 1 178 0 0 0 0 0 0 111 0 0 0 0 0 0 0 0 0 0 0 0 0 0 0 0 0 0 0 0 0 0 0 0 0 0 0 0 0 0 0 0 0 0 2275
735 553 0 0 0 0 0 0 0 0 0 0 0 311 0 0 170 0 0 218 0 0 0 0 0 0 0 1 0 0 0 0 0 0 2 0 0 1 175 0 0 0 0 0 0 109 0 0 0 0 0 0 0 0 0 0 0 0 0 0 0 2275
736 561 0 0 0 0 0 0 0 0 0 0 0 305 0 0 169 0 0 217 0 0 0 0 0 0 0 2 0 0 0 0 0 0 1 0 0 175 0 0 0 0 0 0 0 109 0 0 0 0 0 0 0 0 0 0 0 0 0 0 0 0 0 0 0 0 0 0 0 0 0 0 0 0 0 0 0 0 2275
731 563 0 0 0 0 0 0 0 0 0 0 0 308 0 0 166 0 220 0 0 0 0 0 0 0 0 2 0 0 0 0 0 0 1 0 0 174 0 0 0 0 0 0 0 110 0 0 0 0 0 0 0 0 0 0 0 0 0 0 0 0 0 0 0 0 0 0 0 2275
738 569 0 0 0 0 0 0 0 0 0 0 0 297 0 0 170 0 216 0 0 0 0 0 0 0 0 2 0 0 0 0 0 0 1 0 0 174 0 0 0 0 0 0 0 108 0 0 0 0 0 0 0 0 0 0 0 0 0 0 0 0 0 0 0 0 0 0 0 0 0 0 2275
736 571 0 0 0 0 0 0 0 0 0 0 0 292 0 0 166 0 217 0 0 0 0 0 0 0 0 2 0 0 0 0 0 0 1 0 0 182 0 0 0 0 0 0 108 0 0 0 0 0 0 0 0 0 0 0 0 0 0 0 0 0 0 0 0 0 0 0 0 2275
734 572 0 0 0 0 0 0 0 0 0 0 0 293 0 0 166 0 216 0 0 0 0 0 0 0 0 2 0 0 0 0 0 0 1 0 0 182 0 0 0 0 0 0 109 0 0 0 0 0 0 0 0 0 0 0 0 0 0 0 0 0 0 0 0 0 0 0 0 0 0 0 0 0 0 0 0 0 0 0 0 0 0 2275
740 565 0 0 0 0 0 0 0 0 0 0 0 288 0 0 172 0 217 0 0 0 0 0 0 0 0 2 0 0 0 0 0 0 1 0 0 179 0 0 0 0 0 0 111 0 0 0 0 0 0 0 0 0 0 0 0 0 0 0 0 0 0 0 0 0 0 2275
737 567 0 0 0 0 0 0 0 0 0 0 0 293 0 0 169 0 217 0 0 0 0 0 0 0 0 2 0 0 0 0 0 0 1 0 0 178 0 0 0 0 0 0 111 0 0 0 0 0 0 0 0 0 0 0 0 0 0 0 0 0 0 0 2275
733 565 0 0 0 0 0 0 0 0 0 0 293 0 0 0 170 0 219 0 0 0 0 0 0 0 0 2 0 0 0 0 0 0 1 0 0 182 0 0 0 0 0 0 110 0 0 0 0 0 0 0 0 0 0 0 0 0 0 0 0 0 0 0 0 0 0 0 0 0 0 0 0 2275
730 570 0 0 0 0 0 0 0 0 0 0 295 0 0 0 163 0 218 0 0 0 0 0 0 0 0 2 0 0 0 0 0 0 1 0 0 186 0 0 0 0 0 0 110 0 0 0 0 0 0 0 0 0 0 0 0 0 0 0 0 0 0 0 0 0 0 0 0 0 0 0 0 0 0 0 0 0 0 0 0 0 0 0 0 0 0 0 0 0 0 0 0 0 0 2275
731 571 0 0 0 0 0 0 0 0 0 0 293 0 0 0 170 0 216 0 0 0 0 0 0 0 0 0 2 0 0 0 0 0 1 0 0 178 0 0 0 0 0 0 113 0 0 0 0 0 0 0 0 0 0 0 0 0 0 0 0 0 0 0 0 0 0 0 0 0 0 0 0 0 0 0 0 0 0 0 0 0 0 0 0 0 0 0 0 0 0 0 0 0 2275
728 564 0 0 0 0 0 0 0 0 0 0 306 0 0 0 164 0 216 0 0 0 0 0 0 0 0 0 2 0 0 0 0 0 1 0 0 181 0 0 0 0 0 113 0 0 0 0 0 0 0 0 0 0 0 0 0 0 0 0 0 0 0 0 0 0 0 0 0 0 0 0 0 0 0 0 0 0 0 0 0 0 0 0 0 0 0 2275
721 561 0 0 0 0 0 0 0 0 0 0 316 0 0 0 164 0 219 0 0 0 0 0 0 0 0 0 2 0 0 0 0 0 1 0 0 179 0 0 0 0 0 112 0 0 0 0 0 0 0 0 0 0 0 0 0 0 0 0 0 0 0 0 0 0 0 0 0 0 0 0 0 0 0 0 0 0 2275
722 566 0 0 0 0 0 0 0 0 0 0 310 0 0 0 169 0 214 0 0 0 0 0 0 0 0 0 2 0 0 0 0 0 1 0 0 180 0 0 0 0 0 111 0 0 0 0 0 0 0 0 0 0 0 0 0 0 0 0 0 0 0 0 0 0 0 0 0 0 0 0 0 0 2275
736 552 0 0 0 0 0 0 0 0 0 0 304 0 0 0 172 0 217 0 0 0 0 0 0 0 0 0 2 0 0 0 0 0 1 0 0 180 0 0 0 0 0 111 0 0 0 0 0 0 0 0 0 0 0 0 0 0 0 0 0 0 0 0 0 0 0 0 0 0 0 0 0 0 0 0 0 0 0 0 0 0 0 0 0 0 2275
737 548 0 0 0 0 0 0 0 0 0 0 302 0 0 0 174 216 0 0 0 0 0 0 0 0 0 0 2 0 0 0 0 0 1 0 0 183 0 0 0 0 0 112 0 0 0 0 0 0 0 0 0 0 0 0 0 0 0 0 0 0 0 0 0 0 0 0 0 0 0 0 0 0 0 0 0 0 0 0 0 0 0 0 0 0 0 0 0 0 0 0 0 0 0 0 0 0 0 2275
728 553 0 0 0 0 0 0 0 0 0 0 296 0 0 0 175 222 0 0 0 0 0 0 0 0 0 0 2 0 0 0 0 0 1 0 0 185 0 0 0 0 0 113 0 0 0 0 0 0 0 0 0 0 0 0 0 2275
554 731 0 0 0 0 0 0 0 0 0 0 305 0 0 0 175 214 0 0 0 0 0 0 0 0 0 0 3 0 0 0 0 0 1 0 0 179 0 0 0 0 0 113 0 0 0 0 0 0 0 0 0 0 0 0 0 0 0 0 0 0 0 0 0 0 0 0 2275
550 734 0 0 0 0 0 0 0 0 0 0 303 0 0 0 179 0 214 0 0 0 0 0 0 0 0 2 0 0 0 0 0 0 1 0 0 182 0 0 0 0 0 110 0 0 0 0 0 0 0 0 0 0 0 0 0 0 0 0 0 0 0 0 0 0 0 0 0 0 0 0 0 0 0 0 2275
549 742 0 0 0 0 0 0 0 0 0 0 302 0 0 0 173 214 0 0 0 0 0 0 0 0 0 2 0 0 0 0 0 0 1 0 0 182 0 0 0 0 0 110 0 0 0 0 0 0 0 0 0 0 0 0 0 0 0 0 0 0 0 0 0 0 0 0 0 0 0 0 0 2275
554 733 0 0 0 0 0 0 0 0 0 0 310 0 0 0 174 217 0 0 0 0 0 0 0 0 0 2 0 0 0 0 0 0 1 0 0 175 0 0 0 0 0 109 0 0 0 0 0 0 0 0 0 0 0 0 0 0 0 0 2275
554 737 0 0 0 0 0 0 0 0 0 0 311 0 0 0 169 214 0 0 0 0 0 0 0 0 0 0 2 0 0 0 0 0 1 0 0 178 0 0 0 0 0 109 0 0 0 0 0 0 0 0 0 0 0 0 0 0 0 0 0 0 0 2275
556 743 0 0 0 0 0 0 0 0 0 0 309 0 0 0 167 0 211 0 0 0 0 0 0 0 0 0 2 0 0 0 0 0 1 0 0 178 0 0 0 0 0 108 0 0 0 0 0 0 0 0 0 0 0 0 0 0 0 0 0 0 0 2275
557 728 0 0 0 0 0 0 0 0 0 0 320 0 0 0 165 0 212 0 0 0 0 0 0 0 0 0 2 0 0 0 0 0 1 0 0 183 0 0 0 0 0 107 0 0 0 0 0 0 0 0 0 0 0 0 0 0 0 0 0 0 0 0 0 0 2275
559 732 0 0 0 0 0 0 0 0 0 0 313 0 0 0 167 0 211 0 0 0 0 0 0 0 0 0 0 2 0 0 0 0 1 0 0 183 0 0 0 0 0 107 0 0 0 0 0 0 0 0 0 0 0 0 0 0 0 0 0 0 0 0 0 0 0 0 0 0 0 0 0 0 0 0 0 0 0 0 0 0 0 0 0 0 0 0 2275
736 557 0 0 0 0 0 0 0 0 0 0 311 0 0 0 166 0 0 210 0 0 0 0 0 0 0 0 0 2 0 0 0 0 1 0 0 183 0 0 0 0 0 109 0 0 0 0 0 0 0 0 0 0 0 0 0 0 0 0 0 0 0 0 2275
729 562 0 0 0 0 0 0 0 0 0 0 315 0 0 0 169 0 0 209 0 0 0 0 0 0 0 0 0 2 0 0 0 1 0 0 0 180 0 0 0 0 0 108 0 0 0 0 0 0 0 0 0 0 0 0 0 0 0 0 0 0 0 0 0 0 0 0 0 0 0 0 0 0 0 0 0 0 0 0 0 0 0 0 2275
734 563 0 0 0 0 0 0 0 0 0 0 300 0 0 0 165 0 0 212 0 0 0 0 0 0 0 0 0 2 0 0 0 1 0 0 0 188 0 0 0 0 0 110 0 0 0 0 0 0 0 0 0 0 0 0 0 0 0 0 0 0 0 0 0 0 0 0 2275
728 573 0 0 0 0 0 0 0 0 0 0 297 0 0 0 165 0 0 211 0 0 0 0 0 0 0 0 0 2 0 0 0 1 0 0 0 187 0 0 0 0 0 111 0 0 0 0 0 0 0 0 0 0 0 0 0 0 0 0 0 0 0 0 0 0 0 0 0 0 2275
720 564 0 0 0 0 0 0 0 0 0 0 307 0 0 0 0 165 0 217 0 0 0 0 0 0 0 0 0 2 0 0 0 1 0 0 0 191 0 0 0 0 0 108 0 0 0 0 0 0 0 0 0 0 0 0 0 0 0 0 0 0 0 0 0 0 0 0 0 0 0 0 0 0 0 0 0 2275
724 558 0 0 0 0 0 0 0 0 0 0 308 0 0 0 0 162 0 215 0 0 0 0 0 0 0 0 0 2 0 0 0 1 0 0 0 197 0 0 0 0 0 108 0 0 0 0 0 0 0 0 0 0 0 0 0 0 0 0 0 0 0 0 0 0 0 0 0 0 0 0 0 0 0 2275
728 553 0 0 0 0 0 0 0 0 0 0 308 0 0 0 0 166 0 215 0 0 0 0 0 0 0 0 0 2 0 0 0 1 0 0 0 193 0 0 0 0 0 109 0 0 0 0 0 0 0 0 0 0 0 0 0 0 0 0 0 0 0 0 0 2275
718 561 0 0 0 0 0 0 0 0 0 0 305 0 0 0 0 162 0 218 0 0 0 0 0 0 0 0 0 2 0 0 0 1 0 0 0 198 0 0 0 0 0 110 0 0 0 0 0 0 0 0 0 0 0 0 0 0 0 0 0 0 0 0 0 0 0 0 0 0 0 0 0 0 0 2275
726 563 0 0 0 0 0 0 0 0 0 0 303 0 0 0 0 158 0 214 0 0 0 0 0 0 0 0 0 2 0 0 0 1 0 0 0 197 0 0 0 0 0 111 0 0 0 0 0 0 0 0 0 0 0 0 0 0 0 0 0 0 0 0 0 0 0 0 2275
723 559 0 0 0 0 0 0 0 0 0 0 300 0 0 0 0 162 0 215 0 0 0 0 0 0 0 0 0 2 0 0 0 1 0 0 0 204 0 0 0 0 0 109 0 0 0 0 0 0 0 0 0 0 0 0 0 0 0 0 0 0 0 0 0 0 0 0 0 0 0 0 0 0 0 0 0 0 0 0 0 0 0 0 0 0 0 0 0 0 0 0 2275
721 562 0 0 0 0 0 0 0 0 0 0 302 0 0 0 0 164 0 211 0 0 0 0 0 0 0 0 0 2 0 0 0 1 0 0 0 203 0 0 0 0 0 109 0 0 0 0 0 0 0 0 0 0 0 0 0 0 0 0 2275
722 559 0 0 0 0 0 0 0 0 0 0 304 0 0 0 0 163 0 213 0 0 0 0 0 0 0 0 0 2 0 0 0 1 0 0 202 0 0 0 0 0 0 109 0 0 0 0 0 0 0 0 0 0 0 0 0 0 0 0 0 0 0 0 0 0 0 0 0 2275
716 556 0 0 0 0 0 0 0 0 0 0 307 0 0 0 0 163 0 213 0 0 0 0 0 0 0 0 0 2 0 0 0 1 0 0 0 206 0 0 0 0 0 111 0 0 0 0 0 0 0 0 0 0 0 0 0 0 2275
722 559 0 0 0 0 0 0 0 0 0 0 299 0 0 0 0 166 0 215 0 0 0 0 0 0 0 0 0 2 0 0 0 1 0 0 0 199 0 0 0 0 0 112 0 0 0 0 0 0 0 0 0 0 0 0 0 0 0 0 0 0 0 0 0 0 2275
729 552 0 0 0 0 0 0 0 0 0 0 292 0 0 0 0 168 0 223 0 0 0 0 0 0 0 0 0 2 0 0 0 1 0 0 0 196 0 0 0 0 0 112 0 0 0 0 0 0 0 0 0 0 0 0 0 0 0 0 0 0 0 0 0 0 0 0 0 0 2275
728 557 0 0 0 0 0 0 0 0 0 0 289 0 0 0 0 165 0 222 0 0 0 0 0 0 0 0 0 2 0 0 0 1 0 0 0 200 0 0 0 0 0 111 0 0 0 0 0 0 0 0 0 0 0 0 0 0 0 0 0 0 0 0 0 0 0 0 0 0 0 0 0 0 0 0 0 0 0 2275
722 562 0 0 0 0 0 0 0 0 0 0 293 0 0 0 0 165 0 223 0 0 0 0 0 0 0 0 0 0 2 0 0 1 0 0 0 198 0 0 0 0 0 109 0 0 0 0 0 0 0 0 0 0 0 0 0 0 0 0 0 0 0 0 0 0 0 0 0 0 0 0 0 0 0 0 0 0 0 0 0 0 0 0 0 0 0 0 2275
729 553 0 0 0 0 0 0 0 0 0 0 302 0 0 0 0 161 0 220 0 0 0 0 0 0 0 0 0 0 2 0 0 1 0 0 0 197 0 0 0 0 0 110 0 0 0 0 0 0 0 0 0 0 0 0 0 0 0 0 0 0 0 0 0 0 0 0 0 0 0 0 0 0 0 0 0 2275
729 561 0 0 0 0 0 0 0 0 0 0 297 0 0 0 0 158 0 224 0 0 0 0 0 0 0 0 0 0 0 0 2 1 0 0 0 195 0 0 0 0 0 108 0 0 0 0 0 0 0 0 0 0 0 0 0 0 0 0 0 0 0 0 0 0 0 0 0 2275
724 557 0 0 0 0 0 0 0 0 0 0 302 0 0 0 0 161 0 221 0 0 0 0 0 0 0 0 0 0 0 0 2 1 0 0 198 0 0 0 0 0 0 109 0 0 0 0 0 0 0 0 0 0 0 0 0 0 0 0 0 0 0 0 2275
715 561 0 0 0 0 0 0 0 0 0 0 306 0 0 0 0 165 0 224 0 0 0 0 0 0 0 0 0 0 0 0 2 1 0 0 190 0 0 0 0 0 0 111 0 0 0 0 0 0 0 0 0 0 0 0 0 0 0 0 0 0 0 0 0 0 0 0 0 0 0 0 0 2275
710 565 0 0 0 0 0 0 0 0 0 0 310 0 0 0 0 157 0 221 0 0 0 0 0 0 0 0 0 0 0 0 2 1 0 197 0 0 0 0 0 0 0 112 0 0 0 0 0 0 0 0 0 0 0 0 0 0 0 0 0 0 0 0 0 0 0 0 0 0 0 0 0 0 0 0 0 0 0 2275
713 568 0 0 0 0 0 0 0 0 0 0 300 0 0 0 0 155 0 220 0 0 0 0 0 0 0 0 0 0 0 2 0 1 0 205 0 0 0 0 0 0 0 111 0 0 0 0 0 0 0 0 0 0 0 0 0 0 0 0 0 0 0 0 0 0 0 0 2275
714 568 0 0 0 0 0 0 0 0 0 0 296 0 0 0 0 152 0 221 0 0 0 0 0 0 0 0 0 0 0 2 0 1 0 209 0 0 0 0 0 0 0 112 0 0 0 0 0 0 0 0 0 0 0 0 0 0 0 0 0 0 0 0 0 0 0 0 0 0 0 0 0 0 0 2275
716 570 0 0 0 0 0 0 0 0 0 0 294 0 0 0 0 154 0 221 0 0 0 0 0 0 0 0 0 0 0 0 0 2 0 210 0 0 0 0 0 0 108 0 0 0 0 0 0 0 0 0 0 0 0 0 0 0 0 0 0 0 0 0 0 0 0 0 0 0 0 0 0 0 0 0 0 2275
723 572 0 0 0 0 0 0 0 0 0 0 288 0 0 0 0 152 0 219 0 0 0 0 0 0 0 0 0 0 0 0 0 2 0 213 0 0 0 0 0 0 106 0 0 0 0 0 0 0 0 0 0 0 0 0 0 0 0 0 0 2275
727 566 0 0 0 0 0 0 0 0 0 0 287 0 0 0 0 153 0 220 0 0 0 0 0 0 0 0 0 0 0 0 0 2 215 0 0 0 0 0 0 0 105 0 0 0 0 0 0 0 0 0 0 0 0 0 0 0 0 0 0 0 0 0 0 0 0 0 0 0 0 0 0 0 0 0 0 0 0 0 0 0 0 0 0 0 0 0 0 0 0 0 0 0 0 0 2275
728 558 0 0 0 0 0 0 0 0 0 0 286 0 0 0 154 0 0 222 0 0 0 0 0 0 0 0 0 0 0 0 0 2 219 0 0 0 0 0 0 0 106 0 0 0 0 0 0 0 0 0 0 0 0 0 0 0 0 0 0 0 0 0 0 0 0 0 2275
733 564 0 0 0 0 0 0 0 0 0 0 282 0 0 158 0 0 0 220 0 0 0 0 0 0 0 0 0 0 0 0 0 2 210 0 0 0 0 0 0 0 106 0 0 0 0 0 0 0 0 0 0 0 0 0 0 0 0 0 0 0 0 0 0 0 0 0 0 0 0 0 0 0 0 0 0 0 0 0 0 0 0 0 0 0 0 0 0 0 0 0 0 0 0 0 0 0 0 0 0 0 0 0 0 0 0 2275
726 561 0 0 0 0 0 0 0 0 0 0 279 0 0 159 0 0 0 225 0 0 0 0 0 0 0 0 0 0 0 0 2 0 216 0 0 0 0 0 0 0 107 0 0 0 0 0 0 0 0 0 0 0 0 0 0 0 0 0 0 0 0 0 0 0 0 0 0 0 0 0 0 0 0 0 0 0 0 0 0 0 0 2275
717 560 0 0 0 0 0 0 0 0 0 0 294 0 0 160 0 0 0 216 0 0 0 0 0 0 0 0 0 0 0 0 2 218 0 0 0 0 0 0 0 0 108 0 0 0 0 0 0 0 0 0 0 0 0 0 0 0 0 0 0 0 0 0 0 0 0 0 0 0 0 2275
716 565 0 0 0 0 0 0 0 0 0 0 294 0 0 156 0 0 0 216 0 0 0 0 0 0 0 0 0 0 0 0 2 218 0 0 0 0 0 0 0 0 108 0 0 0 0 0 0 0 0 0 0 0 0 0 0 0 0 0 0 0 0 0 0 0 0 0 0 0 0 0 0 0 0 0 0 2275
722 591 0 0 0 0 0 0 0 0 0 0 291 0 0 156 0 0 0 227 0 0 0 0 0 0 0 0 0 0 0 0 2 177 0 0 0 0 0 0 0 0 109 0 0 0 0 0 0 0 0 0 0 0 0 0 2275
740 580 0 0 0 0 0 0 0 0 0 0 302 0 0 164 0 0 0 205 0 0 0 0 0 0 0 0 0 0 0 0 2 175 0 0 0 0 0 0 0 0 107 0 0 0 0 0 0 0 0 0 0 0 0 0 0 0 0 0 0 0 0 0 0 0 0 0 2275
740 567 0 0 0 0 0 0 0 0 0 0 313 0 0 160 0 0 0 208 0 0 0 0 0 0 0 0 0 0 0 2 0 177 0 0 0 0 0 0 0 0 108 0 0 0 0 0 0 0 0 0 0 0 0 0 0 0 0 0 0 0 0 0 0 0 0 0 0 0 0 0 0 0 0 0 0 0 2275
734 571 0 0 0 0 0 0 0 0 0 0 311 0 0 160 0 0 0 209 0 0 0 0 0 0 0 0 0 0 0 2 0 180 0 0 0 0 0 0 0 0 108 0 0 0 0 0 0 0 0 0 0 0 0 0 0 0 0 0 0 0 0 0 0 0 0 0 0 0 0 0 0 0 0 0 0 0 2275
722 573 0 0 0 0 0 0 0 0 0 0 308 0 0 159 0 0 0 218 0 0 0 0 0 0 0 0 0 0 0 2 0 0 184 0 0 0 0 0 0 0 109 0 0 0 0 0 0 0 0 0 0 0 0 0 0 0 0 0 0 0 0 0 0 0 0 0 0 0 0 0 0 2275
721 567 0 0 0 0 0 0 0 0 0 0 316 0 0 151 0 0 0 221 0 0 0 0 0 0 0 0 0 0 2 0 0 0 188 0 0 0 0 0 0 0 109 0 0 0 0 0 0 0 0 0 0 0 0 0 0 0 0 0 0 0 0 0 0 2275
720 566 0 0 0 0 0 0 0 0 0 0 308 0 0 154 0 0 0 223 0 0 0 0 0 0 0 0 0 0 2 0 0 0 192 0 0 0 0 0 0 0 110 0 0 0 0 0 0 0 0 0 0 0 0 0 0 0 0 0 0 0 0 0 0 0 0 2275
719 561 0 0 0 0 0 0 0 0 0 0 308 0 0 154 0 0 0 228 0 0 0 0 0 0 0 0 0 0 2 0 0 194 0 0 0 0 0 0 0 0 109 0 0 0 0 0 0 0 0 0 0 0 0 0 0 0 0 0 0 0 0 0 0 0 0 0 0 0 0 0 0 2275
716 561 0 0 0 0 0 0 0 0 0 0 316 0 0 0 152 0 0 223 0 0 0 0 0 0 0 0 0 0 2 0 0 195 0 0 0 0 0 0 0 0 110 0 0 0 0 0 0 0 0 0 0 0 0 0 0 0 0 0 0 0 0 0 0 0 0 0 0 0 0 0 0 0 0 0 0 0 0 0 0 0 0 0 0 2275
713 565 0 0 0 0 0 0 0 0 0 302 0 0 0 0 160 0 0 221 0 0 0 0 0 0 0 0 0 0 2 0 200 0 0 0 0 0 0 0 0 0 112 0 0 0 0 0 0 0 0 0 0 0 0 0 0 0 0 0 0 0 0 0 0 0 0 0 0 2275
719 565 0 0 0 0 0 0 0 0 0 297 0 0 0 0 157 0 0 220 0 0 0 0 0 0 0 0 0 0 2 0 202 0 0 0 0 0 0 0 0 0 113 0 0 0 0 0 0 0 0 0 0 0 0 0 0 0 0 0 0 0 0 0 0 0 0 0 0 0 0 0 0 0 0 0 2275
717 562 0 0 0 0 0 0 0 0 0 299 0 0 0 160 0 0 0 218 0 0 0 0 0 0 0 0 0 0 2 0 205 0 0 0 0 0 0 0 0 0 112 0 0 0 0 0 0 0 0 0 0 0 0 0 0 0 0 0 0 0 0 0 0 0 0 0 0 0 0 2275
711 561 0 0 0 0 0 0 0 0 0 303 0 0 0 168 0 0 0 211 0 0 0 0 0 0 0 0 0 0 2 0 208 0 0 0 0 0 0 0 0 0 111 0 0 0 0 0 0 0 0 0 0 0 0 0 0 0 0 0 0 0 0 2275
708 557 0 0 0 0 0 0 0 0 0 306 0 0 0 172 0 0 0 212 0 0 0 0 0 0 0 0 0 0 2 0 208 0 0 0 0 0 0 0 0 0 110 0 0 0 0 0 0 0 0 0 0 0 0 0 0 0 0 0 0 0 0 2275
714 560 0 0 0 0 0 0 0 0 0 301 0 0 0 168 0 0 0 213 0 0 0 0 0 0 0 0 0 0 2 0 207 0 0 0 0 0 0 0 0 0 110 0 0 0 0 0 0 0 0 0 0 0 2275
717 558 0 0 0 0 0 0 0 0 0 309 0 0 0 161 0 0 0 216 0 0 0 0 0 0 0 0 0 0 2 0 201 0 0 0 0 0 0 0 0 0 111 0 0 0 0 0 0 0 0 0 0 0 0 0 0 0 0 0 0 0 0 0 0 0 2275
718 558 0 0 0 0 0 0 0 0 0 302 0 0 0 165 0 0 0 213 0 0 0 0 0 0 0 0 0 0 2 0 207 0 0 0 0 0 0 0 0 0 110 0 0 0 0 0 0 0 0 0 0 0 0 0 0 0 0 0 2275
718 563 0 0 0 0 0 0 0 0 0 294 0 0 0 165 0 0 0 211 0 0 0 0 0 0 0 0 0 0 2 0 212 0 0 0 0 0 0 0 0 0 110 0 0 0 0 0 0 0 0 0 0 0 0 0 0 0 0 0 0 0 0 0 0 0 0 0 0 0 0 0 2275
713 559 0 0 0 0 0 0 0 0 0 309 0 0 0 164 0 0 0 205 0 0 0 0 0 0 0 0 0 2 0 0 213 0 0 0 0 0 0 0 0 0 110 0 0 0 0 0 0 0 0 0 0 0 0 0 0 0 0 0 0 0 0 0 0 0 0 0 0 0 2275
713 559 0 0 0 0 0 0 0 0 0 0 315 0 0 159 0 0 0 207 0 0 0 0 0 0 0 0 0 2 0 0 210 0 0 0 0 0 0 0 0 0 110 0 0 0 0 0 0 0 0 0 0 0 0 0 0 0 0 0 0 0 0 0 0 0 0 0 0 2275
698 568 0 0 0 0 0 0 0 0 0 0 318 0 0 158 0 0 211 0 0 0 0 0 0 0 0 0 0 2 0 0 210 0 0 0 0 0 0 0 0 0 110 0 0 0 0 0 0 0 0 0 0 0 0 0 0 0 0 0 0 2275
706 571 0 0 0 0 0 0 0 0 0 0 305 0 0 157 0 0 213 0 0 0 0 0 0 0 0 0 0 2 0 0 211 0 0 0 0 0 0 0 0 0 110 0 0 0 0 0 0 0 0 0 0 0 0 2275
706 571 0 0 0 0 0 0 0 0 0 0 294 0 0 152 0 0 223 0 0 0 0 0 0 0 0 0 0 2 0 0 216 0 0 0 0 0 0 0 0 0 111 0 0 0 0 0 0 0 0 0 0 0 0 0 0 0 0 0 0 0 0 0 0 0 0 0 0 0 0 0 2275
714 569 0 0 0 0 0 0 0 0 0 0 0 297 0 149 0 0 218 0 0 0 0 0 0 0 0 0 0 2 0 0 213 0 0 0 0 0 0 0 0 0 113 0 0 0 0 0 0 0 0 0 0 0 0 0 0 0 0 0 0 0 0 0 0 0 0 0 0 0 0 0 0 0 0 2275
716 571 0 0 0 0 0 0 0 0 0 0 0 297 0 150 0 0 216 0 0 0 0 0 0 0 0 0 0 2 0 0 0 211 0 0 0 0 0 0 0 0 112 0 0 0 0 0 0 0 0 0 0 0 0 0 0 0 0 0 0 0 0 0 0 0 0 0 0 0 0 0 0 0 0 0 0 0 0 0 0 0 0 0 0 0 2275
705 580 0 0 0 0 0 0 0 0 0 0 0 299 147 0 0 0 221 0 0 0 0 0 0 0 0 0 0 2 0 0 0 210 0 0 0 0 0 0 0 0 111 0 0 0 0 0 0 0 0 0 0 0 0 0 0 0 0 0 0 0 0 0 0 2275
709 574 0 0 0 0 0 0 0 0 0 0 0 303 150 0 0 0 219 0 0 0 0 0 0 0 0 0 0 2 0 0 0 208 0 0 0 0 0 0 0 0 110 0 0 0 0 0 0 0 0 0 0 0 0 0 0 0 0 0 0 0 0 0 0 0 0 0 0 0 0 0 0 0 0 0 0 0 0 0 0 2275
704 573 0 0 0 0 0 0 0 0 0 0 0 306 148 0 0 0 222 0 0 0 0 0 0 0 0 0 0 2 0 0 0 209 0 0 0 0 0 0 0 0 111 0 0 0 0 0 0 0 0 0 0 0 0 0 0 0 0 0 0 2275
696 0 571 0 0 0 0 0 0 0 0 0 0 316 147 0 0 0 222 0 0 0 0 0 0 0 0 0 0 2 0 0 0 211 0 0 0 0 0 0 0 0 110 0 0 0 0 0 0 0 0 0 0 0 0 0 0 0 0 0 0 0 0 0 0 0 0 0 2275
706 0 569 0 0 0 0 0 0 0 0 0 0 309 148 0 0 0 218 0 0 0 0 0 0 0 0 0 0 2 0 0 0 213 0 0 0 0 0 0 0 110 0 0 0 0 0 0 0 0 0 0 0 0 0 0 0 0 0 0 0 0 0 0 0 0 0 0 0 0 0 0 0 0 0 0 0 0 0 0 0 0 0 0 0 0 0 0 0 0 0 0 0 0 0 0 0 0 0 0 0 0 0 0 0 0 0 0 0 0 0 0 0 0 0 0 0 0 0 2275
708 0 568 0 0 0 0 0 0 0 0 0 0 305 154 0 0 0 214 0 0 0 0 0 0 0 0 0 0 2 0 0 0 213 0 0 0 0 0 0 0 111 0 0 0 0 0 0 0 0 0 0 0 0 0 0 0 0 0 0 0 0 0 0 0 0 0 0 0 2275
703 0 564 0 0 0 0 0 0 0 0 0 0 313 153 0 0 0 214 0 0 0 0 0 0 0 0 0 0 2 0 0 0 216 0 0 0 0 0 0 0 110 0 0 0 0 0 0 0 0 0 0 0 0 0 0 0 0 0 0 0 0 0 0 0 0 0 0 0 0 0 0 0 0 0 0 0 0 0 0 0 0 0 0 0 2275
710 0 565 0 0 0 0 0 0 0 0 0 0 312 154 0 0 0 215 0 0 0 0 0 0 0 0 0 0 2 0 0 0 206 0 0 0 0 0 0 0 111 0 0 0 0 0 0 0 0 0 0 0 0 0 0 0 0 0 0 0 0 0 0 0 0 0 2275
711 0 570 0 0 0 0 0 0 0 0 0 0 309 154 0 0 0 216 0 0 0 0 0 0 0 0 0 0 2 0 0 0 203 0 0 0 0 0 0 0 110 0 0 0 0 0 0 0 0 0 0 0 0 0 0 0 2275
710 0 569 0 0 0 0 0 0 0 0 0 0 310 151 0 0 0 219 0 0 0 0 0 0 0 0 0 0 2 0 0 0 202 0 0 0 0 0 0 0 112 0 0 0 0 0 0 0 0 0 0 0 0 0 0 0 0 0 0 0 0 0 0 0 0 0 0 0 0 0 0 0 0 0 0 0 0 0 2275
709 0 560 0 0 0 0 0 0 0 0 0 0 317 159 0 0 0 215 0 0 0 0 0 0 0 0 0 2 0 0 0 0 201 0 0 0 0 0 0 0 112 0 0 0 0 0 0 0 0 0 0 0 0 0 0 0 0 0 0 0 0 0 0 0 0 0 0 0 0 0 0 0 0 0 0 0 0 0 0 0 0 0 2275
695 0 563 0 0 0 0 0 0 0 0 0 316 0 163 0 0 0 222 0 0 0 0 0 0 0 0 0 2 0 0 0 0 201 0 0 0 0 0 0 0 113 0 0 0 0 0 0 0 0 0 0 0 0 0 0 0 0 0 0 0 0 0 0 0 0 0 0 0 0 0 0 0 0 0 2275
701 0 559 0 0 0 0 0 0 0 0 0 318 0 155 0 0 0 220 0 0 0 0 0 0 0 0 0 2 0 0 0 0 207 0 0 0 0 0 0 0 113 0 0 0 0 0 0 0 0 0 0 0 0 0 0 0 0 0 0 0 0 0 0 0 0 0 0 0 0 0 0 2275
708 0 551 0 0 0 0 0 0 0 0 0 321 0 162 0 0 0 211 0 0 0 0 0 0 0 0 0 2 0 0 0 0 207 0 0 0 0 0 0 0 113 0 0 0 0 0 0 0 0 0 0 0 0 0 0 0 0 0 0 0 0 0 0 0 0 0 0 0 0 0 0 0 0 0 0 0 0 0 0 0 0 0 0 0 2275
712 0 552 0 0 0 0 0 0 0 0 0 310 0 165 0 0 0 208 0 0 0 0 0 0 0 0 0 2 0 0 0 0 212 0 0 0 0 0 0 0 114 0 0 0 0 0 0 0 0 0 0 0 0 0 0 0 0 0 0 0 0 0 0 0 0 0 0 0 0 0 0 0 0 0 0 0 0 0 0 0 0 0 0 0 2275
704 0 564 0 0 0 0 0 0 0 0 0 307 0 162 0 0 214 0 0 0 0 0 0 0 0 0 0 0 2 0 0 0 210 0 0 0 0 0 0 0 112 0 0 0 0 0 0 0 0 0 0 0 0 0 0 0 0 0 2275
707 0 0 557 0 0 0 0 0 0 0 0 310 0 159 0 0 216 0 0 0 0 0 0 0 0 0 0 0 2 0 0 0 212 0 0 0 0 0 0 0 112 0 0 0 0 0 0 0 0 0 0 0 0 0 0 0 0 0 0 0 0 0 0 0 0 0 0 0 0 2275
710 0 0 560 0 0 0 0 0 0 0 0 306 0 159 0 0 218 0 0 0 0 0 0 0 0 0 0 0 2 0 0 210 0 0 0 0 0 0 0 0 110 0 0 0 0 0 0 0 0 0 0 0 0 0 0 0 0 0 0 0 0 0 0 0 0 0 0 0 0 0 0 0 0 0 0 2275
705 0 0 552 0 0 0 0 0 0 0 0 319 0 161 0 0 215 0 0 0 0 0 0 0 0 0 0 0 2 0 0 210 0 0 0 0 0 0 0 0 111 0 0 0 0 0 0 0 0 0 0 0 0 0 0 0 2275
702 0 0 556 0 0 0 0 0 0 0 0 321 0 161 0 0 215 0 0 0 0 0 0 0 0 0 0 0 2 0 0 207 0 0 0 0 0 0 0 0 111 0 0 0 0 0 0 0 0 0 0 0 0 0 0 0 0 0 0 0 0 0 0 0 0 0 0 0 0 0 0 0 0 0 0 0 0 0 0 0 0 0 0 0 0 0 0 0 0 2275
703 0 0 554 0 0 0 0 0 0 0 0 310 0 165 0 0 218 0 0 0 0 0 0 0 0 0 0 0 2 0 0 212 0 0 0 0 0 0 0 0 111 0 0 0 0 0 0 0 0 0 0 0 0 0 0 0 0 0 0 0 0 0 0 0 0 0 0 0 0 0 0 0 0 0 0 0 0 0 0 0 0 0 0 0 0 2275
714 0 556 0 0 0 0 0 0 0 0 0 303 0 162 0 0 218 0 0 0 0 0 0 0 0 0 0 0 2 0 0 210 0 0 0 0 0 0 0 0 110 0 0 0 0 0 0 0 0 0 0 0 0 0 0 0 0 0 0 0 0 0 0 0 0 0 0 0 0 0 2275
712 0 558 0 0 0 0 0 0 0 0 0 306 0 168 0 0 207 0 0 0 0 0 0 0 0 0 0 0 2 0 0 212 0 0 0 0 0 0 0 110 0 0 0 0 0 0 0 0 0 0 0 0 0 0 0 0 0 0 0 0 0 0 0 0 0 0 0 0 0 0 0 0 0 0 0 0 0 0 0 2275
708 0 563 0 0 0 0 0 0 0 0 0 296 0 162 0 0 215 0 0 0 0 0 0 0 0 0 0 0 2 0 0 219 0 0 0 0 0 0 0 110 0 0 0 0 0 0 0 0 0 0 0 0 0 0 0 0 0 0 0 0 0 0 0 0 0 0 0 0 0 0 0 0 0 0 0 2275
713 0 558 0 0 0 0 0 0 0 0 0 300 0 163 0 0 212 0 0 0 0 0 0 0 0 0 0 0 2 0 0 217 0 0 0 0 0 0 0 110 0 0 0 0 0 0 0 0 0 0 0 0 0 0 0 0 0 0 0 0 0 0 0 0 0 0 0 0 0 0 0 0 0 0 2275
712 0 0 554 0 0 0 0 0 0 0 0 304 0 161 0 0 215 0 0 0 0 0 0 0 0 0 0 0 2 0 0 214 0 0 0 0 0 0 0 113 0 0 0 0 0 0 0 0 0 0 0 0 0 0 0 0 0 0 0 0 2275
714 0 0 555 0 0 0 0 0 0 0 0 304 0 162 0 0 209 0 0 0 0 0 0 0 0 0 0 0 2 0 0 216 0 0 0 0 0 0 0 113 0 0 0 0 0 0 0 0 0 0 2275
720 0 0 559 0 0 0 0 0 0 0 0 298 159 0 0 0 210 0 0 0 0 0 0 0 0 0 0 0 2 0 0 214 0 0 0 0 0 0 0 113 0 0 0 0 0 0 0 0 0 0 0 0 0 0 0 0 0 0 0 0 0 0 0 0 0 0 0 0 0 0 0 0 0 0 0 0 0 0 0 2275
718 0 0 564 0 0 0 0 0 0 0 0 296 153 0 0 0 218 0 0 0 0 0 0 0 0 0 0 0 2 0 0 211 0 0 0 0 0 0 0 113 0 0 0 0 0 0 0 0 0 0 0 0 0 0 0 0 0 0 2275
716 0 0 555 0 0 0 0 0 0 0 0 305 151 0 0 0 223 0 0 0 0 0 0 0 0 0 0 0 2 0 0 213 0 0 0 0 0 0 0 110 0 0 0 0 0 0 0 0 0 0 0 0 0 0 0 0 0 0 0 0 0 0 0 0 0 0 0 0 0 0 0 0 0 0 0 0 2275
718 0 0 557 0 0 0 0 0 0 0 0 308 150 0 0 0 220 0 0 0 0 0 0 0 0 0 0 0 2 0 0 211 0 0 0 0 0 0 0 109 0 0 0 0 0 0 0 0 0 0 0 0 0 0 0 0 0 0 0 0 0 0 0 0 0 0 0 0 0 0 0 0 2275
717 0 0 559 0 0 0 0 0 0 0 313 0 150 0 0 0 212 0 0 0 0 0 0 0 0 0 0 0 2 0 0 214 0 0 0 0 0 0 0 108 0 0 0 0 0 0 0 0 0 0 0 0 0 0 0 0 0 0 0 0 0 0 0 0 0 0 0 0 0 0 0 0 2275
716 0 0 558 0 0 0 0 0 0 0 308 0 159 0 0 212 0 0 0 0 0 0 0 0 0 0 0 0 2 0 0 211 0 0 0 0 0 0 0 109 0 0 0 0 0 0 0 0 0 0 0 0 0 0 0 0 0 0 0 0 0 0 0 0 0 0 0 0 0 0 0 0 0 0 0 0 0 0 0 0 0 0 0 0 0 0 0 0 0 0 2275
0 709 0 564 0 0 0 0 0 0 0 306 160 0 0 0 213 0 0 0 0 0 0 0 0 0 0 0 0 2 0 0 211 0 0 0 0 0 0 0 110 0 0 0 0 0 0 0 0 0 0 0 0 0 0 0 0 0 0 0 0 0 0 0 0 0 0 0 0 0 0 0 0 0 0 0 2275
0 708 0 564 0 0 0 0 0 0 0 308 158 0 0 0 213 0 0 0 0 0 0 0 0 0 0 0 0 2 0 0 209 0 0 0 0 0 0 0 113 0 0 0 0 0 0 0 0 0 0 0 0 0 0 0 0 0 0 0 0 0 0 0 0 0 0 0 2275
0 714 0 565 0 0 0 0 0 0 0 298 160 0 0 0 215 0 0 0 0 0 0 0 0 0 0 0 0 2 0 0 0 208 0 0 0 0 0 0 113 0 0 0 0 0 0 0 0 0 0 0 0 0 0 0 0 0 0 0 0 0 0 0 2275
0 708 0 574 0 0 0 0 0 0 0 161 297 0 0 0 213 0 0 0 0 0 0 0 0 0 0 0 0 2 0 0 0 208 0 0 0 0 0 0 112 0 0 0 0 0 0 0 0 0 0 0 0 0 0 0 0 0 0 0 0 0 0 0 0 0 0 0 0 2275
0 710 0 570 0 0 0 0 0 0 0 160 298 0 0 0 213 0 0 0 0 0 0 0 0 0 0 0 0 2 0 0 209 0 0 0 0 0 0 0 113 0 0 0 0 0 0 0 0 0 0 0 0 0 0 0 0 0 0 0 0 0 0 0 0 0 0 0 0 0 0 0 0 0 0 0 0 0 0 0 0 0 2275
0 709 0 568 0 0 0 0 0 0 0 164 302 0 0 0 210 0 0 0 0 0 0 0 0 0 0 0 0 2 0 0 208 0 0 0 0 0 0 0 112 0 0 0 0 0 0 0 0 0 0 0 0 0 0 0 0 0 0 0 0 0 0 0 0 0 2275
0 706 0 567 0 0 0 0 0 0 0 162 0 301 0 0 216 0 0 0 0 0 0 0 0 0 0 0 0 2 0 0 212 0 0 0 0 0 0 0 109 0 0 0 0 0 0 0 0 0 0 0 0 0 0 0 0 0 0 0 0 0 0 0 0 0 0 0 0 0 0 0 0 0 0 0 0 0 0 0 0 0 0 0 0 0 0 0 2275
0 712 0 550 0 0 0 0 0 0 0 156 0 309 0 0 222 0 0 0 0 0 0 0 0 0 0 0 0 2 0 0 215 0 0 0 0 0 0 0 109 0 0 0 0 0 0 0 0 0 0 0 0 0 0 0 0 0 0 0 0 0 0 0 2275
0 709 0 556 0 0 0 0 0 0 0 158 0 308 0 0 218 0 0 0 0 0 0 0 0 0 0 0 0 2 0 0 216 0 0 0 0 0 0 0 108 0 0 0 0 0 0 0 0 0 0 0 0 0 0 0 0 0 0 0 0 0 0 0 0 0 0 0 0 2275
0 711 0 556 0 0 0 0 0 0 0 167 0 301 0 0 216 0 0 0 0 0 0 0 0 0 0 0 0 2 0 216 0 0 0 0 0 0 0 0 106 0 0 0 0 0 0 0 0 0 0 0 0 0 0 0 0 0 0 0 0 2275
0 718 0 0 553 0 0 0 0 0 0 160 0 305 0 0 219 0 0 0 0 0 0 0 0 0 0 0 0 2 0 209 0 0 0 0 0 0 0 0 109 0 0 0 0 0 0 0 0 0 0 0 0 0 0 0 0 0 0 0 0 0 0 0 0 0 0 0 0 0 0 0 0 0 2275
0 728 0 0 553 0 0 0 0 0 0 163 0 311 0 0 212 0 0 0 0 0 0 0 0 0 0 0 0 2 0 197 0 0 0 0 0 0 0 109 0 0 0 0 0 0 0 0 0 0 0 0 0 0 0 0 0 0 0 0 0 0 0 0 0 0 0 0 0 0 2275
0 721 0 0 552 0 0 0 0 0 0 0 168 315 0 0 216 0 0 0 0 0 0 0 0 0 0 0 0 2 0 191 0 0 0 0 0 0 0 110 0 0 0 0 0 0 0 0 0 0 0 0 0 0 0 0 0 0 0 0 0 0 0 0 0 0 0 0 0 0 0 0 2275
0 714 0 0 554 0 0 0 0 0 0 0 167 318 0 0 211 0 0 0 0 0 0 0 0 0 0 0 0 2 0 198 0 0 0 0 0 0 0 111 0 0 0 0 0 0 0 0 0 0 0 0 0 0 0 0 0 0 0 0 0 0 0 2275
0 710 0 0 561 0 0 0 0 0 0 0 170 314 0 0 212 0 0 0 0 0 0 0 0 0 0 0 0 2 0 196 0 0 0 0 0 0 110 0 0 0 0 0 0 0 0 0 0 0 0 0 0 0 0 0 0 0 0 0 0 2275
0 717 0 0 562 0 0 0 0 0 0 172 0 306 0 0 212 0 0 0 0 0 0 0 0 0 0 0 0 2 0 193 0 0 0 0 0 0 111 0 0 0 0 0 0 0 0 0 0 0 0 0 0 0 0 0 0 0 0 0 0 0 0 0 0 0 2275
0 724 0 0 560 0 0 0 0 0 0 170 0 303 0 0 211 0 0 0 0 0 0 0 0 0 0 0 0 2 0 192 0 0 0 0 0 0 113 0 0 0 0 0 0 0 0 0 0 0 0 0 0 0 0 0 0 0 0 0 0 0 0 0 0 0 0 0 0 0 0 2275
0 724 0 0 564 0 0 0 0 0 0 171 0 296 0 0 0 212 0 0 0 0 0 0 0 0 0 0 0 2 193 0 0 0 0 0 0 0 113 0 0 0 0 0 0 0 0 0 0 0 0 0 0 0 0 0 0 0 0 0 0 0 0 0 0 0 0 0 2275
0 725 0 0 560 0 0 0 0 0 0 165 0 293 0 0 0 217 0 0 0 0 0 0 0 0 0 0 0 2 200 0 0 0 0 0 0 0 113 0 0 0 0 0 0 0 0 0 0 0 0 0 0 0 0 0 0 0 0 0 0 0 0 0 0 0 0 0 0 0 0 0 0 2275
0 717 0 0 567 0 0 0 0 0 0 162 0 297 0 0 0 213 0 0 0 0 0 0 0 0 0 0 0 2 204 0 0 0 0 0 0 0 113 0 0 0 0 0 0 0 0 0 0 0 0 0 0 0 0 0 0 0 0 0 0 0 0 0 2275
0 712 0 0 567 0 0 0 0 0 0 161 0 301 0 0 0 213 0 0 0 0 0 0 0 0 0 0 0 2 206 0 0 0 0 0 0 0 113 0 0 0 0 0 0 0 0 0 0 0 0 0 0 0 0 0 0 2275
0 707 0 0 572 0 0 0 0 0 0 161 0 297 0 0 0 214 0 0 0 0 0 0 0 0 0 0 0 2 210 0 0 0 0 0 0 0 112 0 0 0 0 0 0 0 0 0 0 0 0 0 0 0 0 0 0 0 0 0 0 0 2275
0 708 0 0 580 0 0 0 0 0 0 161 0 282 0 0 0 216 0 0 0 0 0 0 0 0 0 0 0 2 215 0 0 0 0 0 0 0 111 0 0 0 0 0 0 0 0 0 0 0 0 0 0 0 0 0 0 0 0 0 0 0 0 0 0 0 0 0 0 0 0 0 0 0 0 0 0 0 0 0 0 0 0 2275
0 708 0 0 570 0 0 0 0 0 0 162 0 0 291 0 0 215 0 0 0 0 0 0 0 0 0 0 0 2 214 0 0 0 0 0 0 0 113 0 0 0 0 0 0 0 0 0 0 0 0 0 0 0 0 0 0 0 0 0 0 0 0 0 0 0 0 2275
0 709 0 0 571 0 0 0 0 0 0 157 0 0 287 0 0 216 0 0 0 0 0 0 0 0 0 0 0 221 0 0 0 0 0 0 0 114 0 0 0 0 0 0 0 0 0 0 0 0 2275
0 705 0 0 572 0 0 0 0 0 0 158 0 0 288 0 0 214 0 0 0 0 0 0 0 0 0 0 0 224 0 0 0 0 0 0 0 114 0 0 0 0 0 0 0 0 0 0 0 0 0 0 0 0 0 0 0 2275
0 706 0 0 574 0 0 0 0 0 0 162 0 0 288 0 0 216 0 0 0 0 0 0 0 0 0 0 0 216 0 0 0 0 0 0 113 0 0 0 0 0 0 0 0 0 0 0 0 0 0 0 0 0 0 0 0 2275
0 702 0 0 574 0 0 0 0 0 0 158 0 0 295 0 0 215 0 0 0 0 0 0 0 0 0 0 0 221 0 0 0 0 0 0 110 0 0 0 0 0 0 0 0 0 0 0 0 0 0 0 0 0 0 0 0 0 0 0 0 0 0 0 0 0 0 0 0 0 0 0 2275
0 700 0 0 561 0 0 0 0 0 0 156 0 0 310 0 0 213 0 0 0 0 0 0 0 0 0 0 0 226 0 0 0 0 0 0 109 0 0 0 0 0 0 0 0 0 0 0 0 0 0 0 0 0 0 0 0 0 2275
0 697 0 0 562 0 0 0 0 0 0 154 0 0 309 0 0 214 0 0 0 0 0 0 0 0 0 0 0 230 0 0 0 0 0 0 109 0 0 0 0 0 0 0 0 0 0 2275
0 0 703 0 563 0 0 0 0 0 0 153 0 0 308 0 0 213 0 0 0 0 0 0 0 0 0 0 0 227 0 0 0 0 0 0 108 0 0 0 0 0 0 0 0 0 0 0 0 0 0 0 0 0 0 0 0 0 0 0 0 0 2275
0 0 702 0 563 0 0 0 0 0 0 149 0 0 309 0 0 210 0 0 0 0 0 0 0 0 0 0 0 232 0 0 0 0 0 0 110 0 0 0 0 0 0 0 0 0 0 0 0 0 0 0 0 0 0 0 0 0 0 0 0 0 0 0 2275
0 0 0 695 565 0 0 0 0 0 0 155 0 0 309 0 0 207 0 0 0 0 0 0 0 0 0 0 0 234 0 0 0 0 0 0 110 0 0 0 0 0 0 0 0 0 0 0 0 0 0 2275
0 0 0 692 561 0 0 0 0 0 0 158 0 0 312 0 0 211 0 0 0 0 0 0 0 0 0 0 0 229 0 0 0 0 0 0 112 0 0 0 0 0 0 0 0 0 0 0 0 0 0 0 0 0 0 0 0 0 0 0 0 0 0 0 0 2275
0 0 0 691 566 0 0 0 0 0 0 157 0 0 0 306 0 210 0 0 0 0 0 0 0 0 0 0 0 233 0 0 0 0 0 0 112 0 0 0 0 0 0 0 0 0 0 0 0 0 0 0 0 2275
0 0 0 699 558 0 0 0 0 0 0 157 0 0 0 311 0 214 0 0 0 0 0 0 0 0 0 0 0 224 0 0 0 0 0 0 112 0 0 0 0 0 0 0 0 0 0 0 0 0 0 0 0 0 0 0 0 0 0 0 2275
0 0 0 695 562 0 0 0 0 0 0 160 0 0 0 310 0 214 0 0 0 0 0 0 0 0 0 0 0 222 0 0 0 0 0 0 112 0 0 0 0 0 0 0 0 0 0 0 0 0 0 0 0 0 0 0 0 0 0 0 0 2275
0 0 699 0 562 0 0 0 0 0 0 156 0 0 0 305 0 213 0 0 0 0 0 0 0 0 0 0 0 226 0 0 0 0 0 0 114 0 0 0 0 0 0 0 0 0 0 0 0 0 0 0 0 0 0 0 0 0 0 0 0 0 0 0 0 0 0 0 0 0 2275
0 0 703 556 0 0 0 0 0 0 0 161 0 0 0 303 0 210 0 0 0 0 0 0 0 0 0 0 0 227 0 0 0 0 0 0 115 0 0 0 0 0 0 0 0 0 0 0 0 0 0 0 0 0 0 0 0 0 0 0 2275
0 0 701 559 0 0 0 0 0 0 0 158 0 0 0 304 0 212 0 0 0 0 0 0 0 0 0 0 0 227 0 0 0 0 0 0 114 0 0 0 0 0 0 0 0 0 0 0 0 0 0 0 0 0 0 2275
0 0 697 0 562 0 0 0 0 0 0 158 0 0 0 304 0 213 0 0 0 0 0 0 0 0 0 0 0 229 0 0 0 0 0 0 112 0 0 0 0 0 0 0 0 0 0 0 0 0 0 0 0 0 0 0 0 0 0 0 0 0 0 2275
0 698 0 0 561 0 0 0 0 0 0 159 0 0 0 302 216 0 0 0 0 0 0 0 0 0 0 0 0 228 0 0 0 0 0 0 111 0 0 0 0 0 0 0 0 0 0 0 0 0 0 0 0 0 0 0 0 0 0 0 0 0 0 0 0 0 2275
693 0 0 0 562 0 0 0 0 0 0 159 0 0 0 309 214 0 0 0 0 0 0 0 0 0 0 0 0 228 0 0 0 0 0 0 110 0 0 0 0 0 0 0 0 0 0 0 0 0 0 0 0 0 0 0 0 0 0 2275
697 0 0 0 560 0 0 0 0 0 0 159 0 0 0 309 213 0 0 0 0 0 0 0 0 0 0 0 0 226 0 0 0 0 0 0 111 0 0 0 0 0 0 0 0 0 0 0 0 0 0 0 0 0 0 0 2275
708 0 0 0 559 0 0 0 0 0 0 161 0 0 0 298 218 0 0 0 0 0 0 0 0 0 0 0 0 221 0 0 0 0 0 0 110 0 0 0 0 0 0 0 0 0 0 0 0 0 0 0 0 0 0 0 0 0 2275
710 0 0 0 607 0 0 0 0 0 0 157 0 0 0 227 314 0 0 0 0 0 0 0 0 0 0 0 0 150 0 0 0 0 0 110 0 0 0 0 0 0 0 0 0 0 0 0 0 0 0 0 0 0 2275
723 0 0 0 615 0 0 0 0 0 0 158 0 0 0 225 304 0 0 0 0 0 0 0 0 0 0 0 0 139 0 0 0 0 0 111 0 0 0 0 0 0 0 0 0 0 0 0 0 0 0 0 0 0 0 0 0 2275
724 0 0 0 622 0 0 0 0 0 0 153 0 0 0 227 305 0 0 0 0 0 0 0 0 0 0 0 0 133 0 0 0 0 0 111 0 0 0 0 0 0 0 0 0 0 0 0 0 0 0 0 0 0 0 0 0 0 0 0 2275
729 0 0 0 626 0 0 0 0 0 0 152 0 0 0 220 300 0 0 0 0 0 0 0 0 0 0 0 0 134 0 0 0 0 0 114 0 0 0 0 0 0 0 0 0 0 0 0 2275
723 0 0 0 620 0 0 0 0 0 0 158 0 0 0 220 303 0 0 0 0 0 0 0 0 0 0 0 0 140 0 0 0 0 0 111 0 0 0 0 0 0 0 0 0 0 0 0 0 0 0 0 0 0 0 0 0 0 0 0 0 0 0 0 0 0 0 0 0 0 0 0 0 0 0 0 0 0 0 0 2275
709 0 0 622 0 0 0 0 0 0 0 159 0 0 0 221 303 0 0 0 0 0 0 0 0 0 0 0 0 150 0 0 0 0 0 111 0 0 0 0 0 0 0 0 0 0 0 0 0 0 0 0 0 0 0 0 0 0 0 0 0 0 0 0 0 0 0 0 0 0 0 0 0 0 0 0 0 0 0 0 0 0 0 0 0 0 0 0 0 0 2275
718 0 0 604 0 0 0 0 0 0 0 158 0 0 0 224 305 0 0 0 0 0 0 0 0 0 0 0 0 156 0 0 0 0 0 110 0 0 0 0 0 0 0 0 0 0 0 0 0 0 0 0 0 0 0 0 0 0 0 0 0 0 0 0 0 0 0 0 0 0 0 0 0 0 0 0 0 0 0 0 0 0 0 0 0 0 0 0 0 0 2275
716 0 0 599 0 0 0 0 0 0 0 161 0 0 0 224 310 0 0 0 0 0 0 0 0 0 0 0 0 156 0 0 0 0 0 109 0 0 0 0 0 0 0 0 0 0 0 0 0 0 0 0 0 0 0 0 0 0 0 0 0 0 0 0 0 0 0 0 0 0 2275
717 0 0 601 0 0 0 0 0 0 0 159 0 0 0 307 224 0 0 0 0 0 0 0 0 0 0 0 0 155 0 0 0 0 0 112 0 0 0 0 0 0 0 0 0 0 0 0 0 0 0 0 0 0 0 0 0 0 0 0 0 0 0 0 0 0 0 0 0 0 0 0 0 0 0 0 2275
711 0 0 601 0 0 0 0 0 0 0 163 0 0 0 313 220 0 0 0 0 0 0 0 0 0 0 0 0 155 0 0 0 0 0 112 0 0 0 0 0 0 0 0 0 0 0 0 0 0 0 0 0 0 0 0 0 0 0 0 0 0 0 0 0 0 0 0 0 0 2275
711 0 0 0 599 0 0 0 0 0 0 161 0 0 0 311 221 0 0 0 0 0 0 0 0 0 0 0 0 158 0 0 0 0 0 114 0 0 0 0 0 0 0 0 0 0 0 0 0 0 0 0 0 0 0 0 0 0 0 0 0 0 0 0 0 0 0 0 0 0 0 0 0 2275
710 0 0 0 594 0 0 0 0 0 0 163 0 0 0 309 221 0 0 0 0 0 0 0 0 0 0 0 0 166 0 0 0 0 0 112 0 0 0 0 0 0 0 0 0 0 0 0 0 0 0 0 0 0 0 0 0 0 0 0 0 0 0 0 0 0 0 0 0 2275
716 0 0 0 589 0 0 0 0 0 0 166 0 0 0 305 215 0 0 0 0 0 0 0 0 0 0 0 0 0 171 0 0 0 0 113 0 0 0 0 0 0 0 0 0 0 0 0 0 0 0 0 0 0 0 0 0 0 0 0 0 0 0 0 0 0 0 0 0 0 0 2275
721 0 0 0 577 0 0 0 0 0 0 157 0 0 0 306 225 0 0 0 0 0 0 0 0 0 0 0 0 0 176 0 0 0 113 0 0 0 0 0 0 0 0 0 0 0 0 0 0 0 0 0 0 0 0 0 0 0 0 0 0 0 0 0 0 0 0 0 0 0 0 0 0 0 0 0 2275
718 0 0 0 577 0 0 0 0 0 161 0 0 0 0 302 222 0 0 0 0 0 0 0 0 0 0 0 0 0 181 0 0 0 114 0 0 0 0 0 0 0 0 0 0 0 0 0 0 0 0 0 0 0 0 0 0 0 0 0 0 0 0 0 0 0 2275
720 0 0 0 582 0 0 0 0 0 154 0 0 0 0 303 221 0 0 0 0 0 0 0 0 0 0 0 0 0 181 0 0 0 114 0 0 0 0 0 0 0 0 0 0 0 0 0 0 0 0 0 0 0 0 0 0 0 0 0 2275
719 0 0 0 577 0 0 0 0 0 152 0 0 0 0 304 0 224 0 0 0 0 0 0 0 0 0 0 0 0 185 0 0 0 114 0 0 0 0 0 0 0 0 0 0 0 0 0 0 0 0 0 0 0 0 0 0 0 0 0 0 0 0 0 0 0 0 0 0 0 2275
714 0 0 0 579 0 0 0 0 155 0 0 0 0 0 297 0 226 0 0 0 0 0 0 0 0 0 0 0 0 188 0 0 0 116 0 0 0 0 0 0 0 0 0 0 0 0 0 0 0 0 0 0 0 0 0 2275
708 0 0 0 577 0 0 0 0 156 0 0 0 0 0 301 0 229 0 0 0 0 0 0 0 0 0 0 0 0 188 0 0 0 116 0 0 0 0 0 0 0 0 0 0 0 0 0 0 0 0 0 0 2275
712 0 0 0 572 0 0 0 0 157 0 0 0 0 0 302 0 226 0 0 0 0 0 0 0 0 0 0 0 0 190 0 0 116 0 0 0 0 0 0 0 0 0 0 0 0 0 0 0 0 2275
716 0 0 0 570 0 0 0 0 154 0 0 0 0 0 306 0 223 0 0 0 0 0 0 0 0 0 0 0 0 193 0 0 113 0 0 0 0 0 0 0 0 0 0 0 2275
717 0 0 0 573 0 0 0 0 150 0 0 0 0 0 300 0 226 0 0 0 0 0 0 0 0 0 0 0 196 0 0 0 113 0 0 0 0 0 0 0 0 0 0 0 0 0 0 0 2275
718 0 0 0 570 0 0 0 0 146 0 0 0 0 0 306 0 229 0 0 0 0 0 0 0 0 0 0 0 192 0 0 0 114 0 0 0 0 0 0 0 0 0 2275
715 0 0 0 567 0 0 0 0 149 0 0 0 0 0 308 0 227 0 0 0 0 0 0 0 0 0 0 0 197 0 0 0 112 0 0 0 0 0 0 0 0 0 0 0 2275
714 0 0 0 565 0 0 0 0 0 152 0 0 0 310 0 0 224 0 0 0 0 0 0 0 0 0 0 0 198 0 0 0 112 0 0 0 0 0 0 0 0 0 0 2275
709 0 0 0 564 0 0 0 0 0 155 0 0 0 306 0 0 228 0 0 0 0 0 0 0 0 0 0 0 201 0 0 0 112 0 0 0 0 0 0 0 0 0 0 0 0 0 0 0 0 0 2275
704 0 0 0 568 0 0 0 0 0 150 0 0 0 302 0 0 230 0 0 0 0 0 0 0 0 0 0 0 208 0 0 0 113 0 0 0 0 0 0 0 0 0 0 0 0 0 0 0 0 0 0 0 0 0 0 0 0 2275
698 0 0 0 565 0 0 0 0 0 148 0 0 0 310 0 0 234 0 0 0 0 0 0 0 0 0 0 210 0 0 0 0 110 0 0 0 0 0 0 0 0 0 0 0 0 0 0 2275
711 0 0 0 553 0 0 0 0 0 145 0 0 0 302 0 0 240 0 0 0 0 0 0 0 0 0 0 214 0 0 0 0 110 0 0 0 0 0 0 0 0 0 0 0 0 0 0 0 0 0 0 0 0 0 0 0 0 0 0 2275
708 0 0 0 561 0 0 0 0 0 145 0 0 0 307 0 0 232 0 0 0 0 0 0 0 0 0 0 212 0 0 0 0 110 0 0 0 0 0 0 0 0 0 0 0 0 0 0 0 0 0 0 0 0 0 0 0 0 0 0 0 0 0 0 0 0 0 2275
711 0 0 0 560 0 0 0 0 0 144 0 0 0 308 0 0 232 0 0 0 0 0 0 0 0 0 209 0 0 0 0 0 111 0 0 0 0 0 0 0 0 0 0 0 2275
714 0 0 0 560 0 0 0 0 0 144 0 0 0 301 0 0 230 0 0 0 0 0 0 0 0 0 210 0 0 0 0 0 116 0 0 0 0 0 0 0 0 0 0 0 0 0 0 0 0 0 0 0 0 0 0 0 0 2275
714 0 0 0 559 0 0 0 0 0 152 0 0 0 304 0 0 221 0 0 0 0 0 0 0 0 0 212 0 0 0 0 0 113 0 0 0 0 0 0 0 0 0 0 2275
715 0 0 0 556 0 0 0 0 0 151 0 0 0 312 0 0 224 0 0 0 0 0 0 0 0 0 204 0 0 0 0 113 0 0 0 0 0 0 0 0 0 0 0 0 0 0 0 0 0 0 2275
710 0 0 0 559 0 0 0 0 0 149 0 0 0 310 0 0 230 0 0 0 0 0 0 0 0 0 204 0 0 0 0 113 0 0 0 0 0 0 0 0 0 0 0 0 0 0 0 0 0 0 2275
705 0 0 0 555 0 0 0 0 0 156 0 313 0 0 0 0 225 0 0 0 0 0 0 0 0 0 207 0 0 0 0 114 0 0 0 0 0 0 0 0 0 0 0 0 0 0 2275
705 0 0 0 555 0 0 0 0 0 161 0 309 0 0 0 0 223 0 0 0 0 0 0 0 0 0 210 0 0 0 0 112 0 0 0 0 0 0 0 0 0 0 0 0 0 0 0 0 0 0 0 0 0 0 0 0 0 0 0 0 0 0 0 2275
696 0 0 0 563 0 0 0 0 0 157 0 308 0 0 0 227 0 0 0 0 0 0 0 0 0 0 211 0 0 0 0 113 0 0 0 0 0 0 0 0 0 0 0 0 0 0 0 0 0 0 0 0 0 0 0 0 0 0 0 0 0 2275
699 0 0 0 556 0 0 0 0 0 153 313 0 0 0 0 228 0 0 0 0 0 0 0 0 0 212 0 0 0 0 0 114 0 0 0 0 0 0 0 0 0 0 0 0 0 0 0 0 0 0 0 0 0 0 0 0 2275
707 0 0 0 557 0 0 0 0 0 153 309 0 0 0 0 228 0 0 0 0 0 0 0 0 0 207 0 0 0 0 0 114 0 0 0 0 0 0 0 0 0 0 0 0 0 0 0 0 0 0 0 0 0 0 0 0 2275
716 0 0 0 568 0 0 0 0 0 150 298 0 0 0 0 222 0 0 0 0 0 0 0 0 0 206 0 0 0 0 0 115 0 0 0 0 0 0 0 0 2275
715 0 0 0 563 0 0 0 0 0 294 157 0 0 0 0 222 0 0 0 0 0 0 0 0 0 208 0 0 0 0 0 116 0 0 0 0 0 0 0 0 0 0 0 0 0 0 0 0 0 0 0 2275
716 0 0 0 559 0 0 0 0 0 159 296 0 0 0 0 221 0 0 0 0 0 0 0 0 0 208 0 0 0 0 0 116 0 0 0 0 0 0 0 0 0 0 2275
710 0 0 0 567 0 0 0 0 0 157 294 0 0 0 0 223 0 0 0 0 0 0 0 0 0 208 0 0 0 0 0 116 0 0 0 0 0 0 0 0 0 0 0 0 0 0 0 0 0 2275
718 0 0 0 559 0 0 0 0 0 155 294 0 0 0 0 225 0 0 0 0 0 0 0 0 0 208 0 0 0 0 0 116 0 0 0 0 0 0 0 0 0 0 0 0 0 2275
715 0 0 0 560 0 0 0 0 0 292 159 0 0 0 0 223 0 0 0 0 0 0 0 0 0 211 0 0 0 0 0 115 0 0 0 0 0 0 0 0 0 0 0 0 0 0 0 0 0 0 0 0 2275
711 0 0 0 565 0 0 0 0 0 295 0 157 0 0 0 229 0 0 0 0 0 0 0 0 0 207 0 0 0 0 0 111 0 0 0 0 0 0 0 0 0 0 0 0 0 0 0 0 0 0 0 0 0 0 0 0 0 2275
701 0 0 0 564 0 0 0 0 0 303 0 160 0 0 0 228 0 0 0 0 0 0 0 0 0 208 0 0 0 0 0 111 0 0 0 0 0 0 0 0 0 0 2275
710 0 0 0 559 0 0 0 0 0 303 0 152 0 0 0 230 0 0 0 0 0 0 0 0 0 210 0 0 0 0 0 111 0 0 0 0 0 0 0 0 0 0 0 0 0 0 2275
702 0 0 0 565 0 0 0 0 0 300 0 156 0 0 0 233 0 0 0 0 0 0 0 0 0 209 0 0 0 0 0 110 0 0 0 0 0 0 0 2275
701 0 0 0 0 571 0 0 0 0 295 0 155 0 0 0 234 0 0 0 0 0 0 0 0 0 207 0 0 0 0 0 112 0 0 0 0 0 0 0 0 0 0 0 0 0 0 0 0 2275
699 0 0 0 0 566 0 0 0 0 303 0 157 0 0 0 230 0 0 0 0 0 0 0 0 0 209 0 0 0 0 0 111 0 0 0 0 0 0 0 0 0 0 0 0 0 0 0 0 0 0 0 0 0 0 0 0 0 0 2275
705 0 0 0 0 565 0 0 0 0 294 0 156 0 0 0 232 0 0 0 0 0 0 0 0 0 211 0 0 0 0 0 112 0 0 0 0 0 0 0 0 0 0 0 0 0 0 0 0 0 0 0 2275
709 0 0 0 561 0 0 0 0 0 295 0 162 0 0 0 227 0 0 0 0 0 0 0 0 0 208 0 0 0 0 0 113 0 0 0 0 0 2275
710 0 0 560 0 0 0 0 0 0 298 0 159 0 0 0 228 0 0 0 0 0 0 0 0 0 206 0 0 0 0 0 114 0 0 0 0 0 0 0 0 0 0 0 0 0 2275
708 0 0 557 0 0 0 0 0 295 0 0 157 0 0 0 228 0 0 0 0 0 0 0 0 0 214 0 0 0 0 0 116 0 0 0 0 0 0 0 0 0 0 0 0 0 2275
708 0 0 555 0 0 0 0 0 298 0 0 160 0 0 0 224 0 0 0 0 0 0 0 0 0 210 0 0 0 0 0 120 0 0 0 0 0 0 0 0 0 0 0 2275
0 712 0 561 0 0 0 0 0 291 0 0 157 0 0 225 0 0 0 0 0 0 0 0 0 0 210 0 0 0 0 0 119 0 0 0 0 0 0 0 0 0 0 0 0 0 0 0 0 2275
0 720 0 555 0 0 0 0 0 287 0 0 164 0 0 218 0 0 0 0 0 0 0 0 0 0 214 0 0 0 0 0 117 0 0 0 0 0 0 0 0 0 0 0 0 2275
0 716 0 563 0 0 0 0 0 289 0 0 159 0 0 222 0 0 0 0 0 0 0 0 0 0 208 0 0 0 0 0 118 0 0 0 0 0 0 0 0 0 0 0 0 0 0 0 0 0 0 2275
0 725 0 556 0 0 0 0 0 292 0 0 157 0 0 219 0 0 0 0 0 0 0 0 0 0 208 0 0 0 0 0 118 0 0 0 0 0 0 0 0 0 0 0 0 0 0 0 0 0 0 0 0 0 2275
0 726 0 558 0 0 0 0 0 297 0 0 153 0 0 220 0 0 0 0 0 0 0 0 0 0 203 0 0 0 0 118 0 0 0 0 0 0 0 0 0 0 0 0 0 0 0 0 0 2275
0 728 0 551 0 0 0 0 0 292 0 0 154 0 0 221 0 0 0 0 0 0 0 0 0 0 209 0 0 0 0 120 0 0 0 0 0 0 0 0 0 0 0 0 0 0 0 0 0 0 0 0 2275
0 716 0 551 0 0 0 0 0 299 0 0 158 0 0 227 0 0 0 0 0 0 0 0 0 0 205 0 0 0 0 119 0 0 0 0 0 0 0 0 0 0 0 0 0 0 0 0 0 0 0 0 0 0 0 0 0 0 0 0 0 0 0 0 0 0 2275
0 719 0 556 0 0 0 0 0 295 0 0 158 0 0 220 0 0 0 0 0 0 0 0 0 0 209 0 0 0 0 118 0 0 0 0 0 0 0 0 0 0 0 0 0 0 0 2275
0 719 0 553 0 0 0 0 0 296 0 0 0 164 0 214 0 0 0 0 0 0 0 0 0 0 215 0 0 0 0 114 0 0 0 0 0 0 0 0 0 0 0 0 0 0 0 0 0 2275
0 716 0 561 0 0 0 0 0 293 0 0 0 159 0 222 0 0 0 0 0 0 0 0 0 0 210 0 0 0 0 114 0 0 0 0 0 0 0 0 0 0 0 0 0 0 0 0 0 0 0 0 0 2275
0 705 0 0 552 0 0 0 0 305 0 0 0 162 0 225 0 0 0 0 0 0 0 0 0 0 213 0 0 0 0 113 0 0 0 0 0 0 0 0 0 0 0 0 0 0 0 0 0 0 0 0 0 0 2275
0 710 0 0 554 0 0 0 0 303 0 0 0 158 0 225 0 0 0 0 0 0 0 0 0 0 210 0 0 0 0 115 0 0 0 0 0 0 0 0 0 0 0 0 0 0 0 0 0 0 0 0 0 2275
0 714 0 0 557 0 0 0 0 298 0 0 0 164 0 218 0 0 0 0 0 0 0 0 0 0 212 0 0 0 0 112 0 0 0 0 0 0 0 0 0 0 2275
0 710 0 0 560 0 0 0 291 0 0 0 0 167 0 219 0 0 0 0 0 0 0 0 0 213 0 0 0 0 0 115 0 0 0 0 0 0 0 0 0 0 0 0 0 0 0 0 0 0 0 0 0 0 0 2275
0 718 0 0 555 0 0 0 296 0 0 0 0 169 0 210 0 0 0 0 0 0 0 0 0 212 0 0 0 0 0 115 0 0 0 0 0 0 0 0 0 0 0 0 0 0 0 0 0 2275
0 714 0 0 560 0 0 0 300 0 0 0 0 166 209 0 0 0 0 0 0 0 0 0 0 210 0 0 0 0 0 116 0 0 0 0 0 0 0 0 0 0 0 0 0 0 0 0 0 0 0 0 0 0 0 2275
0 704 0 0 560 0 0 0 307 0 0 0 0 163 214 0 0 0 0 0 0 0 0 0 0 210 0 0 0 0 0 117 0 0 0 0 0 0 0 0 0 0 0 0 0 0 0 0 0 0 0 0 0 0 0 0 0 0 0 0 0 2275
0 709 0 0 0 558 0 0 302 0 0 0 0 157 223 0 0 0 0 0 0 0 0 0 0 208 0 0 0 0 118 0 0 0 0 0 0 0 0 0 0 0 0 0 0 2275
0 711 0 0 0 556 0 0 300 0 0 0 0 157 223 0 0 0 0 0 0 0 0 0 0 212 0 0 0 0 116 0 0 0 0 0 0 0 0 0 0 0 0 0 0 0 0 0 0 0 2275
0 709 0 0 560 0 0 0 299 0 0 0 0 156 229 0 0 0 0 0 0 0 0 0 0 210 0 0 0 112 0 0 0 0 0 0 0 0 0 0 0 0 0 0 0 0 2275
0 710 0 0 557 0 0 0 294 0 0 0 0 161 228 0 0 0 0 0 0 0 0 0 0 211 0 0 0 114 0 0 0 0 0 0 0 0 0 0 0 0 0 0 0 2275
0 708 0 0 558 0 0 0 301 0 0 0 153 0 234 0 0 0 0 0 0 0 0 0 0 207 0 0 0 114 0 0 0 0 0 0 0 0 0 0 0 0 0 0 0 0 0 0 0 0 0 0 0 0 2275
0 701 0 0 562 0 0 0 303 0 0 0 154 0 230 0 0 0 0 0 0 0 0 0 0 211 0 0 114 0 0 0 0 0 0 0 2275
708 0 0 0 553 0 0 0 299 0 0 0 156 0 230 0 0 0 0 0 0 0 0 0 0 214 0 0 115 0 0 0 0 0 0 0 0 0 0 0 0 0 0 0 0 0 0 2275
707 0 0 0 556 0 0 0 295 0 0 0 158 0 229 0 0 0 0 0 0 0 0 0 0 216 0 0 114 0 0 0 0 0 0 0 0 0 0 0 0 0 0 0 0 0 0 2275
703 0 0 0 555 0 0 0 302 0 0 0 152 0 233 0 0 0 0 0 0 0 0 0 0 216 0 0 114 0 0 0 0 0 0 0 0 0 0 0 0 0 2275
702 0 0 0 555 0 0 0 306 0 0 0 156 0 228 0 0 0 0 0 0 0 0 0 0 215 0 0 113 0 0 0 0 0 0 0 0 0 0 0 0 0 0 0 0 0 0 2275
702 0 0 559 0 0 0 0 298 0 0 0 149 0 233 0 0 0 0 0 0 0 0 0 0 218 0 0 116 0 0 0 0 0 0 0 0 0 0 0 0 0 0 0 0 0 2275
705 0 0 563 0 0 0 0 0 299 0 0 143 0 234 0 0 0 0 0 0 0 0 0 0 216 0 0 115 0 0 0 0 0 0 0 0 0 0 2275
702 0 0 563 0 0 0 0 0 301 0 0 150 0 228 0 0 0 0 0 0 0 0 0 0 215 0 0 116 0 0 0 0 0 0 0 0 0 0 0 0 0 0 0 2275
698 0 0 563 0 0 0 0 0 299 0 0 155 0 0 225 0 0 0 0 0 0 0 0 0 219 0 0 116 0 0 0 0 0 0 0 0 0 0 0 0 0 0 0 0 0 0 2275
703 0 0 566 0 0 0 0 0 300 0 0 154 0 0 221 0 0 0 0 0 0 0 0 0 217 0 114 0 0 0 0 0 0 0 0 0 0 0 0 0 0 0 0 2275
709 0 0 563 0 0 0 0 0 300 0 0 149 0 0 222 0 0 0 0 0 0 0 0 0 217 0 115 0 0 0 0 0 0 0 0 0 0 0 0 0 0 0 0 0 0 0 0 2275
700 0 0 566 0 0 0 0 0 298 0 0 152 0 0 226 0 0 0 0 0 0 0 0 0 218 0 115 0 0 0 0 0 0 0 0 0 0 0 0 2275
702 0 0 555 0 0 0 0 0 303 0 0 158 0 0 224 0 0 0 0 0 0 0 0 0 218 0 115 0 0 0 0 0 0 0 0 0 0 0 0 0 0 0 0 0 0 2275
699 0 0 560 0 0 0 0 0 312 0 0 0 161 0 217 0 0 0 0 0 0 0 0 0 211 0 115 0 0 0 0 0 0 0 0 0 0 0 0 0 0 0 0 0 0 0 0 0 0 0 0 0 2275
706 0 0 558 0 0 0 0 0 309 0 0 0 160 0 218 0 0 0 0 0 0 0 0 0 0 211 113 0 0 0 0 0 0 0 0 0 0 0 0 0 0 0 0 0 0 0 0 0 0 0 0 0 2275
699 0 0 567 0 0 0 0 0 310 0 0 0 160 0 218 0 0 0 0 0 0 0 0 0 0 209 112 0 0 0 0 0 0 0 0 0 0 0 2275
701 0 0 560 0 0 0 0 0 312 0 0 0 161 0 217 0 0 0 0 0 0 0 0 0 0 211 113 0 0 0 0 0 0 0 0 0 0 0 0 0 0 0 0 0 0 2275
705 0 554 0 0 0 0 0 0 312 0 0 0 161 0 219 0 0 0 0 0 0 0 0 0 0 210 114 0 0 0 0 0 0 0 0 0 0 2275
718 0 544 0 0 0 0 0 0 307 0 0 0 161 0 217 0 0 0 0 0 0 0 0 0 0 212 116 0 0 0 0 0 0 0 2275
713 0 544 0 0 0 0 0 0 306 0 0 0 160 0 218 0 0 0 0 0 0 0 0 0 0 218 116 0 0 0 0 0 0 0 0 0 0 0 0 0 0 0 0 0 0 0 0 0 0 2275
700 0 551 0 0 0 0 0 0 302 0 0 0 160 0 223 0 0 0 0 0 0 0 0 0 0 221 118 0 0 0 0 0 0 0 0 0 0 0 0 0 0 0 0 0 0 0 0 0 0 0 2275
694 0 553 0 0 0 0 0 0 303 0 0 0 160 0 230 0 0 0 0 0 0 0 0 0 219 0 116 0 0 0 0 0 0 0 0 0 0 0 0 0 0 0 0 0 0 0 2275
699 0 555 0 0 0 0 0 0 300 0 0 0 163 223 0 0 0 0 0 0 0 0 0 0 217 0 118 0 0 0 0 0 0 0 0 2275
699 0 554 0 0 0 0 0 0 302 0 0 0 159 224 0 0 0 0 0 0 0 0 0 0 219 0 118 0 0 0 0 2275
702 0 551 0 0 0 0 0 0 300 0 0 159 0 227 0 0 0 0 0 0 0 0 0 0 218 0 118 0 0 0 0 0 0 0 0 0 0 0 0 2275
708 0 555 0 0 0 0 0 0 297 0 0 159 0 226 0 0 0 0 0 0 0 0 0 0 216 0 114 0 0 0 0 0 0 0 0 0 0 0 0 0 0 0 0 2275
711 0 559 0 0 0 0 0 0 300 0 0 154 0 227 0 0 0 0 0 0 0 0 0 0 208 0 116 0 0 0 0 0 0 0 0 0 0 0 0 0 0 0 0 0 0 0 0 0 0 0 0 0 0 0 0 0 0 0 0 2275
712 0 0 559 0 0 0 0 0 300 0 0 156 0 227 0 0 0 0 0 0 0 0 0 0 206 0 115 0 0 0 0 0 0 0 0 0 0 0 0 0 0 0 0 0 0 0 0 0 0 0 2275
701 0 0 551 0 0 0 0 0 308 0 0 164 0 227 0 0 0 0 0 0 0 0 0 0 210 0 114 0 0 0 0 0 0 0 0 0 0 0 0 0 0 0 0 2275
704 0 561 0 0 0 0 0 0 298 0 0 166 0 224 0 0 0 0 0 0 0 0 0 0 209 0 113 0 0 0 0 0 0 0 0 0 0 0 0 0 0 2275
695 0 559 0 0 0 0 0 0 304 0 0 165 0 225 0 0 0 0 0 0 0 0 0 0 212 115 0 0 0 0 0 0 0 0 0 0 0 0 0 0 0 0 0 0 0 0 0 0 0 0 0 2275
696 0 558 0 0 0 0 0 0 310 0 0 164 0 225 0 0 0 0 0 0 0 0 0 0 207 115 0 0 0 0 0 0 0 0 0 0 0 0 0 0 0 2275
693 0 562 0 0 0 0 0 0 307 0 0 166 0 227 0 0 0 0 0 0 0 0 0 0 206 114 0 0 0 0 0 0 0 0 0 0 0 0 0 2275
700 0 554 0 0 0 0 0 0 0 307 0 170 0 218 0 0 0 0 0 0 0 0 0 0 213 113 0 0 0 0 0 0 0 0 0 0 0 0 0 0 0 0 0 0 0 0 0 0 0 0 0 0 0 0 0 0 0 2275
696 0 554 0 0 0 0 0 0 0 310 0 170 0 220 0 0 0 0 0 0 0 0 0 214 0 111 0 0 0 0 0 0 0 0 0 0 0 0 0 0 0 0 0 0 2275
0 696 551 0 0 0 0 0 0 0 314 1 169 0 214 0 0 0 0 0 0 0 0 0 219 0 111 0 0 0 0 0 0 0 0 0 0 0 0 0 0 0 0 0 0 0 0 0 2275
0 702 552 0 0 0 0 0 0 0 309 0 164 0 218 0 0 0 0 0 0 0 0 0 220 0 110 0 0 0 0 0 0 0 0 0 0 0 0 0 0 0 0 0 0 0 0 0 2275
0 711 549 0 0 0 0 0 0 0 311 0 157 0 217 0 0 0 0 0 0 0 0 0 220 0 110 0 0 0 0 0 0 0 0 0 0 0 0 0 0 0 0 0 0 0 0 0 0 0 0 0 0 0 0 0 0 0 0 0 0 0 0 0 0 0 0 0 0 0 0 0 0 0 0 2275
0 714 547 0 0 0 0 0 0 0 306 0 156 0 220 0 0 0 0 0 0 0 0 0 222 0 110 0 0 0 0 0 0 0 0 0 0 0 0 0 0 0 0 0 0 0 0 2275
0 708 549 0 0 0 0 0 0 309 0 0 154 0 227 0 0 0 0 0 0 0 0 0 218 0 110 0 0 0 0 0 0 0 0 0 0 0 0 0 0 0 0 0 0 0 0 0 0 0 0 0 0 0 0 0 0 2275
0 717 559 0 0 0 0 0 0 299 0 0 0 152 226 0 0 0 0 0 0 0 0 0 212 110 0 0 0 0 0 0 0 0 0 0 0 0 0 0 0 0 0 0 0 0 0 0 0 0 2275
0 706 567 0 0 0 0 0 0 302 0 0 0 158 225 0 0 0 0 0 0 0 0 0 207 110 0 0 0 0 0 0 0 0 0 0 0 0 0 0 0 0 0 0 0 0 0 0 0 0 0 0 2275
0 700 565 0 0 0 0 0 0 302 0 0 0 161 226 0 0 0 0 0 0 0 0 0 210 111 0 0 0 0 0 0 0 0 0 0 0 0 0 0 0 0 0 0 0 0 2275
0 709 0 561 0 0 0 0 0 300 0 0 0 223 159 0 0 0 0 0 0 0 0 0 211 112 0 0 0 0 0 0 0 0 0 0 0 0 0 0 0 0 0 0 0 0 0 0 0 0 0 2275
0 707 0 563 0 0 0 0 0 304 0 0 216 0 163 0 0 0 0 0 0 0 0 0 210 112 0 0 0 0 0 0 0 0 0 0 0 0 0 0 0 0 0 0 0 0 0 0 0 0 0 0 0 2275
0 703 0 558 0 0 0 0 0 314 0 0 217 164 0 0 0 0 0 0 0 0 0 0 205 114 0 0 0 0 0 0 0 0 0 0 0 0 0 0 0 0 0 2275
0 702 0 563 0 0 0 0 0 0 308 0 223 201 0 0 0 0 0 0 0 0 0 0 165 113 0 0 0 0 0 0 0 0 0 0 0 0 0 0 0 0 0 0 0 0 0 0 0 2275
0 707 0 569 0 0 0 0 0 0 308 0 209 196 0 0 0 0 0 0 0 0 0 0 173 113 0 0 0 0 0 0 0 0 0 0 0 0 0 0 0 0 0 0 0 0 0 0 0 0 0 0 0 0 0 0 2275
0 712 0 568 0 0 0 0 0 0 308 0 209 199 0 0 0 0 0 0 0 0 0 0 165 114 0 0 0 0 0 0 0 0 0 0 0 0 2275
0 711 0 564 0 0 0 0 0 0 0 317 212 200 0 0 0 0 0 0 0 0 0 0 155 116 0 0 0 0 0 0 0 2275
0 713 0 561 0 0 0 0 0 0 0 314 213 203 0 0 0 0 0 0 0 0 0 0 155 116 0 0 0 0 0 0 0 0 0 0 0 0 0 0 0 0 0 0 0 2275
704 0 0 565 0 0 0 0 0 0 0 314 218 203 0 0 0 0 0 0 0 0 0 0 156 115 0 0 0 0 0 0 0 0 0 0 0 0 0 0 0 0 0 0 0 0 0 0 0 0 0 0 0 0 2275
707 0 0 569 0 0 0 0 0 0 0 308 221 201 0 0 0 0 0 0 0 0 0 0 153 116 0 0 0 0 0 0 2275
706 0 0 0 565 0 0 0 0 0 0 314 220 205 0 0 0 0 0 0 0 0 0 0 149 116 0 0 0 0 0 0 0 0 0 0 0 0 0 0 0 0 0 2275
701 0 0 0 0 568 0 0 0 0 0 300 226 211 0 0 0 0 0 0 0 0 0 0 155 114 0 0 0 0 0 0 0 0 0 0 0 2275
709 0 0 0 0 565 0 0 0 0 0 301 222 208 0 0 0 0 0 0 0 0 0 0 156 114 0 0 0 0 0 0 0 0 0 2275
715 0 0 0 0 558 0 0 0 0 0 304 215 207 0 0 0 0 0 0 0 0 0 0 162 114 0 0 0 0 0 2275
705 0 0 0 564 0 0 0 0 0 0 303 217 0 206 0 0 0 0 0 0 0 0 0 166 114 0 0 0 2275
714 0 0 0 562 0 0 0 0 0 0 298 0 220 207 0 0 0 0 0 0 0 0 0 159 115 0 0 0 2275
719 0 0 0 556 0 0 0 0 0 0 294 0 214 209 0 0 0 0 0 0 0 0 0 168 115 0 0 0 0 0 0 0 0 0 0 0 0 0 0 0 2275
704 0 0 0 559 0 0 0 0 0 0 304 217 0 210 0 0 0 0 0 0 0 0 0 168 113 0 0 0 0 0 0 0 0 0 0 0 0 0 0 0 0 0 0 2275
705 0 0 0 559 0 0 0 0 0 0 301 220 0 210 0 0 0 0 0 0 0 0 0 167 113 0 0 0 0 0 0 0 0 0 0 0 0 0 0 0 0 0 0 0 0 0 0 0 0 2275
697 0 0 0 564 0 0 0 0 0 0 300 220 0 213 0 0 0 0 0 0 0 0 0 166 115 0 0 0 0 0 0 0 0 0 0 0 0 0 0 0 0 0 2275
704 0 0 0 563 0 0 0 0 0 0 303 217 0 210 0 0 0 0 0 0 0 0 0 163 115 0 0 0 0 0 0 0 0 0 0 0 0 0 2275
704 0 0 0 562 0 0 0 0 0 0 304 222 0 210 0 0 0 0 0 0 0 0 157 0 116 0 0 0 0 0 0 0 0 0 0 0 0 0 0 0 0 0 0 2275
709 0 0 0 558 0 0 0 0 0 0 296 219 0 214 0 0 0 0 0 0 0 0 164 0 115 0 0 0 0 0 0 0 0 0 0 0 0 0 0 0 0 0 0 0 2275
702 0 0 562 0 0 0 0 0 0 0 221 299 0 214 0 0 0 0 0 0 0 0 164 0 113 0 0 0 0 0 0 0 0 0 0 0 0 0 0 0 0 0 0 0 0 0 0 0 0 0 0 0 0 0 0 2275
705 0 564 0 0 0 0 0 0 0 0 221 296 0 214 0 0 0 0 0 0 0 0 163 0 112 0 0 0 0 0 0 0 0 0 0 0 0 2275
706 0 559 0 0 0 0 0 0 0 0 222 302 0 214 0 0 0 0 0 0 0 0 160 0 112 0 0 0 0 0 0 0 0 0 0 0 0 0 0 0 0 0 0 0 0 0 0 0 2275
701 0 556 0 0 0 0 0 0 0 0 223 306 0 214 0 0 0 0 0 0 0 0 163 0 112 0 0 0 0 0 0 0 0 0 0 0 0 0 0 0 2275
701 0 551 0 0 0 0 0 0 0 0 226 311 0 216 0 0 0 0 0 0 0 0 157 0 113 0 0 0 0 0 0 0 0 0 0 0 0 0 0 0 0 0 0 0 0 0 0 0 0 0 0 2275
694 0 556 0 0 0 0 0 0 219 0 0 321 0 211 0 0 0 0 0 0 0 0 162 0 112 0 0 0 0 0 0 0 0 0 0 0 0 0 0 0 0 0 0 0 0 0 2275
702 0 555 0 0 0 0 0 0 224 0 309 0 0 214 0 0 0 0 0 0 0 0 159 0 112 0 0 0 0 0 0 0 0 0 0 0 0 0 0 0 0 0 0 0 0 2275
694 0 561 0 0 0 0 0 0 224 0 0 309 0 209 0 0 0 0 0 0 0 0 164 0 114 0 0 0 0 0 0 0 0 0 0 0 0 0 0 2275
691 0 563 0 0 0 0 0 227 0 0 0 305 0 216 0 0 0 0 0 0 0 0 160 113 0 0 0 0 0 0 0 0 0 0 0 0 0 2275
694 0 562 0 0 0 0 231 0 0 0 0 300 0 217 0 0 0 0 0 0 0 0 158 113 0 0 0 0 0 0 0 0 0 0 0 0 0 0 0 0 2275
690 0 0 562 0 0 0 235 0 0 0 0 303 0 214 0 0 0 0 0 0 0 0 160 111 0 0 0 0 0 0 0 0 0 0 0 0 0 0 0 0 0 0 0 2275
697 0 0 563 0 0 0 235 0 0 0 0 299 0 212 0 0 0 0 0 0 0 0 158 111 0 0 0 0 0 0 0 0 0 0 0 0 0 0 0 0 0 0 0 0 0 0 0 0 2275
693 0 0 568 0 0 0 234 0 0 0 299 0 209 0 0 0 0 0 0 0 0 0 159 113 0 0 0 0 0 0 0 0 0 0 0 0 0 0 0 0 0 0 0 2275
709 0 0 558 0 0 0 0 231 0 0 293 0 213 0 0 0 0 0 0 0 0 0 159 112 0 0 0 0 0 0 0 0 0 0 0 0 0 0 0 0 0 0 0 2275
0 699 0 561 0 0 0 0 237 0 0 293 0 214 0 0 0 0 0 0 0 0 0 158 113 0 0 0 0 0 0 0 0 0 0 0 0 2275
0 706 0 555 0 0 0 0 230 0 0 291 0 0 219 0 0 0 0 0 0 0 0 161 113 0 0 0 0 0 0 2275
0 700 0 561 0 0 0 0 236 0 0 297 0 0 214 0 0 0 0 0 0 0 0 154 113 0 0 0 0 0 0 0 0 0 0 0 2275
0 704 552 0 0 0 0 0 228 0 0 303 0 0 218 0 0 0 0 0 0 0 0 154 116 0 0 0 0 0 2275
0 707 558 0 0 0 0 0 231 0 0 296 0 0 215 0 0 0 0 0 0 0 0 152 116 0 0 0 0 0 2275
0 700 554 0 0 0 0 0 234 0 0 307 0 0 210 0 0 0 0 0 0 0 0 153 117 0 0 0 0 0 0 0 0 0 0 0 0 2275
0 704 566 0 0 0 0 0 228 0 0 305 0 0 209 0 0 0 0 0 0 0 147 116 0 0 0 0 0 0 0 0 0 0 0 0 0 0 0 2275
0 701 562 0 0 0 0 0 228 0 0 310 0 0 208 0 0 0 0 0 0 0 150 116 0 0 0 0 0 0 0 0 0 0 0 0 0 0 0 0 0 0 0 0 0 0 0 0 2275
0 703 555 0 0 0 0 0 227 0 0 314 0 0 0 204 0 0 0 0 0 0 153 119 0 0 0 0 0 0 0 2275
0 702 564 0 0 0 0 0 225 0 0 307 0 0 0 209 0 0 0 0 0 0 152 116 0 0 0 0 0 0 0 0 0 0 0 0 0 0 2275
0 709 564 0 0 0 0 0 225 0 0 301 0 0 0 205 0 0 0 0 0 0 155 116 0 0 0 0 0 0 0 2275
707 0 562 0 0 0 0 0 224 0 0 302 0 0 0 0 207 0 0 0 0 0 155 118 0 0 0 0 0 0 0 0 2275
702 0 564 0 0 0 0 0 222 0 0 307 0 0 0 0 0 209 0 0 0 0 155 116 0 0 0 0 0 0 0 0 2275
707 0 564 0 0 0 0 0 224 0 0 305 0 0 0 0 0 211 0 0 0 0 149 115 0 0 0 0 0 0 0 0 0 0 2275
706 0 568 0 0 0 0 0 227 0 0 299 0 0 0 0 0 209 0 0 0 0 152 114 0 0 0 0 0 0 0 0 0 0 0 0 2275
699 0 563 0 0 0 0 0 227 0 0 310 0 0 0 0 0 210 0 0 0 0 153 113 0 0 0 0 0 0 0 0 0 0 0 2275
697 570 0 0 0 0 0 0 233 0 0 307 0 0 0 0 0 207 0 0 0 0 149 112 0 0 0 0 2275
698 568 0 0 0 0 0 0 238 0 0 299 0 0 0 0 0 208 0 0 0 0 151 113 0 0 0 0 0 0 0 0 0 0 0 2275
705 559 0 0 0 0 0 0 237 0 0 300 0 0 0 0 0 208 0 0 0 0 153 113 0 0 0 0 0 0 0 0 0 0 2275
707 558 0 0 0 0 0 0 236 0 0 304 0 0 0 0 0 203 0 0 0 0 152 115 0 0 0 0 0 0 0 0 0 2275
714 555 0 0 0 0 0 0 235 0 0 0 310 0 0 0 0 200 0 0 0 0 146 115 0 0 0 0 0 0 0 0 0 0 2275
724 551 0 0 0 0 0 0 233 0 0 0 306 0 0 0 0 204 0 0 0 0 142 115 0 0 0 0 0 0 0 2275
722 550 0 0 0 0 0 0 237 0 0 0 303 0 0 0 0 210 0 0 0 139 0 114 0 0 0 0 0 0 0 0 0 0 0 0 2275
712 554 0 0 0 0 0 0 236 0 0 0 305 0 0 0 212 0 0 0 0 142 0 114 0 0 0 0 0 0 0 0 2275
715 552 0 0 0 0 0 0 232 0 0 0 309 0 0 0 211 0 0 0 0 140 0 116 0 0 0 0 0 0 0 0 0 0 0 2275
720 553 0 0 0 0 0 0 236 0 0 0 308 0 0 0 206 0 0 0 0 134 118 0 0 0 0 0 0 0 0 0 0 0 2275
719 541 0 0 0 0 0 234 0 0 0 0 311 0 0 0 210 0 0 0 0 143 117 0 0 0 0 0 0 0 0 0 0 0 0 2275
717 548 0 0 0 0 0 234 0 0 0 0 306 0 0 213 0 0 0 0 0 142 115 0 0 0 0 2275
551 720 0 0 0 0 0 239 0 1 0 0 302 0 0 212 0 0 0 0 0 134 116 0 0 0 0 0 0 0 0 0 0 0 0 0 0 0 0 0 2275
556 714 0 0 0 0 0 237 0 0 0 0 0 307 0 208 0 0 0 0 0 140 113 0 0 0 0 0 0 0 2275
553 714 0 0 0 0 0 238 0 0 0 0 0 300 0 214 0 0 0 0 0 144 112 0 0 0 0 0 0 0 0 0 2275
551 715 0 0 0 0 0 236 0 0 0 0 0 295 0 216 0 0 0 0 0 149 113 0 0 0 0 0 2275
550 709 0 0 0 0 0 239 0 0 0 0 0 300 0 0 217 0 0 0 0 146 114 0 0 0 0 2275
555 715 0 0 0 0 0 237 0 0 0 0 0 293 0 215 0 0 0 0 0 147 113 0 0 0 0 0 0 0 0 0 0 0 0 0 0 0 0 0 0 0 0 0 0 0 0 0 0 0 0 2275
555 709 0 0 0 0 0 239 0 0 0 0 0 297 214 0 0 0 0 0 146 0 115 0 0 0 0 0 0 0 0 0 0 0 0 0 0 0 0 0 0 0 2275
558 712 0 0 0 0 0 234 0 0 0 0 0 292 213 0 0 0 0 0 150 116 0 0 0 0 0 0 0 0 0 0 0 2275
559 711 0 0 0 0 0 236 0 0 0 0 0 295 208 0 0 0 0 0 151 115 0 2275
558 705 0 0 0 0 0 235 0 0 0 0 0 297 213 0 0 0 0 0 154 113 0 0 0 0 0 0 0 0 2275
562 708 0 0 0 0 0 230 0 0 0 0 0 301 209 0 0 0 0 0 151 114 0 0 0 0 0 0 0 0 0 0 0 0 0 2275
562 710 0 0 0 0 0 226 0 0 0 0 0 294 214 0 0 0 0 0 155 114 0 0 0 0 0 0 0 0 2275
567 701 0 0 0 0 0 230 0 0 0 0 0 298 210 0 0 0 0 0 155 114 0 0 0 0 0 0 0 0 0 0 0 0 0 0 0 0 0 0 0 0 0 2275
582 702 0 0 0 0 0 189 0 0 0 0 0 301 229 0 0 0 0 0 155 117 0 0 0 0 0 0 0 2275
575 711 0 0 0 0 0 186 0 0 0 0 0 311 0 226 0 0 0 0 151 115 0 0 0 0 0 0 0 2275
581 702 0 0 0 0 0 189 0 0 0 0 0 306 0 224 0 0 0 0 157 116 0 0 0 0 0 0 0 0 0 0 0 2275
583 705 0 0 0 0 0 188 0 0 0 0 300 0 0 228 0 0 0 0 155 116 0 0 0 0 0 0 0 0 2275
584 703 0 0 0 0 0 192 0 0 0 0 305 0 0 225 0 0 0 0 153 113 0 0 0 0 0 0 0 2275
575 708 0 0 0 0 0 196 0 0 0 0 306 0 0 222 0 0 0 0 157 111 0 0 0 0 0 0 2275
570 715 0 0 0 0 0 197 0 0 0 0 304 0 0 224 0 0 0 154 0 111 0 0 0 0 2275
567 715 0 0 0 0 0 202 0 0 0 0 302 0 0 226 0 0 153 0 110 0 0 0 0 0 0 0 0 0 0 0 0 0 0 0 0 0 0 0 0 0 0 0 0 0 0 0 0 0 0 0 2275
569 714 0 0 0 0 0 202 0 0 0 0 301 0 0 228 0 0 150 0 111 0 0 0 0 0 0 0 0 0 0 0 0 0 0 0 0 0 0 0 0 0 0 0 0 0 2275
572 0 717 0 0 0 0 204 0 0 0 298 0 0 0 225 0 0 149 0 110 0 0 0 0 0 0 0 0 0 0 0 2275
574 0 712 0 0 0 0 204 0 0 0 296 0 0 0 226 0 0 152 0 111 0 0 0 0 0 0 0 0 0 0 0 0 0 0 0 0 0 0 0 0 0 0 0 2275
577 0 712 0 0 0 0 204 0 0 0 295 0 0 0 223 0 0 154 0 110 0 0 0 2275
0 569 702 0 0 0 0 209 0 0 0 301 0 0 0 222 0 0 159 0 113 0 0 0 0 0 0 0 0 0 0 0 0 0 0 0 0 0 0 0 2275
0 563 706 0 0 0 0 205 0 0 0 312 0 0 0 226 0 0 152 0 111 0 0 0 0 0 0 0 0 2275
0 561 708 0 0 0 0 209 0 0 0 304 0 0 0 232 0 0 150 0 111 0 0 0 0 0 0 0 0 0 0 0 0 0 0 0 0 0 0 2275
0 565 700 0 0 0 0 211 0 0 0 303 0 0 0 227 0 0 156 0 113 0 0 0 0 0 0 0 0 0 2275
0 562 697 0 0 0 0 214 0 0 0 303 0 0 0 230 0 0 156 0 113 0 0 0 0 0 0 2275
0 562 698 0 0 0 0 209 0 0 0 301 0 0 0 236 0 158 0 0 111 0 0 0 0 0 0 0 0 0 0 2275
0 559 701 0 0 0 0 211 0 0 0 302 0 0 0 236 0 155 0 0 111 0 0 0 0 0 0 0 0 2275
0 569 699 0 0 0 0 211 0 0 0 0 301 0 0 228 0 157 0 0 110 0 0 0 0 0 0 0 0 0 0 0 0 0 2275
0 565 705 0 0 0 0 228 0 0 0 0 304 0 0 207 156 0 0 0 110 0 0 0 0 0 0 0 0 0 0 0 0 0 2275
583 0 698 0 0 0 0 225 0 0 0 0 306 0 0 196 159 0 0 0 108 0 0 0 0 0 0 0 0 2275
580 0 0 702 0 0 0 217 0 0 0 0 309 0 0 198 160 0 0 0 109 0 0 0 0 0 0 0 0 0 0 0 0 0 0 0 0 0 0 0 0 2275
577 0 702 0 0 0 0 220 0 0 0 0 306 0 0 201 159 0 0 0 110 0 0 0 0 0 0 0 0 0 0 0 0 2275
581 0 709 0 0 0 0 0 215 0 0 0 303 0 0 203 155 0 0 109 0 0 0 0 0 2275
574 719 0 0 0 0 0 0 213 0 0 0 298 0 0 203 157 0 0 111 0 0 0 0 0 0 0 0 0 0 0 0 0 0 0 0 0 0 0 2275
571 716 0 0 0 0 0 0 212 0 0 0 298 0 0 209 158 0 0 111 0 0 0 0 0 0 2275
559 0 716 0 0 0 0 0 216 0 0 0 308 0 0 209 156 0 0 111 0 0 0 0 0 0 0 0 0 0 0 2275
552 0 716 0 0 0 0 0 214 0 0 318 0 0 0 206 159 0 0 110 0 0 0 0 0 0 0 0 0 0 0 0 2275
556 0 711 0 0 0 0 0 223 0 0 0 0 311 0 206 159 0 0 109 0 0 0 0 0 0 0 0 0 0 0 0 0 2275
558 0 705 0 0 0 0 0 224 0 0 0 315 0 203 0 161 0 0 109 0 0 0 0 0 0 0 0 0 0 0 0 0 0 0 0 0 0 0 0 0 2275
567 0 703 0 0 0 0 0 226 0 0 0 302 0 205 0 164 0 0 108 0 0 0 0 0 0 2275
565 0 706 0 0 0 0 0 225 0 0 0 308 0 206 157 0 0 0 108 0 0 0 0 0 0 0 0 0 0 0 2275
565 0 698 0 0 0 0 0 231 0 0 0 313 208 0 153 0 0 0 107 0 0 0 0 0 0 0 0 2275
562 0 700 0 0 0 0 0 231 0 0 0 314 207 0 157 0 0 0 104 0 0 0 0 0 0 0 0 0 0 0 0 0 0 0 0 0 0 0 2275
555 0 706 0 0 0 0 0 230 0 0 0 309 214 154 0 0 0 0 107 0 0 0 0 0 0 0 0 0 0 0 0 0 2275
561 0 0 703 0 0 0 0 232 0 0 0 307 211 154 0 0 0 0 107 0 0 0 0 0 0 0 2275
557 0 0 698 0 0 0 0 236 0 0 0 312 212 151 0 0 0 0 109 0 0 0 0 0 0 0 0 0 0 0 0 0 0 2275
561 0 0 700 0 0 0 0 225 0 0 0 316 214 151 0 0 0 0 108 0 0 0 2275
553 0 702 0 0 0 0 0 226 0 0 0 317 215 151 0 0 0 0 111 0 0 0 0 0 0 2275
550 0 707 0 0 0 0 0 230 0 313 0 0 213 152 0 0 0 0 110 0 0 0 2275
554 0 710 0 0 0 0 0 231 0 315 0 0 214 142 0 0 0 0 109 0 0 0 0 0 0 0 0 0 0 0 2275
555 0 709 0 0 0 0 0 231 315 0 0 0 212 144 0 0 0 0 109 0 0 0 0 0 0 0 0 0 0 2275
0 555 709 0 0 0 0 0 228 314 0 0 0 149 211 0 0 0 0 109 0 0 0 0 0 0 0 2275
0 553 712 0 0 0 0 0 235 314 0 0 0 207 145 0 0 0 0 109 0 0 0 0 0 0 2275
0 549 712 0 0 0 0 0 243 310 0 0 209 0 145 0 0 0 107 0 0 0 0 0 0 2275
0 552 711 0 0 0 0 0 239 313 0 0 210 142 0 0 0 0 108 0 0 0 0 0 0 0 2275
0 553 706 0 0 0 0 0 239 322 0 0 210 139 0 0 0 0 106 0 0 0 0 0 0 0 0 0 0 0 0 0 0 0 0 0 0 0 2275
0 554 711 0 0 0 0 0 241 316 0 0 207 141 0 0 0 0 105 0 0 0 0 0 0 0 0 0 0 0 0 0 0 0 0 0 0 0 0 0 0 0 0 0 0 2275
0 555 707 0 0 0 0 0 242 319 0 0 203 145 0 0 0 0 104 0 0 0 0 0 0 0 0 0 0 2275
0 545 705 0 0 0 0 0 326 238 0 0 207 147 0 0 0 0 107 0 0 0 0 0 0 0 0 0 0 0 0 0 2275
0 550 710 0 0 0 0 314 0 240 0 208 0 147 0 0 0 0 106 0 0 0 0 0 0 0 0 0 0 0 0 2275
0 553 707 0 0 0 0 310 0 244 0 210 0 146 0 0 0 105 0 0 0 0 0 0 0 0 0 0 0 0 2275
555 0 706 0 0 0 0 309 0 245 0 0 207 146 0 0 0 107 0 0 0 0 0 0 0 0 0 0 2275
555 0 707 0 0 0 306 0 0 247 0 0 211 141 0 0 0 108 0 2275
556 0 717 0 0 0 300 0 0 248 0 0 209 141 0 0 0 104 0 0 0 0 2275
561 0 710 0 0 0 300 0 0 251 0 0 210 138 0 0 0 105 0 0 0 0 0 2275
557 715 0 0 0 0 304 0 0 250 0 0 209 138 0 0 0 102 0 0 0 0 0 0 0 0 0 0 0 0 0 0 0 0 0 0 0 0 2275
557 718 0 0 0 0 301 0 252 0 0 0 209 0 137 0 0 101 0 0 0 0 0 0 0 0 0 0 0 0 0 0 0 0 0 0 0 0 0 0 0 0 2275
559 718 0 0 0 0 292 0 252 0 0 215 0 0 140 0 0 99 0 0 0 0 0 0 0 2275
555 713 0 0 0 0 289 256 0 0 0 223 0 0 141 0 0 98 0 0 0 0 0 0 0 0 0 0 0 0 0 0 0 0 2275
556 711 0 0 0 0 298 250 0 0 0 218 0 0 147 0 0 95 0 0 0 0 0 2275
561 710 0 0 0 0 297 245 0 0 0 219 0 0 152 0 0 91 0 0 0 0 0 0 0 0 0 0 0 2275
562 703 0 0 0 0 304 246 0 0 0 215 0 157 0 0 0 88 0 0 0 0 0 0 0 0 0 2275
557 707 0 0 0 0 300 253 0 0 0 216 0 159 0 0 0 83 0 0 0 0 0 0 0 2275
565 713 0 0 0 0 293 251 0 0 0 213 0 161 0 0 0 79 0 0 0 2275
566 708 0 0 0 0 297 253 0 0 0 213 0 160 0 0 78 0 0 0 0 0 0 0 0 0 0 0 0 2275
567 711 0 0 0 0 298 246 0 0 0 214 0 160 0 0 79 2275
569 704 0 0 0 0 303 251 0 0 0 212 0 158 0 0 78 2275
576 708 0 0 0 0 292 252 0 0 0 210 0 160 0 0 77 0 0 0 2275
572 0 708 0 0 291 0 254 0 0 0 214 0 159 0 0 77 0 0 0 0 2275
570 0 702 0 0 296 0 258 0 214 0 0 0 160 0 0 75 0 0 0 0 0 0 2275
562 0 0 707 0 298 0 260 0 214 0 0 0 160 0 0 74 0 0 0 0 2275
562 0 696 0 0 303 0 268 0 214 0 0 0 159 0 0 73 0 0 0 0 0 0 0 0 0 0 0 2275
560 0 698 0 0 302 0 261 0 217 0 0 164 0 0 73 0 0 0 0 0 2275
560 0 698 0 0 0 317 263 0 208 0 0 156 0 0 73 0 0 0 0 0 2275
564 0 694 0 0 0 311 268 0 211 0 0 151 0 76 0 0 0 0 0 0 2275
567 0 705 0 0 0 303 262 0 212 0 0 151 0 75 0 2275
568 0 705 0 0 0 306 260 208 0 0 153 0 0 75 0 0 0 2275
550 0 712 0 0 0 312 259 211 0 0 156 0 0 75 0 0 0 0 2275
553 0 711 0 0 304 0 265 212 0 0 157 0 73 0 0 0 0 0 0 0 0 0 0 0 0 0 0 0 2275
548 0 718 0 0 304 0 261 212 0 0 159 0 73 0 0 0 0 0 0 0 0 0 0 0 2275
545 0 716 0 0 307 0 211 261 0 0 163 0 72 0 0 0 0 0 0 0 0 0 0 0 2275
545 0 726 0 0 301 0 209 259 0 161 0 0 74 0 0 0 0 0 0 2275
556 0 0 721 0 295 0 211 260 0 157 0 0 74 0 0 0 1 0 0 0 0 2275
558 0 0 718 0 299 0 214 255 0 159 0 0 72 0 0 0 0 0 0 0 2275
559 0 0 721 0 302 0 215 252 154 0 0 0 72 0 0 0 0 0 0 0 0 2275
560 0 724 0 0 304 0 209 254 150 0 0 0 74 0 0 0 0 2275
556 0 721 0 0 310 0 211 253 151 0 0 0 73 0 0 0 0 0 0 0 2275
556 0 722 0 0 0 306 215 253 147 0 0 0 76 0 0 0 0 0 0 0 0 0 0 0 0 2275
0 551 722 0 0 0 308 221 251 149 0 0 0 73 0 0 0 0 0 2275
0 551 726 0 0 0 305 253 214 150 0 0 0 76 0 0 0 0 0 0 0 0 0 0 0 0 0 0 0 0 0 0 0 2275
553 0 721 0 0 0 313 215 251 151 0 0 0 71 0 0 0 2275
562 0 726 0 0 0 304 213 246 152 0 0 0 72 0 0 0 0 2275
563 0 735 0 0 0 295 214 242 152 0 0 0 74 0 0 0 0 0 0 0 0 2275
558 740 0 0 0 0 298 214 240 151 0 0 0 74 0 0 0 0 0 0 0 0 0 0 0 2275
553 737 0 0 0 303 0 213 243 152 0 0 0 74 0 0 0 0 2275
546 734 0 0 0 301 0 253 211 155 0 0 0 75 0 0 0 0 0 0 0 0 2275
546 733 0 0 0 0 299 254 212 156 0 0 0 75 0 0 0 0 0 0 0 0 0 0 0 0 2275
545 727 0 0 0 0 299 259 213 158 0 0 74 0 0 2275
546 727 0 0 0 305 0 256 209 157 0 0 75 0 0 0 0 0 0 2275
545 725 0 0 0 305 0 212 255 159 0 0 74 0 0 0 0 0 0 0 0 0 0 2275
549 712 0 0 0 311 0 217 256 157 0 0 73 0 0 0 0 0 0 0 0 0 0 0 0 2275
556 705 0 0 0 308 215 0 260 158 0 0 73 0 0 0 0 0 0 0 0 0 0 0 2275
555 703 0 0 308 0 214 0 263 160 0 0 72 0 0 0 0 2275
562 698 0 0 304 0 212 0 266 161 0 72 0 0 0 2275
560 711 0 0 305 0 258 209 0 161 0 71 0 2275
564 709 0 0 300 258 0 211 0 160 0 73 0 0 0 0 0 0 0 0 0 0 0 2275
562 707 0 0 256 300 0 216 0 161 0 73 0 0 0 0 0 0 0 0 0 0 0 2275
568 702 0 0 263 298 0 213 0 158 73 0 0 0 0 0 0 0 0 0 0 0 2275
571 702 0 0 258 298 0 214 0 160 72 0 2275
562 698 0 0 305 260 0 217 0 160 73 0 0 0 2275
695 562 0 0 313 264 0 0 212 153 76 0 0 0 0 0 2275
699 559 0 0 309 268 0 0 212 154 74 0 0 0 0 0 2275
707 556 0 0 301 262 215 0 0 160 74 0 0 0 2275
711 557 0 0 266 293 216 0 0 160 72 0 0 0 2275
698 561 0 0 271 292 219 0 0 163 71 0 2275
698 557 0 0 273 299 215 0 0 162 71 0 2275
556 704 0 0 268 300 213 0 0 161 73 0 0 0 0 2275
554 707 0 0 262 305 212 0 163 0 72 0 0 2275
555 706 0 0 267 0 298 216 159 0 74 2275
556 704 0 0 0 266 302 212 163 0 72 0 0 0 0 0 0 2275
694 556 0 0 0 272 306 214 164 0 69 0 0 0 2275
699 561 0 0 0 269 305 211 159 71 0 0 0 0 0 0 2275
706 560 0 0 0 270 301 209 156 73 0 0 0 0 0 2275
702 562 0 0 275 0 298 207 155 76 0 0 0 0 2275
701 0 560 0 271 0 299 211 157 76 0 0 0 2275
700 0 560 269 0 0 213 303 156 74 2275
699 0 562 264 0 207 0 311 157 75 0 0 0 0 0 0 0 2275
700 0 565 262 206 0 0 156 311 75 0 0 0 0 0 0 0 2275
693 563 0 266 210 0 155 0 312 76 0 0 0 0 0 0 2275
705 559 0 208 263 0 0 154 312 74 0 0 0 0 0 0 2275
704 562 0 208 263 0 0 154 308 76 0 0 0 0 0 0 2275
710 560 0 212 258 0 0 157 303 75 0 2275
695 569 210 0 263 0 0 157 306 75 0 0 2275
696 571 207 262 0 0 0 157 308 74 0 0 0 0 2275
570 691 210 0 269 0 0 155 305 75 0 2275
572 690 0 214 273 0 0 159 294 73 0 2275
569 698 0 212 267 0 0 161 297 71 0 0 0 0 0 0 0 0 2275
558 0 703 217 266 0 0 298 160 73 0 0 2275
552 0 701 218 266 0 0 300 164 74 2275
555 0 703 213 271 0 0 303 155 75 0 2275
557 702 214 0 272 0 0 296 159 75 0 2275
556 703 0 209 268 0 305 0 157 77 0 0 0 0 0 0 0 2275
553 705 0 211 265 0 308 0 158 75 0 2275
551 0 698 210 260 322 0 0 161 73 0 0 0 0 2275
556 0 701 209 320 257 0 0 159 73 0 0 2275
553 697 0 212 315 261 0 166 0 71 0 0 0 0 0 0 0 0 0 2275
555 700 0 213 314 162 261 0 0 70 0 0 0 0 0 2275
555 695 214 0 312 161 266 0 0 72 0 0 0 0 2275
702 548 216 0 314 162 263 0 70 0 0 0 0 2275
697 550 209 0 165 321 259 0 74 0 0 0 0 0 0 0 0 0 0 0 0 2275
700 552 213 0 162 263 311 0 74 0 0 0 2275
691 556 213 159 0 264 318 0 74 0 0 0 0 0 0 0 0 0 0 0 0 2275
689 563 161 211 0 261 317 0 73 0 0 0 0 0 0 0 0 0 2275
684 564 155 216 0 270 312 0 74 0 2275
695 561 152 209 0 315 269 0 74 0 0 0 0 0 0 0 0 0 0 2275
698 560 158 211 312 0 262 0 74 0 0 0 0 0 0 0 0 0 2275
704 563 211 157 304 0 261 0 75 0 0 0 0 2275
702 560 212 303 160 0 265 0 73 0 0 0 0 2275
703 553 208 313 160 266 0 0 72 0 0 0 0 0 0 2275
701 549 210 316 166 266 0 0 67 0 0 2275
711 552 209 312 163 259 69 0 0 0 0 0 0 0 0 0 0 0 2275
701 554 209 157 320 262 72 0 0 0 0 0 0 2275
696 212 544 162 325 263 73 0 0 0 2275
697 215 543 321 159 266 74 0 2275
698 214 542 321 266 160 74 0 0 0 2275
692 221 545 318 263 161 75 0 2275
693 215 320 546 261 160 80 0 0 2275
698 315 216 545 256 169 76 0 2275
706 322 211 540 254 169 73 0 0 0 0 0 0 0 0 0 0 2275
703 311 213 548 173 254 73 0 0 2275
701 306 549 215 172 258 74 0 0 0 0 2275
702 555 300 213 173 260 72 0 2275
711 554 301 215 169 253 72 0 0 0 0 0 2275
715 551 305 212 252 167 73 0 0 0 0 0 0 0 0 0 0 0 2275
699 553 314 257 214 164 74 0 2275
714 549 308 212 253 165 74 2275
717 547 310 208 167 254 72 0 2275
717 545 318 208 252 163 72 0 2275
719 310 547 212 252 163 72 0 0 0 0 0 2275
721 303 548 214 165 252 72 0 0 0 0 2275
713 296 553 169 213 257 74 0 0 2275
713 291 550 172 259 213 77 0 0 0 2275
709 295 557 172 256 207 79 0 2275
708 300 174 553 257 204 79 2275
707 311 170 548 260 201 78 0 2275
699 315 172 549 259 203 78 0 0 2275
703 321 169 544 202 257 79 0 2275
713 165 309 550 205 252 81 0 0 0 2275
718 162 307 552 251 204 81 0 2275
722 162 554 312 245 201 79 0 2275
716 164 558 305 249 204 79 0 0 0 2275
716 166 309 561 247 202 74 0 0 2275
168 722 304 559 242 208 72 0 0 2275
713 165 305 558 250 211 73 0 0 2275
715 167 303 555 252 210 73 0 0 2275
714 170 308 548 252 210 73 0 0 0 0 0 2275
713 302 170 554 253 211 72 0 0 0 0 0 0 0 2275
704 304 167 558 259 211 72 0 0 0 0 0 2275
709 312 550 168 255 209 72 2275
715 309 552 158 255 211 75 0 0 2275
712 310 550 164 252 212 75 0 0 0 0 0 2275
704 306 164 553 254 217 77 0 0 0 0 2275
306 707 163 551 254 218 76 0 0 0 0 0 0 0 2275
316 703 163 257 547 216 73 0 2275
310 710 168 548 254 215 70 0 0 0 0 2275
308 715 163 256 543 217 73 2275
309 707 167 262 540 217 73 0 0 0 2275
309 708 166 258 214 546 74 0 0 0 2275
298 724 166 254 546 214 73 0 0 2275
302 724 164 253 542 218 72 0 0 2275
719 298 162 257 551 215 73 0 0 0 2275
721 294 159 256 550 219 76 0 0 2275
299 722 160 255 546 217 76 0 0 2275
299 717 159 261 548 216 75 2275
302 714 162 256 552 215 74 2275
303 709 163 260 548 217 75 0 2275
701 308 166 260 549 215 76 2275
708 298 169 261 547 216 76 0 0 2275
303 718 167 255 540 215 77 0 0 0 0 0 2275
302 712 166 255 548 212 80 0 0 0 2275
307 703 172 255 555 206 77 0 0 0 0 0 0 2275
312 703 173 257 551 203 76 0 0 2275
708 313 165 254 555 206 74 0 0 0 0 2275
705 311 164 259 553 211 72 0 0 0 0 0 2275
712 308 252 170 551 210 72 0 0 0 2275
706 310 171 254 547 212 75 0 0 0 0 0 0 0 0 2275
307 711 169 251 548 215 74 0 2275
312 708 169 251 552 208 75 0 0 0 0 0 0 2275
311 713 168 246 547 212 78 0 0 0 0 0 0 2275
310 718 171 244 547 210 75 0 0 0 0 2275
315 714 172 245 552 204 73 0 0 0 0 0 2275
309 719 171 555 246 203 72 0 2275
310 724 168 550 247 203 73 0 0 2275
319 716 171 552 240 202 75 0 0 0 0 0 0 0 0 2275
308 719 160 245 556 207 80 0 0 0 2275
306 718 160 250 557 205 79 0 0 2275
301 723 160 551 252 210 78 0 0 2275
302 162 715 553 251 213 79 0 0 0 2275
297 161 722 250 555 212 78 2275
300 165 720 253 550 210 77 2275
301 163 714 258 549 212 78 0 2275
297 162 716 554 258 212 76 2275
297 158 558 712 256 214 80 0 0 2275
303 553 158 712 263 209 77 2275
546 309 158 708 265 210 79 2275
305 549 166 712 256 211 76 0 0 0 2275
304 164 547 714 256 212 78 0 0 0 2275
305 550 162 717 254 208 79 0 0 0 0 2275
312 549 164 710 258 204 78 0 0 2275
305 165 552 708 260 207 78 0 0 0 2275
301 170 714 552 257 209 72 0 2275
168 299 710 558 260 208 72 0 0 0 2275
168 304 711 562 256 201 73 0 0 0 2275
169 303 561 709 261 200 72 0 0 0 0 2275
165 306 561 698 265 206 74 0 0 0 0 2275
163 307 556 703 266 205 75 0 0 2275
312 162 548 700 269 206 78 0 2275
313 165 700 551 265 205 76 2275
317 160 702 557 261 201 77 2275
316 162 551 714 257 199 76 0 0 0 0 0 0 2275
308 158 548 719 204 260 78 0 0 0 0 0 0 0 0 2275
309 162 554 717 257 198 78 0 0 0 2275
308 561 160 713 257 198 78 0 0 2275
318 161 546 714 260 198 78 0 0 0 0 2275
318 549 160 716 253 203 76 0 0 2275
309 554 162 717 201 258 74 0 2275
313 554 709 166 204 256 73 0 0 0 0 0 0 0 0 2275
318 555 706 158 208 254 76 2275
317 555 705 213 157 252 76 0 0 0 2275
312 559 706 210 159 253 76 0 2275
306 559 714 159 208 253 76 0 2275
307 712 562 158 203 257 76 0 0 0 2275
714 316 553 160 200 254 78 0 0 2275
710 309 560 158 201 260 77 2275
707 299 569 162 257 206 75 0 2275
710 301 565 164 203 255 77 0 0 0 0 0 0 0 0 0 2275
708 304 565 163 209 251 75 0 0 0 0 2275
311 710 559 167 202 251 75 0 0 0 0 2275
310 715 558 162 256 196 78 0 0 0 0 0 0 0 2275
313 555 717 162 255 193 80 0 0 0 2275
550 319 719 165 254 189 79 0 0 0 0 0 0 0 0 2275
546 318 720 166 257 193 75 0 2275
544 323 711 167 195 260 75 0 0 2275
549 313 712 198 167 259 77 0 0 0 0 0 2275
548 315 714 166 197 256 79 0 0 0 0 0 0 2275
302 553 718 166 199 260 77 0 0 0 0 2275
293 561 167 723 201 255 75 0 0 2275
300 556 165 199 722 253 80 0 0 0 0 0 2275
305 549 163 721 201 258 78 0 0 2275
304 554 165 714 259 201 78 0 0 0 0 0 0 0 0 0 0 0 0 0 2275
558 306 166 714 258 197 76 2275
565 173 303 706 259 196 73 0 0 0 2275
571 169 304 700 260 197 74 2275
569 299 171 707 254 200 75 2275
571 297 166 713 196 254 78 0 0 0 0 0 2275
578 168 273 707 201 270 78 0 0 0 0 0 2275
583 169 274 718 257 199 75 0 0 0 0 0 0 0 0 0 2275
573 171 721 278 257 202 73 2275
572 172 719 284 252 204 72 0 2275
575 165 714 284 254 209 74 0 2275
574 164 713 280 255 215 74 0 0 0 2275
567 166 711 285 217 255 74 0 0 0 0 0 0 2275
558 714 168 289 217 255 74 2275
555 723 169 286 249 217 76 2275
568 715 293 163 253 206 77 2275
562 709 312 252 161 204 75 0 0 0 0 0 0 0 0 2275
559 712 311 250 205 164 74 2275
566 713 303 255 162 201 75 0 0 2275
566 715 300 250 166 201 77 0 0 0 2275
719 564 308 249 163 196 76 0 0 2275
720 568 251 303 158 197 78 2275
568 709 259 304 157 198 80 0 0 0 2275
566 256 712 299 162 202 78 0 2275
566 710 251 302 168 201 77 2275
568 705 301 255 168 201 77 0 0 0 2275
564 712 307 163 253 200 76 0 0 0 2275
563 715 305 251 163 202 76 0 0 0 0 0 2275
561 715 308 247 203 165 76 0 0 2275
562 715 303 248 207 166 74 0 0 0 0 0 0 0 2275
560 715 299 252 209 166 74 0 0 0 0 0 0 2275
561 715 302 250 210 163 74 0 0 0 0 0 0 2275
557 718 301 250 210 163 76 0 2275
556 715 308 252 209 159 76 0 0 2275
558 714 303 257 156 207 80 0 0 0 2275
552 704 262 310 162 208 77 0 0 0 0 2275
552 705 259 310 162 212 75 0 0 0 0 0 0 2275
551 699 266 309 162 213 75 0 0 2275
701 557 261 310 159 212 75 0 0 0 0 2275
706 552 254 316 163 210 74 0 0 0 0 0 2275
702 555 257 320 210 155 76 0 0 0 0 0 2275
703 561 256 214 307 159 75 0 0 2275
564 698 258 215 302 164 74 0 2275
562 707 253 210 305 164 74 0 0 2275
549 246 715 211 310 170 74 0 0 0 0 0 0 2275
248 553 703 214 314 171 72 0 0 0 0 2275
252 552 705 308 212 172 74 0 0 0 0 0 2275
254 548 711 306 170 215 71 0 0 2275
254 540 714 307 216 172 72 0 2275
253 550 706 310 210 174 72 0 0 0 2275
548 251 710 311 210 173 72 0 0 0 2275
550 253 701 316 210 172 73 0 2275
545 248 317 707 210 172 76 0 2275
547 254 318 705 171 205 75 0 0 0 2275
546 254 319 708 201 171 76 0 0 0 0 2275
543 258 320 704 203 170 77 0 0 0 0 2275
543 259 323 697 208 170 75 0 0 0 0 2275
543 261 326 697 208 168 72 0 0 0 2275
542 257 336 695 203 169 73 0 0 0 0 0 0 0 2275
545 252 326 708 202 171 71 0 0 2275
548 246 320 713 170 208 70 2275
552 249 310 709 172 212 71 2275
555 257 306 701 218 168 70 0 0 0 0 2275
552 254 303 705 218 173 70 0 0 2275
553 259 701 302 217 171 72 2275
554 249 710 302 171 216 73 0 0 0 0 2275
564 248 710 301 166 211 75 0 2275
566 710 246 302 164 214 73 0 0 0 0 0 2275
557 711 248 169 304 215 71 0 0 0 0 2275
556 248 709 172 305 212 73 0 2275
547 247 715 170 312 212 72 0 0 0 0 0 0 0 0 2275
249 548 716 173 308 209 72 2275
249 710 551 170 314 206 75 2275
251 716 171 550 305 206 76 2275
252 714 168 548 311 208 74 0 0 0 2275
262 704 160 314 547 211 77 0 2275
265 163 698 304 559 208 77 1 0 0 0 2275
259 161 702 313 557 206 77 0 0 0 0 2275
255 165 695 310 568 206 76 0 0 0 0 0 0 0 2275
257 168 695 295 570 214 76 0 0 2275
165 257 704 297 560 218 74 0 0 2275
258 168 709 300 555 211 74 0 0 0 2275
254 166 709 306 210 560 70 0 0 0 0 2275
166 726 230 315 204 562 72 2275
165 732 235 210 302 559 72 0 0 2275
165 753 209 307 206 561 74 0 0 0 0 0 0 2275
163 750 207 304 204 571 76 0 2275
167 748 298 209 211 566 76 0 2275
741 164 300 208 217 570 75 0 0 0 0 0 2275
730 170 304 223 215 561 72 0 0 0 0 0 0 0 0 0 0 2275
730 300 167 226 216 565 71 0 0 0 2275
723 168 306 195 230 582 71 0 0 0 0 0 0 2275
733 170 306 224 189 581 72 2275
730 319 172 225 192 566 71 0 0 0 0 0 0 0 0 2275
732 322 171 220 197 562 71 0 0 0 0 0 0 0 0 0 2275
733 329 173 222 554 195 69 0 0 0 0 0 0 0 0 0 0 0 2275
735 315 167 566 225 198 69 0 0 0 2275
739 316 167 559 220 203 71 0 0 0 2275
731 316 563 168 222 203 72 0 0 2275
742 316 548 167 225 204 73 0 2275
735 317 549 224 170 209 71 0 0 2275
728 315 550 227 170 213 72 0 0 0 0 0 2275
717 316 555 167 232 216 72 0 0 0 2275
726 316 555 168 226 213 71 0 0 0 2275
723 323 551 175 222 212 69 0 0 0 0 0 2275
721 323 552 173 221 214 71 0 2275
723 322 547 169 225 218 71 0 2275
319 731 549 166 224 216 70 0 0 2275
321 735 545 169 219 215 71 0 0 0 2275
324 743 545 169 208 218 68 0 2275
310 731 558 174 215 218 69 0 0 0 2275
307 734 561 220 168 217 68 0 0 0 0 0 0 0 0 2275
314 736 557 219 166 214 69 0 0 0 0 0 0 0 0 0 0 2275
320 739 550 222 163 211 70 0 0 0 2275
729 311 554 223 169 217 72 0 0 0 0 0 2275
733 306 553 223 217 171 72 0 0 2275
740 305 553 224 214 166 73 0 0 0 2275
734 552 308 228 213 164 76 0 0 2275
720 560 302 236 213 171 73 0 0 2275
561 723 296 235 217 170 73 2275
552 724 304 231 219 173 72 0 0 2275
551 720 232 309 215 177 71 0 0 0 0 2275
548 729 227 313 209 178 71 0 0 0 2275
554 725 304 228 213 179 72 0 2275
735 551 303 218 210 186 72 2275
553 739 303 218 214 175 73 0 2275
729 559 302 225 217 171 72 0 2275
727 561 298 220 222 175 72 0 0 2275
726 558 220 303 223 175 70 2275
729 555 216 227 303 175 70 0 2275
722 557 215 228 310 170 73 0 0 0 2275
730 548 216 230 307 172 72 2275
543 730 220 228 307 173 73 0 0 1 2275
543 726 217 230 315 173 71 0 0 0 0 2275
537 736 218 228 313 173 70 0 0 2275
537 740 210 319 222 177 70 0 0 2275
541 734 212 323 218 175 72 0 0 0 2275
537 743 212 322 218 174 69 0 2275
539 744 214 315 174 218 71 0 0 2275
543 737 319 212 181 212 71 0 2275
538 749 319 213 179 206 71 2275
539 747 313 180 213 212 71 2275
756 543 296 175 215 219 71 0 0 2275
756 541 294 175 216 220 73 2275
760 551 176 285 211 221 71 0 2275
760 551 175 284 210 223 72 0 0 2275
756 544 299 181 209 217 69 0 2275
755 546 298 184 218 204 70 2275
738 553 300 181 220 213 70 2275
740 556 295 184 212 219 69 0 2275
735 555 301 215 184 215 70 0 0 0 2275
742 298 548 218 183 214 72 0 0 0 2275
743 294 222 545 180 220 71 0 0 2275
745 302 220 542 178 217 71 0 0 0 0 0 0 0 0 0 2275
747 300 548 219 174 215 72 0 0 0 0 0 0 0 0 0 0 2275
743 302 540 217 180 220 73 0 0 2275
741 302 553 209 217 181 72 2275
745 302 550 213 216 180 69 0 0 2275
299 740 557 215 215 179 70 0 0 2275
302 737 559 214 183 211 69 0 0 0 0 0 0 0 2275
306 553 738 212 182 215 69 0 2275
313 555 731 214 186 207 69 0 0 2275
312 553 737 218 204 181 70 0 0 0 0 0 0 2275
314 553 735 203 217 183 70 0 2275
308 552 735 204 222 184 70 2275
316 734 546 203 223 184 69 2275
319 727 554 194 221 190 70 0 0 0 0 2275
316 730 549 196 221 193 70 0 0 0 2275
318 734 547 190 195 220 71 0 0 0 0 2275
309 737 550 190 196 221 72 0 0 0 0 0 0 0 2275
306 734 187 554 201 221 72 0 0 2275
305 737 553 192 197 220 71 0 0 0 0 2275
299 745 548 189 197 223 74 0 0 0 2275
749 301 542 192 194 223 74 0 0 0 0 0 0 0 0 0 2275
309 748 543 186 200 217 72 0 0 0 0 0 2275
305 747 556 191 190 213 73 0 0 0 0 2275
305 743 198 556 187 213 73 0 0 0 2275
309 739 193 558 214 189 73 0 0 0 0 0 2275
310 743 196 549 217 186 74 0 0 0 0 0 0 0 0 0 0 2275
314 737 190 553 220 188 73 2275
308 740 190 557 218 190 72 0 0 0 2275
312 733 196 556 218 188 72 0 0 0 0 0 0 0 2275
308 740 191 560 190 211 75 0 0 0 0 0 0 0 0 0 2275
742 296 197 565 190 210 75 0 0 0 2275
745 293 193 561 195 214 74 0 0 2275
754 294 199 188 551 216 73 0 2275
754 296 202 182 552 217 72 0 2275
741 305 201 555 183 216 74 0 2275
740 199 309 551 187 218 71 0 2275
736 311 198 550 188 221 71 2275
309 740 176 553 208 219 70 2275
304 750 173 552 206 219 71 0 0 0 0 0 2275
308 748 563 174 195 215 72 0 0 0 2275
308 560 747 177 193 216 74 2275
309 560 748 175 196 215 72 0 0 0 2275
548 319 746 172 201 217 72 0 0 0 0 2275
546 309 752 173 222 202 71 0 2275
552 307 762 217 169 198 70 0 2275
559 306 758 214 166 201 71 2275
566 304 755 164 216 199 71 0 0 0 0 0 0 0 0 0 0 2275
564 307 749 218 170 197 70 0 0 0 0 0 0 0 0 0 2275
313 559 740 220 173 199 71 0 0 0 0 0 2275
319 556 739 172 218 198 73 0 0 0 0 0 2275
312 556 756 168 196 215 72 0 2275
311 752 557 169 196 219 71 0 0 0 0 2275
308 753 565 164 197 216 72 0 0 0 0 0 2275
307 753 562 197 170 215 71 0 0 0 0 2275
759 309 554 198 168 215 72 0 0 2275
759 312 553 202 163 215 71 2275
762 307 555 201 162 217 71 0 0 0 0 2275
766 304 556 163 198 216 72 0 0 0 2275
773 304 549 161 197 219 72 2275
769 301 560 198 161 217 69 2275
760 300 561 201 164 217 72 0 2275
757 309 553 163 201 220 72 0 0 0 2275
754 314 546 159 206 221 75 0 0 0 2275
749 327 547 195 161 220 76 2275
326 749 547 196 163 220 74 2275
327 745 553 198 159 220 73 2275
326 749 547 159 198 226 70 0 0 0 2275
316 756 555 197 156 224 71 0 0 2275
766 306 561 195 157 220 70 0 2275
762 307 195 558 161 219 73 0 0 0 2275
757 306 204 557 225 154 72 0 0 0 2275
756 308 555 205 222 156 73 0 0 2275
756 320 550 201 218 159 71 2275
763 544 320 206 215 155 72 2275
762 549 318 213 200 162 71 0 0 0 0 2275
556 759 312 211 202 164 71 0 2275
763 548 310 219 205 163 67 0 2275
770 552 312 216 200 156 69 0 0 0 0 0 0 2275
763 551 311 205 221 157 67 0 0 0 0 0 0 0 0 0 0 0 0 0 2275
758 543 319 209 221 158 67 0 2275
760 550 206 317 217 157 68 0 0 0 0 2275
762 553 308 205 221 157 69 0 0 0 0 0 0 0 0 0 2275
762 547 204 311 221 161 69 0 0 0 0 0 0 0 0 0 0 2275
762 552 202 307 223 160 69 0 2275
765 557 201 304 222 157 69 2275
761 556 205 229 301 155 68 0 0 0 0 2275
772 557 197 224 299 158 68 0 0 0 0 0 2275
781 560 225 199 285 158 67 0 0 0 2275
782 220 558 200 293 154 68 0 0 0 2275
776 215 561 202 299 152 70 0 0 2275
769 218 559 204 303 152 70 2275
770 218 554 199 313 151 70 0 0 2275
766 218 553 200 319 150 69 0 0 0 2275
767 552 215 196 327 149 69 0 0 2275
758 217 562 196 321 149 72 0 2275
756 214 571 195 317 150 72 0 2275
768 210 563 319 193 149 73 0 0 0 0 0 2275
768 213 315 565 189 151 74 0 0 0 2275
779 215 305 561 190 151 74 0 2275
772 302 214 561 200 156 70 0 0 0 2275
787 297 202 575 188 157 69 0 0 0 0 0 2275
783 304 203 589 169 157 70 0 2275
779 308 200 591 168 157 72 0 2275
776 194 312 587 169 163 74 0 0 2275
780 310 202 581 174 157 71 2275
782 316 198 578 175 154 72 0 0 2275
773 203 316 585 174 151 73 2275
772 196 322 577 183 152 73 0 0 0 0 2275
197 768 325 573 185 153 74 0 2275
197 767 570 324 190 153 74 0 0 0 0 2275
196 763 573 321 154 192 76 0 2275
204 756 569 151 324 197 74 2275
204 566 757 153 319 202 74 0 0 2275
205 748 566 156 315 210 75 0 0 0 0 0 2275
200 759 572 305 155 210 74 0 0 0 0 0 2275
200 777 565 297 212 149 75 0 0 0 0 2275
197 771 573 300 210 148 76 0 2275
766 194 566 302 214 157 76 0 0 0 0 2275
