0.316832 0.343388
0.416 1.27286
0.406667 1.10468
0.388571 0.796761
0.4 0.867892
0.404444 0.867892
0.416 0.991973
0.432727 1.22568
0.42 1.00461
0.421538 1.00461
0.434286 1.20461
0.424 1.0135
0.4325 1.15082
0.423529 0.975001
0.42 0.890412
0.423158 0.931187
0.418 0.813056
0.420952 0.851142
0.418182 0.777363
0.412174 0.634254
0.421667 0.807955
0.4256 0.875495
0.423077 0.809772
0.420741 0.745755
0.424286 0.808165
0.424828 0.808165
0.426667 0.837895
0.424516 0.779791
0.42375 0.751382
0.425455 0.77918
0.421176 0.670314
0.422857 0.696977
0.422222 0.670842
0.421622 0.645211
0.424211 0.695508
0.424615 0.695508
0.423 0.647018
0.422439 0.623197
0.422857 0.623197
0.424186 0.64622
0.42 0.53299
