16.6904
16.6904
16.6908
16.8464
16.8464
16.7311
16.7311
16.7311
16.7311
16.7311
16.7311
16.7311
16.6824
16.5082
16.5034
16.7371
16.7371
16.9397
16.7635
16.7635
16.8328
16.4922
16.4922
16.8176
16.8176
16.8176
16.8176
16.8176
16.8176
16.7371
16.5398
16.5398
16.5398
16.5398
16.5398
16.8849
16.3874
16.9861
17.2413
16.8804
16.8804
16.7653
16.7653
16.7653
16.7653
16.7653
16.7653
16.7653
16.8816
16.8816
16.8816
16.5879
16.5879
16.5879
16.5826
16.7934
16.6727
16.6727
16.7027
16.7027
16.6592
16.6592
16.6592
16.6592
16.6592
16.6592
16.857
16.8803
16.6096
16.8703
16.7944
16.9143
16.9517
16.944
17.0213
17.0213
17.0213
17.0213
17.0213
16.9476
16.9476
16.5413
16.5413
16.5458
16.5458
16.5018
16.5018
16.5543
17.0118
17.4274
17.4274
17.2101
17.2101
17.2101
16.8311
16.8311
16.8311
16.8311
16.8311
16.9179
16.9179
16.9179
16.9179
16.8988
17.037
17.037
16.7863
16.7706
16.7706
16.7706
16.7706
16.7706
16.7706
17.0351
17.0577
17.0577
16.7961
16.7961
16.7961
16.8641
16.8641
16.8641
16.7988
16.7988
16.7146
16.7146
16.7146
16.7146
16.7146
16.9093
16.9754
16.9754
16.9493
16.9493
16.8923
16.8923
16.8923
16.8923
16.8632
16.8923
16.8923
16.8923
16.8923
16.8487
16.8487
16.8487
17.2937
17.2937
17.2937
17.2937
17.0304
17.0533
16.8036
16.8036
16.8036
16.759
16.759
16.8181
17.0906
17.041
17.041
17.041
17.041
17.041
17.041
17.041
16.9391
16.9391
17.2115
17.2115
17.051
17.051
17.051
17.0199
17.056
17.056
17.056
17.056
17.056
17.056
17.056
17.056
17.056
17.2287
17.2287
17.021
17.0427
17.0427
17.0427
16.9242
16.9242
16.9242
16.9242
16.9242
16.9242
16.9242
16.9242
16.8422
16.8422
16.8422
16.8422
16.8422
16.8422
16.9336
17.0039
17.0039
17.0039
17.0039
17.0039
17.0039
17.0039
17.0039
17.016
17.016
17.016
17.016
17.016
16.929
17.2555
17.2555
17.2555
17.2555
17.2555
17.2555
17.4227
17.3452
17.3452
16.7896
16.7896
16.7896
16.7896
16.7896
16.7896
16.7896
16.7896
16.7896
16.7896
16.8355
16.7343
16.7343
17.1058
17.0945
17.0763
17.0763
17.1491
17.0425
17.0425
17.0425
17.0055
17.0055
17.0055
17.0055
16.7184
16.8394
16.7698
16.7698
17.3078
17.3078
17.3078
17.1262
16.7268
16.7268
16.7268
16.7268
16.7673
16.7673
16.7673
17.0532
17.0532
16.7961
17.2729
17.2729
17.2729
16.768
16.768
16.768
16.768
16.768
16.768
16.5501
17.0118
17.0118
17.0248
17.2986
17.3064
17.3064
17.3064
17.3064
17.3064
16.7962
16.7962
16.7962
16.7962
16.7962
16.7962
16.7832
16.7832
16.7832
17.2313
16.8625
16.8625
16.8625
17.3015
17.3015
17.1783
17.1783
17.0294
17.0294
17.0294
17.0294
17.0294
16.7688
16.7688
16.7688
16.7688
16.7688
16.7688
16.7688
17.143
17.143
17.0541
16.8454
16.8454
16.7275
16.7275
16.7275
16.7275
16.7275
16.9927
16.9927
16.9927
16.9927
16.9927
17.1082
17.1082
17.1082
17.1082
17.1082
17.1082
17.1082
16.9976
16.9755
16.9755
16.8445
16.8445
16.7535
17.004
17.004
17.004
16.8124
16.8604
16.8604
16.8604
16.8604
16.8604
16.8881
16.8881
16.8881
16.8881
16.8881
16.738
16.8563
16.6213
16.5617
16.6821
16.6821
16.6821
16.6976
16.6976
16.6976
16.9147
16.984
16.8364
16.8364
16.8364
16.8364
17.1459
17.2472
17.2496
17.2496
17.4051
17.4051
17.4051
17.4051
17.0233
17.0233
16.8258
16.7952
16.7952
16.9626
16.9626
16.9626
16.9727
16.9727
17.0157
16.871
16.871
16.871
16.871
16.871
16.8114
16.8114
17.0228
17.0228
16.7844
16.8939
16.8939
16.7885
16.6367
16.7841
16.9302
16.9302
16.8875
16.9149
16.7876
16.6473
16.6473
16.9031
17.1006
16.9211
16.7432
16.5808
16.6064
16.5485
16.5485
16.5485
16.888
16.888
16.888
16.888
16.7265
16.7732
16.8666
16.5548
16.5462
16.5462
16.8797
17.146
17.146
17.146
17.146
17.146
17.146
17.146
17.146
16.683
16.9623
16.9623
16.8878
16.8878
16.8878
16.8878
16.8878
16.8878
16.8838
16.8838
16.8838
16.8838
16.8838
16.8447
17.0235
17.0235
17.0235
16.6728
16.6728
16.6728
16.6728
16.6728
16.6728
16.6728
16.6728
16.6728
16.6728
16.6609
16.7029
16.7029
16.7057
16.7057
16.7057
16.6057
16.9921
16.9921
16.518
16.518
16.7966
16.7966
16.7966
16.7966
16.6631
17.0517
17.0517
16.9307
16.9307
16.9768
16.9768
16.9768
17.0526
17.0526
17.2377
17.2377
17.2377
16.8316
16.8201
16.8201
16.8201
16.8201
16.8201
16.8201
16.8201
16.8201
16.8201
16.8201
16.8201
16.8201
16.8116
16.8116
16.8116
16.8116
16.7973
16.7826
16.8193
16.8193
16.9136
16.9136
16.8578
16.8354
16.8354
16.848
17.0525
17.0832
17.1292
17.1955
17.1955
17.2355
17.2355
17.2662
17.2662
17.1995
17.1995
17.0222
17.0327
17.0327
16.7901
17.1177
17.049
17.049
16.8848
16.8848
16.8848
17.0065
17.4749
17.4749
17.0466
16.8229
16.8229
16.8229
16.8159
16.8159
17.1086
17.1086
17.1086
17.1086
16.9958
16.9958
16.9958
16.9958
16.9958
16.9958
17.2089
17.2089
16.8387
16.6811
16.6811
16.6811
16.6811
16.6811
16.6811
16.6811
16.6811
16.8714
17.1905
17.1905
17.1905
17.1905
17.1905
16.5582
16.7644
16.7644
16.7644
16.7644
16.9284
16.9284
16.876
16.876
16.876
16.6332
16.6332
16.6332
17.1381
17.1381
16.8104
16.8104
16.8104
16.8045
16.8045
16.8045
16.8045
16.8045
16.7492
16.7535
16.7072
16.7072
16.7072
16.6887
16.6887
17.0886
17.0886
17.1475
17.2119
16.9523
17.2194
17.0828
16.6556
16.6556
16.9434
16.9434
16.9434
16.8579
16.8579
16.7097
16.7097
16.7097
16.7097
17.096
17.096
17.096
17.096
17.096
17.096
17.096
17.096
17.1384
17.1384
17.0519
17.0519
17.0519
17.0519
16.5901
16.5901
16.7553
16.7553
16.9479
17.0412
17.2232
17.2232
17.2232
16.8013
16.7658
16.7658
16.7658
16.8447
16.723
16.723
16.723
16.723
16.7141
16.7141
16.7141
16.7784
16.8753
16.77
16.77
16.77
16.77
16.77
16.77
16.77
16.77
16.7583
16.7583
17.1031
17.1031
17.4093
17.4093
17.0611
17.0611
16.9202
17.1467
16.8915
17.361
17.361
17.361
17.361
17.361
17.065
17.2634
16.8856
16.8856
16.8856
16.8856
16.8856
16.8856
16.8856
16.8856
16.8802
16.8837
16.8837
16.7087
16.5936
16.7225
16.7225
16.7577
16.7577
16.7577
16.7577
16.7438
16.7438
16.7438
16.7438
16.7397
16.7397
16.7397
16.8155
16.8155
17.1819
17.2196
17.2196
17.2196
17.2196
17.2196
17.2196
16.8315
16.8315
16.7474
16.8137
16.8225
16.9749
17.0311
17.0311
17.0311
17.0081
17.0081
16.9536
16.9536
17.1947
17.1027
17.1027
16.7559
16.812
16.8091
16.9406
16.9406
16.9406
16.9406
16.629
16.629
16.629
16.629
16.6979
16.6979
16.6979
16.6979
16.6979
16.6647
16.8364
16.8364
16.8364
16.8364
16.8364
16.8191
16.8104
17.0624
17.0624
17.0632
17.0632
17.1027
16.8179
16.8179
17.032
16.8959
16.8959
16.9601
16.9601
16.9949
16.7924
16.9178
17.2937
17.1612
16.8354
16.8427
16.8427
16.6334
16.8585
16.6705
16.8949
16.8367
16.8841
16.8841
17.0782
17.0782
17.0782
16.863
16.8283
16.8283
16.8283
16.8578
16.7989
17.0685
16.8551
16.942
16.942
16.942
16.9884
16.9884
17.0636
17.0636
17.0636
17.0636
17.0636
17.0636
17.2018
16.6436
16.6436
16.6436
16.6436
16.6436
16.6436
16.7593
16.7593
16.8063
16.6103
16.6103
16.6103
16.6103
16.7806
16.7806
16.7806
16.7806
16.9335
16.9335
16.9335
16.9335
16.8625
16.8625
16.8625
16.8625
16.8625
16.8625
16.8625
16.6978
16.9766
16.9766
16.9766
16.9766
16.9766
16.9766
16.9766
16.9766
16.9955
16.9955
16.7134
16.8504
17.0197
16.7849
17.2631
17.4164
16.9998
16.9998
16.9561
16.9222
16.6499
17.4314
17.153
17.153
17.0189
17.0189
17.0189
17.0189
17.0189
17.3686
17.3686
17.2281
17.2281
17.2281
17.2983
16.748
16.7553
16.9377
16.8926
16.8926
16.8926
16.8926
16.8926
16.8926
16.8926
16.8926
16.8926
16.8926
17.0131
17.0131
17.0131
17.0131
16.9886
16.9886
16.9886
16.9886
17.118
17.118
17.098
17.1581
17.1581
17.1581
17.1581
17.1581
17.1581
16.9759
16.9759
16.9214
16.9214
16.9214
16.9214
16.9214
16.749
16.749
16.8105
16.8105
16.8105
16.8105
16.8105
16.8105
16.8105
16.8105
17.1008
17.1008
17.1008
16.5787
16.5787
16.5787
16.5787
16.6776
16.6776
16.7245
16.7245
16.7861
16.7861
16.7861
16.7861
16.7861
16.7861
16.8635
16.8635
16.8635
16.8635
16.577
16.7353
17.0136
17.0136
17.0422
16.9987
17.2431
16.9085
16.9085
16.8353
16.8424
16.8424
16.8424
16.8424
16.8424
16.9622
16.9443
16.9234
16.9234
16.6152
16.7589
16.7589
16.9188
16.9998
17.0259
16.6851
16.8217
16.9194
16.9827
16.5778
16.5778
16.7905
16.6203
16.7092
16.6328
16.6556
16.6556
16.6556
16.7129
16.7129
16.7129
16.7129
16.5373
16.5373
16.8396
16.8396
16.8396
