17.1485
17.1485
17.0928
17.3108
17.3108
17.3108
17.3108
17.3108
17.3108
16.9234
16.9234
16.9234
16.9234
16.9234
16.9234
16.9234
16.9234
16.6106
16.6106
16.6106
16.6106
16.6126
16.6126
16.6126
16.6126
16.6126
16.6126
16.6684
16.6684
16.4952
16.4952
16.4952
16.4952
16.4952
16.4952
16.4952
16.4952
16.4952
16.4952
16.5404
16.5404
16.3379
16.401
16.401
16.4956
16.4956
16.4807
16.4807
16.4807
16.4807
16.6078
16.6453
16.6453
16.6139
16.6046
16.6046
16.4242
16.4242
16.3914
16.3914
16.4512
16.5798
16.5798
16.6202
16.5275
16.5512
16.5512
16.5512
16.5512
16.5258
16.5258
16.5258
16.4303
16.4062
16.4062
16.5878
16.5878
16.374
16.374
16.374
16.5263
16.5263
16.5263
16.5263
16.5785
16.5265
16.5265
16.499
16.499
16.499
16.499
16.499
16.499
16.499
16.499
16.499
16.5403
16.5403
16.4526
16.4526
16.5007
16.5007
16.5007
16.5028
16.4165
16.4165
16.4165
16.4165
16.4813
16.3864
16.3864
16.3553
16.3065
16.5974
16.5974
16.5974
16.5471
16.5964
16.4617
16.4037
16.4037
16.4463
16.4463
16.4572
16.5145
16.5145
16.5145
16.5145
16.5169
16.5169
16.5921
16.5921
16.5921
16.5921
16.6072
16.6694
16.4817
16.4516
16.4516
16.4272
16.4272
16.4272
16.4272
16.4272
16.6253
16.6253
16.6253
16.6253
16.5746
16.5746
16.5746
16.5746
16.5746
16.5746
16.5746
16.5746
16.5746
16.6797
16.6797
16.6797
16.6797
16.6797
16.5985
16.5985
16.5985
16.5985
16.5985
16.561
16.561
16.561
16.5691
16.456
16.4383
16.6
16.449
16.449
16.4553
16.4547
16.4218
16.401
16.4334
16.4184
16.426
16.426
16.4725
16.4725
16.4725
16.5632
16.5632
16.5409
16.5594
16.5406
16.5351
16.6128
16.6201
16.6083
16.553
16.3955
16.4853
16.4853
16.4853
16.4853
16.5015
16.5015
16.5123
16.4254
16.5536
16.5536
16.7103
16.7103
16.4313
16.4127
16.5076
16.5076
16.5076
16.5076
16.5076
16.5253
16.4605
16.4605
16.7381
16.7381
16.7381
16.7381
16.7381
16.7381
16.5
16.5
16.5
16.5383
16.5383
16.5383
16.5383
16.5383
16.5383
16.5383
16.5383
16.5383
16.5383
16.5383
16.5383
16.5383
16.4573
16.4573
16.4573
16.4573
16.4573
16.4573
16.4573
16.4573
16.5261
16.4871
16.6795
16.6795
16.4742
16.4742
16.6685
16.6685
16.6685
16.7606
16.7072
16.7072
16.7072
16.5407
16.5407
16.5407
16.5407
16.5806
16.5806
16.5806
16.578
16.508
16.508
16.5167
16.5167
16.5368
16.5368
16.5368
16.5951
16.5732
16.5732
16.5305
16.4724
16.5298
16.4718
16.4718
16.4718
16.4718
16.4463
16.4463
16.4463
16.4463
16.4463
16.7083
16.7038
16.7038
16.6894
16.5143
16.418
16.418
16.418
16.6093
16.6093
16.6093
16.724
16.3421
16.5115
16.6394
16.6394
16.5366
16.5847
16.5847
16.5847
16.5847
16.4876
16.4876
16.4876
16.6108
16.6108
16.6108
16.6108
16.6108
16.6461
16.7131
16.7131
16.4309
16.4309
16.684
16.7095
16.7095
16.7095
16.5691
16.5691
16.5691
16.5691
16.5691
16.4548
16.4548
16.5951
16.5951
16.6929
16.6929
16.6974
16.6974
16.6974
16.6974
16.6974
16.7372
16.7372
16.7372
16.7964
16.8135
16.7283
16.7877
16.7877
16.8032
16.7745
16.5325
16.5325
16.506
16.506
16.6673
16.6452
16.6452
16.6452
16.6452
16.6452
16.4814
16.5225
16.5395
16.5777
16.6567
16.8842
16.8842
16.7767
16.7767
16.5169
16.5169
16.5169
16.6197
16.6197
16.5515
16.5515
16.5515
16.5515
16.5515
16.6508
16.6508
16.6508
16.5196
16.7852
16.7852
16.563
16.563
16.563
16.563
16.7227
16.4537
16.4911
16.4816
16.6915
16.5318
16.5318
16.6383
16.8903
16.8903
16.6075
16.8909
16.8909
16.8909
16.8909
16.8909
16.604
16.6409
16.5848
16.5848
16.8129
16.9632
16.9632
16.9543
16.7927
16.7927
16.7091
16.7091
16.7091
16.7905
16.7905
16.7905
16.7905
16.7905
16.7905
16.7905
16.7905
16.7905
16.7905
16.5903
16.5903
16.5903
16.5903
16.6245
16.8206
16.8206
16.8206
16.8206
16.8206
17.0331
17.0331
17.4804
17.4804
17.3614
16.8039
16.8039
16.5281
16.5281
16.5281
16.5536
16.5536
16.5536
16.5536
16.66
16.66
16.7312
16.7312
16.7312
16.7312
16.7467
16.7467
16.7467
16.7467
16.7467
16.7467
16.7467
16.7467
16.702
16.702
16.702
16.702
16.702
16.702
16.702
16.702
16.702
16.702
16.5678
16.5678
16.6475
16.6475
16.6475
16.6695
16.6695
16.7366
16.8515
16.638
16.538
16.7766
16.8408
16.7862
16.7862
16.7826
16.8655
16.8655
16.8655
16.3844
16.6643
16.6643
16.7784
16.7784
16.9473
16.7698
16.7719
16.7719
16.7719
16.7719
16.9057
16.9057
17.0132
17.0132
17.0132
17.1282
16.9953
16.8638
16.679
16.679
16.6599
16.7282
16.8907
17.0297
17.0297
17.0297
17.0297
17.0692
17.0692
17.1906
17.1906
16.9618
16.9618
16.9618
16.9618
16.9618
16.9618
16.9618
16.9618
16.9618
16.9516
16.9516
16.6897
16.6897
16.8891
16.8322
16.8322
16.8322
16.9315
16.9315
16.9315
16.9315
16.9315
16.9315
16.9315
16.9315
16.8622
16.8622
16.9479
17.0191
17.0191
17.0191
16.9285
16.7743
16.7543
16.7543
17.025
17.025
16.9941
16.9941
16.9941
16.9941
16.9941
16.9941
16.9941
16.8978
16.8978
16.8978
16.8464
16.7575
16.8132
16.8132
16.8132
16.8132
16.8132
16.8132
16.8132
17.063
17.063
17.063
17.2709
17.3268
17.3268
17.3268
17.3268
17.0277
17.3221
17.3221
17.363
17.1689
17.1443
17.1443
17.3906
17.2369
17.2774
17.2774
17.0696
16.7584
16.7584
16.6793
16.6793
16.6793
16.6793
16.6793
16.7376
17.0985
17.1111
17.1111
16.9831
17.0745
17.1624
17.2176
16.9609
17.2984
17.2786
17.2574
17.1321
17.0603
17.0603
17.5371
17.5371
17.4387
17.4387
16.9832
17.0117
16.9167
16.9167
16.9167
17.0772
17.1406
17.3715
17.3715
17.3715
17.3715
17.3715
17.0833
17.0833
17.0833
17.0833
17.0485
17.0158
17.0158
17.5242
17.5868
17.5868
16.8927
17.1546
17.1546
17.1544
17.1544
17.1466
17.1466
16.886
16.7301
16.7301
17.3849
17.2196
17.2196
17.2196
17.2196
17.2196
17.2196
17.2196
17.2196
17.3787
17.2661
17.1158
17.1158
17.1158
17.1158
17.5282
17.5282
17.5282
17.3258
17.0803
16.9901
16.9901
16.982
16.982
16.954
16.9556
16.8317
16.8317
17.1177
17.5488
17.5488
17.0245
17.0245
16.9867
16.9139
16.9139
16.9139
17.2473
17.2473
17.2473
17.125
16.9166
16.9166
17.1464
17.3802
17.3802
17.3802
17.5257
16.9374
16.9374
16.8416
17.0365
17.0365
17.0365
17.0365
17.0365
17.0927
17.0927
17.0927
17.0927
17.4196
16.9428
16.9638
16.9638
17.3266
17.3266
17.3266
17.3266
17.3266
17.6252
17.2556
17.2556
17.0238
17.6731
17.9587
18.0007
18.0007
17.9413
17.0931
17.139
17.1786
17.1786
17.1786
17.377
17.377
17.4736
17.4736
17.4736
17.4736
17.5112
17.5112
17.5112
17.5112
17.5112
17.5112
17.0259
17.0259
17.0259
17.288
17.3762
17.3762
17.3762
17.3762
17.3762
17.3346
17.2659
17.2659
17.2659
17.2143
17.2143
17.2143
17.2143
17.2143
17.2143
17.2143
17.248
16.9192
17.75
16.9205
17.3106
17.2767
17.2767
17.2767
17.2767
17.2767
17.2767
17.2444
17.4568
17.4568
17.3977
17.4605
17.4605
17.4605
17.4605
17.4605
17.4605
17.0371
17.0371
17.0371
17.0371
16.6953
16.6953
16.6953
17.0582
17.0582
17.0582
17.0582
16.9725
16.9541
17.1695
17.1695
17.5682
17.5682
17.5682
17.1007
17.6792
17.6792
17.6792
17.2258
17.4991
17.4991
17.0532
17.0532
17.0532
17.0532
17.0532
17.2135
17.0325
17.0325
17.0325
17.0325
17.0325
17.0325
17.4513
17.5065
17.2186
17.2833
17.2833
17.2833
17.3013
17.3013
17.3013
17.3013
17.3013
17.1583
17.1449
17.2832
17.2832
17.2832
17.2832
17.2832
17.5079
17.663
17.2874
17.2874
17.2874
17.0845
17.2225
17.4122
17.4122
17.4122
17.4122
17.0216
17.0216
17.0216
17.1846
17.1846
17.109
17.3592
17.2231
17.2231
17.131
17.131
16.847
16.847
16.847
16.8176
16.6932
16.6932
16.9603
17.1777
17.1417
17.1927
17.1381
17.3579
17.3579
17.0202
17.0202
17.0191
17.2553
17.2553
16.9944
17.1885
17.125
17.125
17.125
16.9231
16.9231
16.9231
16.9231
17.1652
17.1652
17.0461
17.0461
17.0461
17.0461
17.6606
16.7787
16.7787
16.7787
16.9841
16.9397
16.9397
16.9397
16.9397
16.9397
16.9397
16.9397
17.4134
17.3635
17.3635
17.4589
17.4589
17.4589
17.4589
17.4589
17.8017
17.9503
17.4458
17.4458
17.4458
17.3149
16.7934
17.5335
17.5335
17.6114
17.339
17.1932
17.1932
17.1932
17.1932
17.3019
17.3019
17.3019
17.3019
17.3019
17.3019
17.3745
17.3745
17.3745
17.3183
17.1847
17.1847
17.1847
17.1847
17.9173
17.9173
17.9173
17.5296
16.9753
16.8407
16.8407
16.8407
16.8805
16.8805
16.8805
17.8175
17.8175
17.8175
17.8175
17.8146
17.4233
17.5626
17.5626
17.5626
17.5626
16.9006
16.9006
16.87
17.2548
17.2548
17.2548
16.9994
16.9994
16.9994
16.9994
16.9994
16.9997
17.2937
17.2937
17.2937
17.2937
