0.386139 0.321145
0.408 0.507039
0.4 0.33886
0.428571 0.64678
0.425 0.575649
0.422222 0.509425
0.412 0.323304
0.418182 0.381729
0.4 1
0.387692 0.737601
0.388571 0.687601
0.392 0.687601
0.39 0.596056
0.385882 0.464195
0.382222 0.337311
0.385263 0.337311
0.388 0.337311
0.405714 0.641998
0.407273 0.641998
0.4 0.463112
0.401667 0.463112
0.3984 0.361801
0.407692 0.52611
0.405926 0.462094
0.402857 0.36848
0.408276 0.459819
0.404 0.340899
0.405161 0.340899
0.40625 0.340899
0.406061 0.313101
0.410588 0.394751
0.409143 0.341425
0.418889 0.550505
0.419459 0.550505
0.415789 0.44991
0.420513 0.548659
0.418 0.475924
0.41561 0.404461
0.411429 0.287392
0.414884 0.35646
0.42 0.46969
