0.17347 0.107638 0.258154 0.382813 0.0776116 0.000294253
0.170017 0.25896 0.105897 0.396698 0.0683496 2.46779e-05 4.98044e-05
0.184417 0.239641 0.108765 0.395619 0.0715566
0.167904 0.25322 0.390545 0.110658 0.0768178 0.000840497
0.237613 0.169894 0.408016 0.110828 0.0734407 2.10285e-06 0.000168906
0.24339 0.39731 0.183146 0.107366 0.0683807 0.000260388
0.262273 0.38483 0.105417 0.165478 0.0811667 0.000561943 3.07135e-05 0.000229486
0.384281 0.250343 0.102242 0.174288 0.087861 0.000659821 0.000155836
0.409447 0.243756 0.0985319 0.174415 0.0738107
0.23733 0.404201 0.116607 0.178543 0.0629006 3.69984e-05 0.000338891
0.379438 0.250332 0.118143 0.179783 0.0723032
0.385648 0.231918 0.181144 0.118206 0.0823071 0.000324138 2.75272e-05 6.32778e-05 0.000197107 3.34004e-05 6.11288e-05 4.03161e-05
0.395365 0.255717 0.181991 0.074018 0.092645 0.000121171 9.57938e-05 2.90429e-05 7.01004e-06 5.66753e-06
0.420043 0.167182 0.226421 0.0797154 0.106563
0.403839 0.1837 0.226728 0.101455 0.0842043 2.59392e-06 6.03241e-05
0.395212 0.170643 0.228774 0.120626 0.0846305 0.000103019
0.418869 0.171769 0.239901 0.0996167 0.0694777 0.000209044 0.000154693
0.407448 0.178921 0.252934 0.0969289 0.0634091 4.73635e-06 0.000207672 5.10874e-05 3.53474e-05
0.383875 0.178038 0.258569 0.101727 0.0777827
0.388068 0.178322 0.246723 0.105525 0.0805573 0.000261494 0.000199035 0.000137132 0.000204694
0.405158 0.178498 0.231533 0.0723899 0.11235 4.03141e-05
0.406144 0.218253 0.197662 0.0601061 0.116546 0.00127983
0.402277 0.234631 0.0638002 0.188328 0.110667 0.000192941 0.000104155
0.211259 0.391885 0.0715042 0.198861 0.126422
0.407557 0.223499 0.0762612 0.178334 0.114343
0.232451 0.418892 0.075089 0.162961 0.110225 0.000317192 4.946e-05 1.04436e-05 3.99745e-06
0.405041 0.234209 0.0734004 0.175877 0.111362 6.23817e-05
0.425009 0.0670898 0.220308 0.181602 0.105969
0.399095 0.070048 0.254057 0.174446 0.102222
0.0717599 0.406094 0.241931 0.181941 0.0974934 6.90752e-05 0.000681782
0.0719011 0.410212 0.185214 0.231418 0.10041 0.000436292 0.000256175 0.000125709
0.0769784 0.405032 0.171621 0.239047 0.106853 0.000168969 0.000252526 3.76168e-05
0.0727149 0.182184 0.401115 0.239999 0.103407 0.000115887 9.86246e-05 0.000331894 1.34064e-05
0.067837 0.17383 0.417546 0.24526 0.0949807 0.000357654 0.000161275 7.41602e-06 1.88064e-05
0.179107 0.0782071 0.403494 0.232572 0.106486 0.000124549
0.18648 0.394786 0.0793495 0.232375 0.106751 0.000258363
0.171037 0.405255 0.231893 0.0759991 0.115813
0.409971 0.180695 0.226769 0.068263 0.114293
0.181642 0.400141 0.237767 0.0657747 0.114676
0.175707 0.23376 0.400674 0.0819366 0.107889
0.181823 0.390129 0.250709 0.0727546 0.103942 0.000588632 5.06227e-05
0.187594 0.388554 0.235003 0.112215 0.0765563 5.41461e-05
0.409127 0.192097 0.231761 0.0973757 0.0696212
0.399153 0.227936 0.195685 0.10651 0.0706973
0.384168 0.240098 0.102102 0.194362 0.0791888 5.14579e-05 2.42652e-05 8.12867e-07 1.71338e-06
0.387928 0.242572 0.10392 0.17414 0.0911242
0.374766 0.252473 0.113209 0.180643 0.0787439 0.000166402
0.408797 0.0994533 0.236795 0.16463 0.0899814 0.000311568 3.6056e-06
0.403855 0.239746 0.105623 0.178626 0.0719869 0.000160814
0.388649 0.0956311 0.241804 0.191218 0.082546 1.16843e-05 8.62816e-05 2.21948e-05 3.02892e-05
0.108904 0.383569 0.23871 0.18561 0.0828416 8.21646e-05 0.00026876 1.13805e-05
0.384833 0.096332 0.256384 0.180216 0.082175
0.395427 0.11044 0.23944 0.176818 0.0770989 6.20981e-05 0.000368133 0.000218299 4.3102e-05 5.81545e-05
0.419584 0.102075 0.221354 0.1862 0.0707306 3.60137e-05 2.02726e-05
0.401189 0.229753 0.100962 0.183586 0.0843782
0.386925 0.236359 0.115332 0.192181 0.0688621 0.00025982
0.396697 0.242785 0.106015 0.0875926 0.166717 0.000194344
0.399063 0.104173 0.230792 0.077996 0.187974
0.405026 0.109463 0.231021 0.167171 0.0866051 0.000544204 0.000132609
0.399867 0.104656 0.235945 0.176814 0.0827189
0.407682 0.112883 0.169229 0.224853 0.0853535
0.40117 0.105235 0.246678 0.172666 0.0740877 9.67467e-05
0.393622 0.244006 0.110664 0.18163 0.0698329 0.000245871
0.409039 0.228437 0.103692 0.175695 0.0830732
0.397452 0.244122 0.106595 0.173074 0.0787173
0.41679 0.224055 0.184239 0.0941792 0.0799703 0.000663027
0.39478 0.181008 0.231976 0.113433 0.0786279 0.000111639 3.8302e-05
0.403153 0.189529 0.236624 0.0960826 0.0745801 1.23048e-06 2.29045e-05
0.409469 0.173988 0.230942 0.103941 0.0814328 0.000106626
0.400283 0.162377 0.250127 0.106484 0.0802836 0.000110951 2.69204e-05 0.000197568 5.77548e-05 1.55615e-06 3.81022e-05
0.175249 0.422495 0.22316 0.0919326 0.0866988 0.000171352 5.46068e-05 7.38633e-05 0.000124945 4.82849e-06 2.07206e-05 6.00037e-06
0.182045 0.220441 0.413728 0.101038 0.0813362 0.00108652 0.000260268
0.222176 0.163462 0.415102 0.109164 0.0895837 0.000219431 4.27864e-05 0.000198493
0.182324 0.217482 0.409502 0.115896 0.0735589 0.000585932 0.000614541
0.193318 0.219974 0.408103 0.114402 0.0636345 0.000184694 0.000144316 4.89256e-05 0.000163052
0.178228 0.404058 0.232728 0.104713 0.080201
0.180052 0.381159 0.107769 0.256461 0.0744534
0.178904 0.400311 0.115864 0.232895 0.0720075
0.184981 0.401807 0.222491 0.115058 0.0755441
0.187143 0.393131 0.224135 0.121767 0.073816
0.395645 0.166266 0.235886 0.124658 0.0768989 0.000596391
0.392893 0.184093 0.239552 0.1075 0.0759263
0.371435 0.253026 0.178341 0.110448 0.0863086 0.00042367
0.237137 0.402099 0.182286 0.101416 0.0769056
0.236069 0.397707 0.179664 0.105838 0.0807076
0.226031 0.165805 0.414763 0.115114 0.0780734 4.13004e-05 6.92354e-05 2.74994e-05 1.6329e-05 1.81571e-05
0.240033 0.178406 0.379344 0.114803 0.087268 7.86791e-06 0.000128179
0.226633 0.164512 0.401839 0.128204 0.0784926 0.000113813 8.47677e-06 4.38725e-05 0.000146712
0.171743 0.251803 0.391948 0.108399 0.0756288 5.45507e-05 4.31262e-05 8.596e-05
0.171963 0.393598 0.22691 0.129893 0.0769779 5.31707e-05 0.000605396
0.181613 0.400659 0.232917 0.10919 0.0755957
0.166726 0.383924 0.237116 0.12329 0.0888444
0.396141 0.174417 0.237723 0.116699 0.0745491 0.000205767 0.000213753
0.39233 0.234721 0.183539 0.110163 0.0790443
0.249619 0.395558 0.163857 0.122028 0.0681298 0.000197488 0.000394415 0.00010076 4.28344e-05
0.396267 0.224862 0.188848 0.114918 0.0750588 2.18418e-05
0.400784 0.173894 0.218853 0.117966 0.0878483 0.000496484 0.00012172
0.391471 0.170642 0.134629 0.231927 0.0712422 4.38697e-05 4.18072e-05
0.389154 0.178662 0.116994 0.236498 0.0784932 0.000184688 1.39784e-05
0.414949 0.109676 0.188455 0.211125 0.0757629
0.39513 0.170739 0.128587 0.230796 0.0746765
0.392378 0.120167 0.181133 0.232166 0.073438 0.000694361 7.55476e-06 1.22388e-05
0.372969 0.131481 0.176188 0.233361 0.0855657 0.000337939 9.75191e-05
0.397485 0.185497 0.111602 0.223679 0.0816878
0.400067 0.173158 0.236994 0.121062 0.0679715 0.000157216 0.000311405 0.000267609
0.378806 0.18655 0.114903 0.229978 0.0892792 1.56047e-05 0.000387947
0.401113 0.11607 0.182541 0.228089 0.0721735
0.387888 0.120391 0.184913 0.225983 0.0807803
0.380252 0.182325 0.136268 0.224676 0.0752048 0.00121683 3.30303e-05
0.400578 0.177705 0.118688 0.223505 0.0794358 4.596e-05 1.62722e-05 1.58052e-05 9.34691e-06
0.404618 0.165085 0.218207 0.130795 0.0809647 0.00023785
0.397247 0.223541 0.170969 0.127516 0.0805789
0.373421 0.236458 0.167774 0.13771 0.084634
0.375642 0.180637 0.236771 0.128013 0.0784057 1.29693e-06 0.000524978
0.383132 0.170065 0.246075 0.123425 0.0772138 8.3897e-05
0.396177 0.226682 0.169226 0.130039 0.0778037 2.60071e-06 6.18727e-05
0.231208 0.401506 0.166782 0.117587 0.0828762
0.205944 0.171698 0.418389 0.120366 0.0831692 9.38531e-05 0.000167465 0.000135002 1.57016e-05 2.1253e-05 3.38088e-08 5.95275e-07
0.230111 0.179771 0.124289 0.38436 0.0814356
0.217967 0.178406 0.399146 0.125426 0.0790542
0.241803 0.174627 0.380054 0.120982 0.0824966 5.72333e-06 2.71886e-05
0.242124 0.175886 0.370151 0.13016 0.081477 0.000154727 3.77414e-05
0.231057 0.175241 0.379845 0.0921058 0.121665 3.56209e-05 2.03115e-05 1.29883e-05
0.225721 0.181156 0.389804 0.121495 0.0818004
0.170315 0.231352 0.390608 0.126504 0.0810249 0.000127052 5.85588e-05
0.173482 0.228721 0.384744 0.136144 0.0768788
0.165269 0.249999 0.384889 0.0763375 0.121033 0.00107914 0.000760072 7.58005e-05 1.72845e-05 0.000227765 0.000165069 3.2248e-05 2.93764e-05 2.70618e-05 1.09103e-05 2.62906e-05
0.185116 0.228647 0.389823 0.0666402 0.129058 0.000252707 0.00031283
0.16787 0.226312 0.41452 0.110934 0.0797279 0.000302273 5.95895e-05 0.000192086
0.230229 0.181412 0.375741 0.133097 0.0785146 0.000372129 0.000338125 0.000267028
0.24914 0.164203 0.375847 0.131487 0.0793226
0.159389 0.249676 0.387383 0.119468 0.083961 8.99735e-05 1.08819e-05 7.28815e-06 5.66546e-06 9.8873e-06
0.172022 0.25044 0.375393 0.12283 0.079281
0.158648 0.236212 0.393541 0.125021 0.0865768
0.218729 0.172389 0.393827 0.137366 0.0776826
0.228068 0.407877 0.174068 0.110864 0.0790423
0.378614 0.222646 0.188746 0.141925 0.0679954 1.0221e-05 3.99775e-06 1.17988e-05 3.55665e-05 9.15337e-06 6.846e-07 6.73483e-07
0.231827 0.39656 0.165274 0.125147 0.0799798 0.00120791
0.228981 0.395604 0.182342 0.12161 0.0709015 0.00053392
0.398508 0.22737 0.175259 0.126789 0.0720523 1.12449e-05 1.02507e-05
0.388213 0.183963 0.224734 0.128463 0.0745235 2.75455e-05
0.374424 0.24526 0.180719 0.12261 0.0769862
0.215927 0.403768 0.173383 0.132247 0.0744216 0.000252806
0.227599 0.171141 0.397552 0.125876 0.0777721 2.5078e-05 2.77003e-05
0.220747 0.171795 0.404279 0.080713 0.122406
0.226656 0.186085 0.388071 0.0742482 0.123346 0.0014611 0.000109699
0.220717 0.194471 0.383966 0.119371 0.0812055
0.22723 0.383278 0.178405 0.129169 0.081909
0.225076 0.381901 0.185931 0.123346 0.0820738 0.00120993 0.000459214
0.228125 0.384549 0.163993 0.144508 0.0788243
0.3962 0.215097 0.178404 0.132762 0.0772558 0.0002729
0.215428 0.424628 0.168706 0.112723 0.0783361 8.24864e-05
0.21671 0.396598 0.122213 0.190734 0.0733926 0.000342559
0.220321 0.3949 0.126267 0.0931573 0.16472 0.000163576 4.84487e-05 0.000145799 5.98783e-05 0.000178258
0.402497 0.216369 0.115742 0.0792882 0.18598 0.000105078 7.64542e-06
0.39372 0.22546 0.12873 0.175168 0.0766649 9.50291e-05 9.94295e-05
0.384258 0.22523 0.124134 0.182855 0.0834029 4.44628e-05 1.06924e-05 4.7894e-05
0.389287 0.233664 0.119948 0.0836978 0.173224 0.000100789
0.397251 0.222695 0.080927 0.133185 0.164227 0.000227152 0.000405154 0.000571185 1.74056e-05 0.000470215
0.219086 0.397379 0.0821188 0.128542 0.172861
0.234121 0.376255 0.081159 0.176115 0.13207 5.51534e-05 0.000129454 2.52582e-05 5.13091e-05
0.405398 0.204116 0.0822282 0.177058 0.130247 0.000931394
0.415412 0.206517 0.0809507 0.176487 0.120461
0.389726 0.227048 0.0808635 0.18881 0.11349 4.96328e-05 1.61692e-07 4.0043e-06 3.17431e-06 2.39517e-06
0.388928 0.216685 0.177003 0.0918524 0.124603 0.000186197 0.000596759 9.83946e-05 1.82763e-05
0.403936 0.221046 0.179505 0.124005 0.0702817 0.000528371 0.000318578
0.393392 0.233112 0.12414 0.177721 0.0713712 0.000255751
0.405389 0.221264 0.114884 0.173502 0.0848814
0.386332 0.24841 0.165244 0.123626 0.0762478 2.81292e-05 9.28411e-05 9.33295e-06 9.31068e-06
0.40359 0.229669 0.17174 0.0734603 0.120799 0.000143323 0.00029634 0.000273837
0.387569 0.225777 0.175558 0.128276 0.082066 0.000300308
0.405656 0.22026 0.127262 0.17487 0.0717696 6.35929e-05 2.95319e-05 2.24771e-05 5.62798e-05
0.229148 0.386416 0.121708 0.182957 0.0788059 0.000363297 0.000428795 0.000165221
0.230605 0.395768 0.119529 0.0845333 0.16907 1.42633e-05 0.000309489 7.24872e-05 8.04842e-05
0.240048 0.369426 0.123637 0.184054 0.0822341 3.43889e-05 0.000113952 0.000252988 7.38465e-05 1.2873e-05
0.228568 0.402184 0.170338 0.119725 0.079173
0.38556 0.223752 0.180686 0.125835 0.0841567
0.398332 0.183771 0.209803 0.128008 0.0799309
0.395538 0.178269 0.225735 0.0826427 0.117809 7.08584e-06
0.407587 0.174613 0.22673 0.0809878 0.110082
0.40032 0.215788 0.179161 0.0889168 0.115814
0.374907 0.214172 0.19359 0.13184 0.0854902
0.222392 0.411683 0.175332 0.121388 0.0692052
0.238114 0.163187 0.396517 0.126353 0.0754162 9.6916e-05 0.000304718
0.23576 0.175606 0.386932 0.128158 0.073443
0.224018 0.181612 0.387911 0.125284 0.0809772 0.000182969
0.16743 0.224934 0.407765 0.118129 0.0813943 0.000252138
0.186537 0.378537 0.229089 0.122744 0.0829892 8.86775e-05
0.179961 0.382269 0.226227 0.125964 0.0853015 0.000216926 3.14526e-05
0.175853 0.252547 0.384562 0.110729 0.0761571 0.00012914
0.229644 0.173882 0.394801 0.120834 0.0807371
0.239676 0.177713 0.382409 0.116647 0.083337 3.62185e-05 0.000123912 5.36669e-05
0.178647 0.226947 0.392966 0.119487 0.0817879
0.164935 0.390764 0.235082 0.133866 0.0748858 0.000192752 0.000242141
0.411527 0.157863 0.224005 0.131093 0.0754143 9.38469e-05
0.38676 0.177393 0.227441 0.130457 0.0779084
0.388749 0.236738 0.177092 0.130371 0.0668742 3.56415e-06 1.9952e-05 0.000132684
0.409389 0.180094 0.216658 0.119062 0.073589 0.000360738 0.000227949 0.000209776 0.000271474 1.61842e-05 8.877e-06 8.22999e-05
0.404455 0.175556 0.222384 0.124899 0.0715854 7.43368e-05 0.000278291 0.000511013 0.000213365 2.62985e-05
0.369882 0.236276 0.186104 0.122188 0.0854114
0.387599 0.231211 0.179613 0.127613 0.0726324 0.000977789
0.422491 0.227913 0.167923 0.0672791 0.11384 0.000275028 0.00015243 0.000125276
0.401318 0.230729 0.0877506 0.158684 0.121498
0.392003 0.245814 0.163155 0.0668525 0.131594 0.00029612 0.000210893
0.388852 0.227433 0.173158 0.125565 0.0847751 0.00021204 3.90291e-06
0.386391 0.224929 0.187519 0.121095 0.0796364 0.000411934
0.408842 0.22854 0.176851 0.112577 0.0730697 0.000119034 1.80403e-07 3.2849e-07 5.45246e-07
0.399212 0.224336 0.113292 0.181956 0.0811431 5.24117e-05
0.405112 0.112127 0.22954 0.184262 0.0680245 0.00069013 1.74659e-05 4.51671e-05 2.78222e-05 2.92199e-05
0.404339 0.111302 0.173003 0.23699 0.0734424 0.000787764 6.56442e-05
0.381308 0.129457 0.219644 0.190606 0.0789654 3.01088e-06 1.38308e-05
0.401441 0.116297 0.185946 0.221362 0.0748986 3.00357e-05 2.3669e-05
0.422222 0.119823 0.17061 0.211266 0.0758373 0.000239669
0.431301 0.122327 0.21769 0.162016 0.0666622
0.413764 0.226901 0.111792 0.163108 0.083527 0.000656009 0.000103117 0.000114734 1.52789e-05 1.87764e-05
0.391699 0.235549 0.129502 0.163975 0.0790731 3.0333e-05 0.000133902
0.396188 0.235836 0.124512 0.161695 0.0811041 0.000125559 0.000312406 0.000168168 7.0929e-06 1.54501e-05 2.35582e-05
0.393614 0.232328 0.122374 0.0794042 0.1722
0.395913 0.131494 0.217662 0.08121 0.173655 3.51411e-07 1.94528e-06 7.64983e-06 1.79647e-05
0.394388 0.121839 0.238994 0.161282 0.0832333 1.06722e-05 0.000111868 2.05614e-05 0.000102476
0.397925 0.123295 0.226523 0.174408 0.0778413
0.115516 0.409614 0.228779 0.163029 0.0817584 0.00127198 2.25041e-05
0.109681 0.226608 0.401983 0.176359 0.0847451 0.000328774 0.000281916
0.216955 0.143758 0.383975 0.167959 0.0864482 4.04379e-05 0.000528427 0.000333814
0.224923 0.135078 0.387062 0.165615 0.0848332 0.00158844 0.000246469 0.00023692 0.000141185 0.000182631 2.35693e-05 3.0973e-05 1.66584e-05 2.14094e-05
0.224595 0.379015 0.125708 0.190431 0.0795211 0.000221739 0.000181024 0.000117149 7.57824e-05 2.48785e-05 7.18397e-06 9.52024e-05 4.53992e-06
0.226833 0.398526 0.11666 0.168414 0.0877023 0.000363047 0.000233388 0.00126598
0.387864 0.224463 0.127243 0.164746 0.0948593 2.83454e-05 0.000779725
0.39164 0.217817 0.128053 0.186395 0.0760778 9.62288e-06
0.387349 0.119676 0.234313 0.179879 0.0787241 2.15716e-05 1.3873e-05
0.378754 0.235277 0.124889 0.184592 0.0760876 0.000388117
0.400401 0.217357 0.178506 0.130124 0.0735969
0.387891 0.216128 0.170965 0.135412 0.0888683 0.000269593 0.000432052
0.390149 0.208938 0.187619 0.134187 0.0790786
0.384747 0.232848 0.183359 0.082212 0.116604 7.17853e-05 9.49881e-06 0.000102415
0.239309 0.382124 0.171395 0.0733519 0.133142 0.000421865 0.000234662 5.16995e-06 1.56094e-05 1.091e-07
0.223999 0.158149 0.413769 0.0740979 0.12977 1.19637e-05 0.000198002
0.225137 0.391617 0.173007 0.0857959 0.124329 0.000114568
0.221457 0.373997 0.191368 0.0929618 0.120058
0.382676 0.215174 0.198045 0.082097 0.121603 0.00028978 6.28313e-05 3.08734e-05
0.363873 0.189727 0.241024 0.088372 0.116221 0.000777217
0.195844 0.374545 0.232444 0.0784912 0.118041 0.000123863 0.000350933
0.171192 0.381631 0.238005 0.0870326 0.122033 9.64103e-05
0.405274 0.178151 0.205332 0.0868605 0.124214 0.000156074 1.20672e-05
0.38192 0.232104 0.185258 0.0881977 0.11252
0.39725 0.228512 0.166775 0.0883517 0.119084
0.397066 0.216541 0.176359 0.0861788 0.12368 0.000164542
0.409768 0.156432 0.227457 0.0955868 0.110454 1.21354e-06 8.47741e-05 9.9408e-05 0.000114303
0.404889 0.174507 0.0800097 0.222431 0.118163
0.394356 0.18031 0.217192 0.0874478 0.1191 0.000134156 0.0010386 0.00034452
0.373033 0.184252 0.217027 0.0921996 0.133282 6.13903e-05 5.16551e-05 3.0024e-05 2.3165e-05 2.45489e-05 3.53944e-06 1.00893e-05
0.392988 0.175147 0.219303 0.0849301 0.127601
0.38064 0.171678 0.234897 0.0935277 0.118951 0.000285072
0.38815 0.185924 0.213248 0.0890875 0.123342 4.29698e-06 0.00012983 4.37107e-05 4.00836e-05
0.408434 0.182738 0.210045 0.0788971 0.119867
0.401698 0.164422 0.230204 0.122118 0.0815295
0.383887 0.166679 0.232308 0.142499 0.0743355 0.000194414 9.0283e-05
0.411811 0.167334 0.220966 0.120774 0.0786109 0.000503901
0.390984 0.178049 0.235079 0.0760357 0.119853
0.372581 0.177331 0.231569 0.124909 0.0936097
0.399038 0.229228 0.168097 0.119182 0.084452
0.378175 0.225678 0.171751 0.140296 0.084099
0.395218 0.212502 0.169614 0.086637 0.136017
0.3918 0.233009 0.156427 0.131282 0.087481
0.373304 0.224586 0.172748 0.139073 0.0901875 6.47244e-05 2.56422e-05 7.13885e-06 3.88595e-06
0.22762 0.393103 0.17716 0.115523 0.0856171 0.00086704 5.1013e-05 5.49122e-06 3.59145e-05
0.238958 0.37705 0.129552 0.169517 0.0848645
0.220961 0.397464 0.140933 0.16465 0.0759149 1.00907e-05 5.73658e-05
0.398451 0.218313 0.137287 0.158938 0.0868741 0.000131329
0.397415 0.230561 0.167942 0.129585 0.074475
0.382195 0.238793 0.166091 0.135108 0.0778136
0.399678 0.178162 0.214933 0.134982 0.0722192
0.393227 0.166412 0.236072 0.126177 0.0781106
0.393746 0.163381 0.232018 0.118457 0.0923915
0.39733 0.170962 0.141702 0.210555 0.078653 0.000760594
0.391176 0.163728 0.230695 0.123756 0.0902154 0.000204326 0.000149258
0.170063 0.398141 0.230269 0.126035 0.0753418 8.93962e-05
0.157925 0.399472 0.212857 0.139998 0.0894919 0.000165614 5.28e-05 3.61113e-05
0.39894 0.162284 0.206312 0.129676 0.102529
0.172431 0.388513 0.226482 0.129764 0.0827941
0.169885 0.392226 0.234024 0.12155 0.082132 7.39398e-05 7.17557e-05 3.35204e-05
0.405376 0.175097 0.223721 0.121321 0.0744721 1.14782e-05
0.391212 0.171395 0.227064 0.123019 0.0866793 0.000201113 0.000423836 3.27977e-06
0.395392 0.241891 0.161328 0.122368 0.0789307
0.378547 0.175821 0.229786 0.135354 0.0804908
0.386349 0.173422 0.226228 0.130673 0.0832868
0.393518 0.179734 0.226558 0.122105 0.0780206
0.39233 0.156984 0.233604 0.144135 0.0729462
0.383942 0.159269 0.235781 0.135271 0.0857373
0.380034 0.236639 0.176433 0.123541 0.0833532
0.378626 0.174054 0.236066 0.133862 0.0772092 8.41232e-05 9.83462e-05
0.393028 0.153784 0.242987 0.126197 0.0839943
0.39487 0.230278 0.155428 0.118559 0.100863
0.402606 0.22828 0.163593 0.129163 0.0762489 0.000105134
0.408252 0.223918 0.171174 0.111942 0.0846781
0.381165 0.23335 0.168581 0.121501 0.0953574 3.72128e-06 3.45905e-05 6.26132e-06
0.394086 0.237097 0.158279 0.118658 0.0899492 0.00121097 0.000379482 0.00011596 4.2959e-05 9.92909e-05 3.89052e-05
0.419068 0.216225 0.155533 0.0808246 0.127611 0.000491227 0.000108773
0.384876 0.225113 0.178819 0.12421 0.0855778 0.00124572 0.00013333
0.392381 0.222621 0.185753 0.0834452 0.11555 1.1362e-05 1.42348e-07 9.55582e-05 6.88156e-06 4.2744e-06 1.8195e-05 7.23439e-05 1.59399e-05 5.48708e-06 1.18657e-05
0.391823 0.242606 0.163538 0.0813596 0.118423 5.96746e-05 0.00129221 3.29593e-06 1.0036e-06 0.000193641 0.00015225 0.000479289
0.22285 0.388544 0.176554 0.0837992 0.127885 0.000225084 1.47201e-05 0.0001265
0.226568 0.184574 0.380689 0.0816913 0.12584 0.000372359 0.000123911 4.96812e-05 2.57171e-05 6.57854e-05
0.238649 0.178118 0.380697 0.0837602 0.117522 0.000978071 1.39612e-05 1.50485e-05 7.53655e-05 0.000166795
0.221743 0.174187 0.393834 0.0758935 0.134131 1.01478e-05 9.90792e-05 2.35115e-05 7.19969e-05
0.179746 0.223029 0.392836 0.0736559 0.130486 0.000118407 4.89434e-05 4.20958e-05 3.59804e-05
0.184383 0.226386 0.3832 0.122644 0.082901 0.000408512 2.75371e-06 2.2736e-05 3.22997e-05 9.91012e-06 4.37142e-06 6.58636e-08 1.93312e-06
0.185632 0.221449 0.371417 0.126209 0.0951725 6.20926e-05 2.21466e-05 1.53078e-05 1.8545e-05
0.180423 0.40356 0.207445 0.123931 0.0843696 0.000121329 3.71088e-06 7.71281e-05 6.1517e-05
0.167042 0.241752 0.399165 0.112732 0.0785718 0.000321088 3.02557e-05 0.000239979 0.000131247
0.168284 0.25172 0.361194 0.133344 0.0847232 0.000411293 0.000246814 1.50399e-05 4.92874e-05
0.163025 0.251404 0.384925 0.120938 0.0789537 0.000270542 0.000352283 0.000118223 1.94469e-06
0.175186 0.234675 0.402419 0.11223 0.0753432 7.25489e-06 9.91449e-05
0.180147 0.218274 0.396787 0.117407 0.0873028
0.177524 0.210106 0.378476 0.13473 0.0989853 9.41855e-05 3.18999e-05 1.52669e-05 2.3696e-06 1.79245e-05
0.187077 0.239676 0.364997 0.125775 0.0815247 0.0006745 0.000241798 1.94731e-05 4.14616e-06 9.5595e-06
0.185522 0.205846 0.123178 0.405756 0.0796119 6.82419e-06 7.24047e-05
0.162069 0.23917 0.397131 0.124801 0.0762332 0.000594352
0.223771 0.186277 0.374777 0.134539 0.0805887
0.211287 0.18542 0.389522 0.132664 0.0810877
0.177383 0.231174 0.387862 0.128065 0.0750348 0.000221674 0.000177202
0.179316 0.222077 0.133908 0.374687 0.0890747 0.000165412 0.000765685 3.6488e-07 2.29993e-06 2.27046e-06
0.181758 0.216186 0.119033 0.405191 0.0776408 0.000139753 4.57691e-05 6.31081e-06
0.161943 0.129136 0.231873 0.394328 0.0827196
0.169549 0.136069 0.231043 0.371725 0.090969 0.000411238 0.000171807 3.6941e-05 4.71661e-06 1.67653e-05
0.176084 0.120175 0.388444 0.227555 0.0877361
0.18633 0.127161 0.378122 0.215472 0.0927689 1.05399e-05 2.93244e-05 2.24662e-05 4.00522e-05 1.629e-05 2.66215e-05
0.133726 0.188867 0.379335 0.208938 0.0884939 8.29973e-05 0.000118417 0.000120192 6.15975e-05 0.000154898
0.126519 0.171733 0.396571 0.224253 0.0809192
0.123363 0.392265 0.168458 0.24329 0.0726226
0.119343 0.398118 0.180371 0.22104 0.0807298 8.5454e-05 0.000286934 2.13774e-05
0.381586 0.127525 0.173576 0.238833 0.0783066 1.54201e-05 4.54465e-05 3.06834e-05 4.27791e-05
0.376649 0.177666 0.129485 0.238464 0.0776504 8.25021e-05
0.398483 0.179307 0.232009 0.112506 0.0765939 0.000121678 0.000661598 0.000232574
0.186575 0.382486 0.229954 0.122449 0.0780441 0.000270422 9.61011e-05 8.01736e-05 3.21264e-05
0.185219 0.374903 0.224297 0.12892 0.0865053
0.176366 0.22641 0.405616 0.119275 0.0718879 6.53597e-05 0.000224511 4.03782e-05 6.02284e-05 1.88149e-07 3.52011e-05 3.98228e-06 8.61107e-06 1.52643e-06 2.88329e-06
0.173135 0.22894 0.402039 0.113722 0.0820125 0.000102204
0.166243 0.232429 0.407684 0.0713629 0.121342 0.000272419 0.000627884 3.02329e-05
0.159026 0.401724 0.232643 0.0867969 0.119742 4.74346e-05 1.61737e-05
0.398716 0.16252 0.23548 0.0853157 0.117668 0.00029028
0.38111 0.180272 0.218047 0.0897705 0.13079
0.402286 0.191249 0.211502 0.120434 0.0737381 2.52645e-05 0.000211068 4.44469e-05 0.000390894 7.27856e-05 2.22854e-05 8.45503e-06
0.409094 0.181228 0.209137 0.122522 0.0776898 0.000211566 9.75945e-05
0.388148 0.216396 0.188877 0.12332 0.082927 0.000280142
0.387658 0.237764 0.168228 0.128705 0.0770787 0.000153409
0.404383 0.229048 0.114793 0.169485 0.0816874 0.000149259 0.000204008 0.000169804 1.4317e-05 2.15841e-05
0.391256 0.244809 0.114635 0.178296 0.0705337 0.00036698
0.385107 0.241839 0.119533 0.175454 0.0780671
0.398057 0.248018 0.111739 0.158834 0.083351
0.390076 0.219067 0.134799 0.172199 0.0836788 0.000175787
0.392021 0.119489 0.223395 0.190833 0.0739002 2.07979e-05 7.99272e-05 1.705e-05 0.000209346 8.49332e-06
0.384314 0.10891 0.19587 0.234733 0.0760795
0.408197 0.115111 0.178267 0.219146 0.0786917 8.08964e-05 3.85703e-05 0.000409366 5.78332e-05
0.393481 0.108769 0.189164 0.228447 0.0798103 0.000170303 0.000129404 1.29948e-05 8.98385e-06 3.43935e-06 3.99346e-06
0.394635 0.118916 0.168944 0.239402 0.0771341 0.000964128
0.390069 0.120181 0.178905 0.229023 0.0818121
0.38559 0.121349 0.179681 0.0753681 0.237817 0.000175512
0.384899 0.192462 0.116614 0.0791312 0.226872
0.399149 0.175375 0.119857 0.0818514 0.223762
0.408226 0.189625 0.10854 0.216036 0.0775101 6.24913e-05
0.400686 0.114375 0.189708 0.219534 0.0755105 8.37933e-05 9.51919e-05 3.00113e-06
0.112076 0.398012 0.183343 0.230356 0.0758926 4.40911e-05 7.21023e-05 0.000198502
0.126614 0.405331 0.185886 0.208178 0.0726813 0.00099874 0.000285768 2.5957e-05
0.398901 0.13639 0.1804 0.213891 0.0703756
0.385006 0.129109 0.168867 0.0818997 0.234895 0.000125026 7.47271e-05
0.382369 0.172865 0.135063 0.0801948 0.229144 0.000347806
0.378552 0.177672 0.0799181 0.12093 0.242907
0.388285 0.160876 0.0768067 0.240751 0.133218
0.393622 0.087805 0.172502 0.232801 0.113212
0.402594 0.0802875 0.228955 0.158281 0.12988
0.403154 0.226722 0.0744909 0.16145 0.134038
0.384561 0.237718 0.178837 0.0818268 0.116237 0.00020935 0.000493709
0.392351 0.194141 0.223652 0.0871357 0.102695
0.387943 0.175671 0.237426 0.108009 0.0908911
0.401029 0.182058 0.210429 0.11969 0.0866429 3.3312e-05 2.49193e-05 5.96809e-08 7.31778e-05 1.02236e-05
0.390219 0.184681 0.220904 0.124554 0.0795489
0.393562 0.227473 0.176188 0.114519 0.0879986 0.000153067
0.400567 0.232431 0.180262 0.11139 0.075334
0.378764 0.176946 0.228489 0.134359 0.0809 0.000318617 6.3059e-05 1.7062e-05 1.70998e-05 8.02038e-05 1.85202e-05
0.381803 0.223463 0.173209 0.133781 0.0875336 0.000205603
0.398049 0.175349 0.225944 0.124367 0.0762449
0.386107 0.18807 0.229043 0.0708268 0.125932
0.399851 0.163021 0.229527 0.0908274 0.116721 3.73001e-05
0.367575 0.185087 0.23099 0.0742364 0.141512 0.000259123 0.000214359 1.39453e-05 6.7185e-05 3.54658e-06 1.75279e-05 4.65438e-06 1.79322e-06 1.35275e-05
0.389777 0.188813 0.0824517 0.223242 0.114392 0.00121496 1.32563e-05
0.393767 0.182579 0.0717172 0.125333 0.226458 3.98516e-05 4.40174e-07 6.51505e-05
0.38748 0.186099 0.0763334 0.216443 0.133613 2.83714e-05 4.25537e-06
0.377048 0.0734694 0.198281 0.228916 0.122002 0.000214901 4.17977e-05
0.41031 0.0794389 0.208534 0.172893 0.128706 0.000115523
0.378827 0.231566 0.0693432 0.192923 0.127312
0.376316 0.0824389 0.227128 0.183641 0.130319 6.46835e-05 8.0407e-05
0.390415 0.0908622 0.225639 0.170518 0.122527
0.399748 0.0842502 0.178261 0.216112 0.121172 0.000141255 0.00012877 3.00297e-05 2.41001e-05 9.31014e-05
0.406987 0.0755943 0.192341 0.114035 0.210577 0.000104331 7.13496e-05 7.32452e-05 2.10406e-05 8.23058e-05 2.42859e-05 3.58494e-05 3.26972e-05 1.71754e-05
0.401168 0.0804113 0.180879 0.211742 0.1247 8.17741e-05 0.000749481 5.54396e-05 3.38366e-05 9.41028e-05
0.395526 0.172849 0.0799176 0.229316 0.122383
0.172746 0.405303 0.0864094 0.212268 0.123274
0.186872 0.388242 0.0790088 0.225695 0.120084 9.61494e-05
0.386155 0.1926 0.0860384 0.220293 0.113838 0.000301841 0.000756353
0.379758 0.185658 0.219925 0.0898287 0.12385 0.000798573 0.000159714
0.191393 0.388092 0.211362 0.0795375 0.129543 7.15592e-05
0.36763 0.202147 0.217965 0.0811442 0.130959 0.000142557
0.191729 0.386642 0.207351 0.0981212 0.116131
0.177325 0.22725 0.374846 0.0974572 0.12305 1.19954e-05 4.78385e-05
0.176015 0.22675 0.383986 0.128212 0.0846643 0.000110828 0.000193473
0.187255 0.383158 0.223715 0.124536 0.0811278 0.000206785
0.187919 0.357976 0.222994 0.130885 0.0998057 0.000381
0.182167 0.380327 0.231693 0.122585 0.083089 2.3347e-05 0.000111704
0.385844 0.181405 0.22708 0.115724 0.0898161 3.55046e-05 2.9771e-05 1.98189e-05 2.39036e-05 4.44552e-06
0.381828 0.174522 0.212125 0.0909656 0.139729 0.000388352 0.000405426
0.390131 0.176837 0.228922 0.123156 0.0803422 0.000113536 0.000324934 7.1295e-05 5.32229e-05
0.185914 0.38765 0.226145 0.123984 0.0761235 0.00017741
0.19055 0.381771 0.218842 0.0751712 0.133665
0.187032 0.370048 0.232109 0.0874838 0.123326
0.179232 0.385715 0.222517 0.123223 0.0884311 0.000675712 0.000195825
0.182385 0.383263 0.225891 0.127867 0.0805763
0.373885 0.186382 0.213234 0.142347 0.0840354 6.0891e-07 5.38913e-05
0.377659 0.166483 0.238355 0.147698 0.0697779
0.39083 0.18718 0.125493 0.218338 0.0779329 2.56789e-06 7.10186e-05 5.4925e-05 9.66244e-05
0.381172 0.136371 0.173148 0.220073 0.0891659 4.68331e-05
0.384249 0.129918 0.222943 0.182262 0.0804336
0.391504 0.114752 0.224544 0.177181 0.0912866 0.00036589 1.73913e-05 0.00014775 0.000119188 4.33272e-05
0.388388 0.122233 0.221608 0.184144 0.0834103 0.000112429
0.389865 0.131712 0.217287 0.180011 0.0808538 2.23782e-05 2.43185e-05 3.19788e-05 1.27146e-05 9.11122e-05 2.19322e-05 8.76613e-06 2.7087e-05
0.392276 0.228523 0.123099 0.174879 0.0808357 0.000304638 4.83629e-05
0.39347 0.228183 0.181226 0.119975 0.0764033 0.000453326 9.98252e-05 2.86625e-06 0.000114707
0.401208 0.237131 0.16441 0.112536 0.083848 0.000315396 0.000157847 0.000382826
0.225362 0.398162 0.182513 0.120014 0.0736875 0.000136631 3.9268e-05 3.07389e-05
0.230008 0.386783 0.173753 0.118761 0.0900441 0.000394265 0.00025642
0.253787 0.380307 0.171791 0.114446 0.0796693
0.228921 0.38149 0.175689 0.129043 0.0841541 0.000672332
0.37545 0.247637 0.161426 0.130747 0.0844694 0.000269555
0.222344 0.371168 0.188061 0.13352 0.0849051
0.222925 0.372805 0.183483 0.132757 0.0877205 0.000141384
0.239949 0.38442 0.163779 0.0793534 0.13242 6.97777e-05
0.21642 0.378428 0.179519 0.138351 0.0863996 0.000796916 8.57989e-05
0.242829 0.365116 0.176428 0.139135 0.0760678 0.000196295 0.000140624 6.48193e-05
0.218007 0.383584 0.183906 0.13276 0.0816503 7.26201e-05 1.98411e-05
0.389922 0.212643 0.175785 0.139547 0.0819748 9.70551e-05 1.12546e-05
0.232839 0.39592 0.168971 0.121624 0.0806369
0.226977 0.391928 0.170964 0.122803 0.0871164 6.09581e-05 5.28588e-05 7.50191e-05
0.233222 0.382166 0.12534 0.170974 0.0881429 3.58559e-05 7.95137e-05 2.22593e-05 1.59005e-05
0.390801 0.234348 0.125274 0.168705 0.0807534
0.232785 0.361935 0.139535 0.187363 0.0775122 0.00086673
0.218592 0.37766 0.133427 0.188313 0.0819175 5.61941e-05
0.21685 0.40107 0.136217 0.0818224 0.16392 1.63301e-06 2.49807e-05
0.24079 0.400297 0.117503 0.0749706 0.165979 9.19021e-05 0.00012594 0.000229002
0.399092 0.238756 0.116158 0.0808396 0.165129
0.223937 0.394987 0.118584 0.0903967 0.171295 0.000454906 0.000299282
0.21627 0.395439 0.119445 0.0858106 0.182953 5.22648e-05
0.238532 0.384375 0.0864356 0.12286 0.167072 0.000589645
0.223481 0.384802 0.0816757 0.179803 0.130022 3.24961e-05 9.5706e-05
0.229131 0.373733 0.190001 0.0820276 0.124887 0.000206283
0.232902 0.380869 0.0803861 0.173141 0.132699
0.385 0.228924 0.0799799 0.179644 0.126379 1.73318e-05 1.6388e-05 4.2403e-06 2.7016e-05 2.8131e-06
0.389173 0.231426 0.0782875 0.181315 0.119329 0.000437992
0.38476 0.227821 0.0886848 0.119466 0.179265
0.391561 0.222798 0.118092 0.0876474 0.179831 1.32208e-05 2.34782e-05
0.395549 0.117607 0.23022 0.0809568 0.174397 0.000300029 0.000547699 0.000104779 3.22317e-05 0.000233379
0.40144 0.113224 0.230741 0.0852156 0.16921 3.49311e-05 3.96897e-05 3.16409e-05 5.79113e-05
0.383786 0.122216 0.0788891 0.226742 0.188306
0.40357 0.118554 0.0732809 0.227294 0.177265 3.62056e-05
0.416874 0.0769902 0.125723 0.221934 0.158459
0.402405 0.0805621 0.231511 0.120366 0.164856
0.387489 0.0733628 0.124736 0.231035 0.183101 0.00026345
0.405079 0.0777948 0.22225 0.110619 0.184235
0.392354 0.222987 0.0751332 0.121821 0.187483
0.409303 0.202468 0.0810916 0.181133 0.125214 0.000339802 0.000368331 6.80671e-05 1.07646e-05
0.407056 0.21577 0.174844 0.0714782 0.130829 2.31165e-06 5.12091e-06 4.08783e-06 2.93805e-06 7.98411e-06
0.419994 0.190162 0.203128 0.0732007 0.113352 0.000144033 3.59667e-06 2.54777e-06
0.411946 0.202592 0.170732 0.0810691 0.1335 0.000160144
0.403521 0.211446 0.176169 0.120066 0.088567
0.209112 0.411239 0.173669 0.126177 0.0786254 0.000696557 3.57929e-05 0.000116529 0.000238196 2.60477e-05 1.93667e-05 5.48894e-06 2.56305e-05
0.216658 0.406779 0.176413 0.118314 0.0812019 0.000133958 8.87221e-05 0.000387434
0.198462 0.401258 0.188441 0.124797 0.0866293 0.00012524 1.93947e-05 0.000260999
0.213768 0.403951 0.177046 0.131236 0.0731364 0.000530668 8.60898e-05 0.000154995
0.212652 0.39144 0.190311 0.12738 0.0773171 0.000317089 0.00023593 0.000148119 0.000149279 3.72241e-05
0.215198 0.397702 0.18873 0.111484 0.0853949 9.06534e-05 0.000489265 1.01226e-05 0.000178582 9.73807e-05 0.000416218 6.31617e-05 5.10916e-05 8.96852e-06 8.65013e-06 5.3266e-05 6.60037e-06 1.30596e-05
0.219081 0.381104 0.195175 0.125768 0.0785077 3.08599e-05 0.00023292 9.81179e-05
0.218949 0.38584 0.141579 0.170892 0.0818873 0.00082096
0.220894 0.374272 0.143425 0.180553 0.0808558
0.212149 0.395136 0.135205 0.175978 0.0813455 0.000154939
0.367044 0.232062 0.132501 0.182758 0.0856325
0.400722 0.214204 0.117572 0.190152 0.0773501
0.379289 0.232898 0.135267 0.173782 0.0785708 2.16952e-05 2.97764e-05 0.000113807 5.22836e-06 1.95792e-05
0.384454 0.117272 0.226012 0.183097 0.088265 0.000721294 0.000173244
0.393664 0.247683 0.112999 0.175932 0.0696792 3.6351e-05
0.389987 0.129831 0.227577 0.180547 0.0720378
0.398568 0.221296 0.123058 0.174388 0.0824413 0.000248527
0.394438 0.136889 0.220316 0.171923 0.0761746 0.000179019 5.27719e-05 1.67369e-05
0.389042 0.223389 0.127919 0.177811 0.0817288 0.00010281
0.236012 0.373261 0.120578 0.193098 0.0769556 9.49469e-05
0.249853 0.367956 0.181514 0.120805 0.0795348 0.000310729
0.242982 0.4073 0.163401 0.119464 0.0662851 0.000390376 0.000141372 1.29815e-05 1.44626e-05
0.218037 0.389601 0.188185 0.117182 0.0869671 8.5503e-06
0.377165 0.22425 0.200016 0.110318 0.087922 0.000124313 0.000114136
0.374267 0.234967 0.186868 0.0854356 0.117555 0.000133755 0.000530476 0.000115001 3.98355e-05
0.378451 0.228376 0.0815099 0.184275 0.127047 0.000162855 0.000108222 5.635e-05 7.74323e-06
0.391615 0.217899 0.0797762 0.181138 0.129509 5.07143e-05 3.91723e-06 6.84753e-07 7.12596e-06
0.216116 0.388261 0.0839945 0.176824 0.134783
0.228807 0.384784 0.0745977 0.121525 0.189472 0.00051489 0.000218984 2.62801e-06 4.69521e-05
0.225715 0.379806 0.0783309 0.117749 0.198184 0.000208108
0.199428 0.403768 0.0807417 0.126907 0.188098 0.000843469 0.000189099 1.00936e-05
0.406653 0.22724 0.0739879 0.116727 0.17537
0.408929 0.226708 0.0756933 0.163993 0.12465
0.390669 0.233565 0.0773713 0.169279 0.12905 6.34349e-05
0.379999 0.239 0.0866158 0.162844 0.130914 5.07694e-05 0.000229545 0.000273498 7.24593e-05
0.217509 0.406755 0.0904994 0.16719 0.11751 3.88264e-05 0.000329094 7.62759e-05 5.59378e-05 2.77221e-05
0.234866 0.382539 0.089548 0.184912 0.107809 4.8543e-05 0.000211778 1.78226e-05
0.410286 0.230042 0.0756719 0.183371 0.100456 0.000159563
0.397864 0.214527 0.0845312 0.180019 0.122908 1.72615e-05 0.000116883
0.385052 0.227703 0.0868765 0.18784 0.11226 0.000185564 2.01984e-05 4.84138e-05
0.382627 0.220855 0.0882741 0.185449 0.122202 0.000362075 0.000211003
0.387841 0.226986 0.0778805 0.183404 0.123513 0.000155783 0.000209378
0.375727 0.0814019 0.228097 0.190642 0.124034 9.72465e-05
0.0741249 0.386366 0.245652 0.166099 0.127063 0.000675163
0.0682461 0.390386 0.234533 0.18239 0.123829 0.000422505 0.000131532
0.0832747 0.239474 0.38731 0.166797 0.122489 0.000173351 0.000121249 0.000158947 6.5399e-05 0.000124806
0.0716319 0.231785 0.389975 0.176689 0.129075 0.000710403 8.16075e-05 3.05742e-05 7.03004e-06
0.0777115 0.235775 0.391611 0.166732 0.127917 0.000202588
0.0766888 0.212721 0.181775 0.405843 0.122686 0.000285588
0.0725046 0.234829 0.391693 0.174366 0.126604
0.224109 0.0786449 0.389176 0.190538 0.117385 0.000145394
0.217728 0.0727453 0.396448 0.182784 0.129759 0.000468405
0.212145 0.401289 0.0745543 0.194823 0.117182
0.210323 0.39211 0.191352 0.0742567 0.131955
0.220711 0.398838 0.188903 0.0806857 0.11083
0.394684 0.229329 0.169074 0.0814022 0.125475 2.87322e-05
0.407797 0.220244 0.173419 0.0796369 0.118726 2.44112e-05 9.65583e-06 5.08657e-05 8.60363e-05
0.392973 0.221635 0.187941 0.0828819 0.113775 0.000336173 0.000457432
0.409088 0.213251 0.174841 0.0903378 0.112465
0.37514 0.22927 0.178079 0.087717 0.12974 4.06136e-05
0.391799 0.226476 0.175988 0.127346 0.0782548 6.19163e-05
0.208212 0.410789 0.175198 0.121823 0.0837429 8.09418e-05 4.02073e-05
0.415282 0.210738 0.168728 0.119343 0.0858865
0.386637 0.222774 0.122897 0.187905 0.0794872 0.000235369
0.404052 0.232112 0.169845 0.12286 0.0707248 0.000216989 0.000162748
0.407796 0.211986 0.176201 0.0745077 0.128168 0.000928881 0.000393448
0.398207 0.228557 0.18997 0.109918 0.0728548 0.000480853
0.388532 0.18485 0.218313 0.122736 0.0846387 0.000897282
0.384586 0.177214 0.238643 0.124327 0.0752153 1.03472e-05
0.395328 0.219798 0.186235 0.121693 0.0768489 8.92734e-05
0.397836 0.164117 0.220362 0.13586 0.0813563 0.000427788
0.396806 0.175724 0.229082 0.118584 0.0798017
0.384911 0.190423 0.231514 0.111181 0.0818936
0.385098 0.243434 0.170831 0.126371 0.0742192 2.6675e-05
0.371662 0.240495 0.183625 0.123103 0.0808199 0.000131471 0.000121174
0.385309 0.236599 0.180359 0.126979 0.0707403
0.218845 0.39256 0.174573 0.130133 0.0838777
0.21879 0.389861 0.187798 0.117645 0.0854635 0.000300426 0.000105295
0.393844 0.234654 0.173853 0.123211 0.0744338
0.218494 0.393138 0.170353 0.13869 0.0793029
0.22451 0.400451 0.113301 0.179071 0.0826673
0.220111 0.380772 0.185609 0.128632 0.0848747
0.224033 0.389753 0.136888 0.175257 0.0740212
0.405529 0.224782 0.121508 0.179259 0.068828
0.371457 0.232839 0.125678 0.19122 0.0778662 0.000806187 0.00011993 1.38659e-05
0.394328 0.120737 0.225351 0.178261 0.0813018
0.383392 0.228243 0.134715 0.173738 0.0795649 0.000105527 0.000208086
0.390059 0.223826 0.130715 0.180651 0.0745223 0.000221745
0.217858 0.404269 0.124389 0.178047 0.075435
0.208526 0.413732 0.164261 0.123691 0.0897823
0.399685 0.228129 0.17335 0.115425 0.0833257 6.31044e-05 9.22033e-07 2.06578e-05
0.396063 0.22157 0.189512 0.116124 0.0767172
0.397683 0.203653 0.196434 0.121898 0.0798605 0.000227905 0.00019436
0.232809 0.399787 0.168958 0.121392 0.0769586 8.13009e-05
0.227429 0.396079 0.182924 0.114638 0.0789256
0.228459 0.367427 0.188419 0.133876 0.0818129
0.224767 0.385464 0.189855 0.124157 0.0757137
0.399275 0.229638 0.16443 0.128103 0.0785538
0.3897 0.222046 0.175333 0.128132 0.0844882 9.32902e-05 5.15832e-05 0.000138889
0.390637 0.223529 0.18248 0.121436 0.0818016 4.12811e-06 9.58305e-05
0.400346 0.223885 0.168699 0.128323 0.0786149
0.395768 0.219957 0.121809 0.185182 0.0769535 0.000133635 3.2533e-05 0.000159414
0.40669 0.222558 0.161667 0.131088 0.0779904
0.39281 0.23019 0.120225 0.171979 0.0843132 0.00037387
0.406836 0.21841 0.116601 0.174007 0.0836662 0.000471687
0.393189 0.239989 0.160245 0.12348 0.0828422
0.406213 0.216662 0.182031 0.116387 0.078592
0.379914 0.232624 0.129122 0.180305 0.0779488 6.51532e-05
0.223628 0.384497 0.12241 0.187102 0.0823575
0.233564 0.39744 0.113224 0.176716 0.0789919 5.14567e-05 1.24451e-05
0.227035 0.39677 0.173603 0.118767 0.0838246
0.383371 0.223569 0.180094 0.126687 0.0862161
0.377519 0.228522 0.113666 0.196426 0.0835055 0.000137263 0.000224504
0.385553 0.245496 0.112632 0.178894 0.0771329 7.22295e-05 0.000136993 1.24549e-05 6.91076e-06 2.63934e-05 1.70776e-05
0.397713 0.212561 0.132871 0.177414 0.0793898 2.24095e-05 7.06382e-06 8.30641e-06
0.390815 0.124397 0.219669 0.185883 0.0790744 0.000147111
0.382929 0.225124 0.130139 0.182353 0.0789549 0.000282119 7.92594e-05
0.238266 0.383326 0.120023 0.181177 0.0769426 0.000265508
0.23252 0.379863 0.119096 0.184483 0.0837659 0.000109129 2.29944e-05 9.21938e-05
0.399476 0.211853 0.130165 0.17744 0.0804409 6.95664e-05 0.000284574 1.42092e-05 0.000145314 5.26779e-05
0.413783 0.215985 0.122468 0.169291 0.0779973 0.000139733 0.000210424
0.224967 0.375033 0.124879 0.193611 0.0812571 0.000164377 1.95088e-05 2.17314e-05 2.72416e-05 9.86467e-06
0.211756 0.397192 0.130337 0.176934 0.083518 0.000241202
0.369505 0.235267 0.133206 0.185838 0.0759139 0.000143928 1.18262e-05 1.57611e-05 1.00221e-05 7.16532e-05
0.400035 0.209115 0.130478 0.171044 0.0886941 0.000279319 0.000117173 0.000235964
0.219027 0.396785 0.12618 0.174191 0.0831697 1.49553e-05 0.000290792 0.000266526 6.61207e-05
0.205063 0.377514 0.142414 0.192219 0.0820635 0.000458874 0.000182562
0.217107 0.385477 0.135357 0.0776639 0.18356 0.000410245 0.000217642 0.00019396 1.13567e-06 1.07707e-05
0.237922 0.369475 0.126776 0.180196 0.0855047 5.48163e-05
0.230794 0.380805 0.121022 0.0954677 0.171545 0.000233431 0.000112686
0.213726 0.379155 0.132731 0.0820153 0.191038 9.47204e-05 0.000636553 0.00053032 6.35276e-05
0.220105 0.387795 0.134864 0.174162 0.0825551 1.49846e-05 8.04746e-05 5.48516e-05 0.000175959 4.3882e-05 6.23607e-05 3.31854e-05 4.99163e-05
0.215986 0.375492 0.133265 0.189896 0.0850306 0.000146384 0.000123554
0.22104 0.381793 0.131184 0.186098 0.0794317 0.000198046 1.41683e-05 0.000140035
0.23838 0.358142 0.178558 0.139774 0.0844823 0.000158471 0.000171181 0.000162505 4.67713e-05 5.09863e-05 7.1254e-05
0.364684 0.229527 0.197784 0.12572 0.0820712 4.72531e-05 3.70633e-05 3.12958e-05 9.74982e-05
0.366151 0.224093 0.196638 0.13537 0.0776636
0.231169 0.373533 0.175576 0.131919 0.0877997
0.222226 0.382145 0.187138 0.128481 0.0799152 3.70278e-06 8.41299e-05
0.238589 0.178163 0.368458 0.131677 0.0829533 0.000108275 8.37272e-06 1.88808e-05 1.3049e-05
0.227281 0.199242 0.381936 0.0795489 0.111681 0.000283197
0.178725 0.239611 0.387634 0.079001 0.114571 0.000253156 0.000147128
0.237458 0.175982 0.384797 0.0818084 0.118904 0.000197131 0.000163775 0.000344556 1.44403e-05 0.000266181 2.9339e-05
0.230793 0.174116 0.38719 0.0885257 0.119245
0.215928 0.391864 0.179787 0.0810722 0.131255 9.11541e-05
0.394163 0.226347 0.182378 0.0897657 0.107322
0.252013 0.37025 0.183064 0.0759309 0.118649 9.36582e-05
0.215812 0.189188 0.38009 0.0830941 0.131416 5.35397e-05 0.000320172
0.220837 0.17418 0.404611 0.0859838 0.114201 0.000105371 8.00467e-05
0.234129 0.179164 0.369984 0.0864769 0.130051 2.44354e-05 0.000150388
0.243306 0.175456 0.384747 0.118536 0.0777077 6.85927e-05 0.000138335
0.237374 0.378098 0.181541 0.118906 0.0840504
0.223925 0.387766 0.185908 0.117841 0.0841909 0.000141262 7.57987e-05 0.000129234
0.227619 0.398329 0.173017 0.0854054 0.115244 0.000288567 3.29447e-05
0.236966 0.3663 0.184305 0.0889585 0.123285 0.000183746
0.373567 0.235055 0.182787 0.0830266 0.125507 4.05209e-05
0.230989 0.369699 0.186603 0.0824009 0.130307
0.210507 0.396283 0.191459 0.114449 0.0872936 4.70805e-06 2.62726e-08 3.11111e-06
0.223477 0.394451 0.122625 0.183142 0.0762904 6.33088e-06
0.370572 0.234481 0.133718 0.179637 0.0813587 0.000165948 2.54055e-05 4.03297e-05
0.372352 0.242501 0.175161 0.124432 0.084563 0.000851736 0.000127563
0.379753 0.229609 0.129027 0.186755 0.0745248 0.000205791
0.376595 0.13319 0.235045 0.168286 0.0851823 0.00125789 0.000179865 0.000165627 1.93702e-06 6.75378e-05
0.382599 0.231781 0.121677 0.185613 0.0772148 0.000514393 2.13527e-05 0.000199939 9.05562e-05 5.24477e-05 0.000119477 2.6186e-06 4.5243e-05
0.229105 0.381042 0.147698 0.171372 0.0698081 0.000618382 0.000222045 4.0289e-06 8.25369e-05 1.50472e-06 1.11392e-05
0.229806 0.131017 0.389035 0.176594 0.0701374 0.0010139 0.000132714 0.00128974 0.000222551 0.000410621 0.000174177 2.38381e-05 0.000113766
0.225666 0.118828 0.390383 0.181961 0.0825686 0.000337662 0.000141976 2.99343e-05 2.8398e-05 3.85596e-06
0.238539 0.122734 0.386013 0.174947 0.0774182 0.000321574
0.130887 0.21906 0.386794 0.180909 0.0819329 1.80296e-05 0.000360049
0.136211 0.210307 0.38793 0.185257 0.0799508 0.000135972 0.000186583
0.232998 0.124554 0.369712 0.193302 0.079378 1.5583e-05 3.17983e-05
0.214218 0.123079 0.404918 0.174255 0.0832054 8.96578e-05 1.70812e-05 9.59176e-06 7.00753e-05 0.000133257
0.127755 0.219648 0.380985 0.18711 0.0841994 0.000159253
0.122808 0.395061 0.224446 0.186279 0.070981 0.000424851
0.377814 0.1169 0.237564 0.181282 0.0862023 0.000235609
0.388074 0.118816 0.189778 0.220759 0.0825733
0.404359 0.179231 0.124729 0.220607 0.0710716
0.176024 0.38129 0.138948 0.229728 0.0740096
0.190203 0.384984 0.218597 0.121789 0.0841937 0.00023132
0.172494 0.401333 0.221565 0.0775662 0.12704
0.180316 0.232869 0.384312 0.0832217 0.119282
0.228097 0.179033 0.373105 0.0881947 0.131551
0.179663 0.221694 0.384215 0.0924244 0.121962
0.180593 0.392749 0.21634 0.0856875 0.124629
0.1698 0.401282 0.225188 0.11459 0.089096 1.15735e-05
0.175081 0.391436 0.225512 0.121968 0.0860009
0.177562 0.236697 0.379827 0.1255 0.0794506 0.000113471 0.000152132 0.000606701 2.24924e-05 6.24551e-06 4.8679e-05
0.215864 0.189406 0.378361 0.125557 0.0904378 0.000135909 1.3269e-05 5.84119e-05 4.03799e-07 8.88532e-05 9.58837e-06 2.7378e-05 7.89915e-06 5.71802e-06 4.0529e-06 8.20715e-07 4.70665e-06 7.81662e-06
0.215437 0.184175 0.388803 0.13087 0.0800425 3.19165e-07 0.000132504 0.000396557 0.000100307
0.221104 0.398182 0.182365 0.123029 0.0753005 1.22065e-05
0.238005 0.377095 0.178994 0.0834039 0.122088 3.64639e-05 0.00010912 3.92095e-05 0.000179232
0.220805 0.397675 0.0855822 0.177536 0.118401
0.224017 0.387111 0.177791 0.0971443 0.113305 0.000558937
0.225076 0.387381 0.17849 0.124439 0.0846146
0.231906 0.388726 0.170044 0.0864273 0.122596 0.000124319 0.000176214
0.397405 0.22214 0.182499 0.0734045 0.124552
0.216537 0.408441 0.176122 0.0698386 0.128936 3.12195e-06 8.87069e-05
0.218844 0.387608 0.190193 0.0780549 0.125288
0.221584 0.392665 0.0804176 0.1826 0.122721
0.213652 0.404778 0.167409 0.0897725 0.124379
0.248404 0.378872 0.161394 0.0890787 0.122251
0.213612 0.401498 0.0870996 0.16991 0.12788
0.222593 0.3844 0.179212 0.0839514 0.129684 9.28991e-05
0.21876 0.404503 0.166727 0.0904585 0.118873 1.36868e-05 0.000224859 0.000241464 0.00010645 6.73496e-05 6.21481e-06 1.31858e-05
0.389485 0.221214 0.178094 0.0753189 0.135843 9.98972e-06 3.35025e-05
0.388997 0.177864 0.221644 0.0906864 0.120799
0.397403 0.231156 0.163893 0.0812086 0.126017 0.000316364
0.391775 0.2283 0.186377 0.0802899 0.113254
0.385146 0.183843 0.243306 0.0766959 0.110994
0.382179 0.173621 0.233904 0.127664 0.0823792 0.000114313
0.167246 0.411519 0.214212 0.133075 0.0733365 0.000271065 0.000226365 7.1608e-05 1.27007e-05
0.187995 0.38576 0.131712 0.214509 0.0797715 1.1948e-05 6.27998e-05 4.12797e-05 2.20279e-05 2.90257e-06 5.46501e-05 1.22532e-05 3.94937e-06
0.174815 0.384418 0.125166 0.227631 0.0870915 0.000831882 4.26104e-05 3.10813e-06
0.16426 0.144089 0.406552 0.203506 0.0810373 0.00044127
0.165961 0.131971 0.39929 0.0747527 0.227747 0.000153524 3.00595e-05 1.32181e-05
0.137252 0.174482 0.38464 0.0770695 0.225199 0.00117682 0.000112001
0.133873 0.174158 0.072277 0.409989 0.209161 0.000539855
0.138593 0.0898406 0.170505 0.381198 0.219762 0.000101741
0.136491 0.0838575 0.180662 0.373469 0.225508
0.124446 0.0687056 0.180922 0.394795 0.231131
0.121189 0.180804 0.0776697 0.384885 0.23545
0.12585 0.185934 0.0809108 0.397058 0.210116 0.000115847 1.47047e-05
0.135564 0.174947 0.0767046 0.374715 0.237745 1.98768e-05 0.000305167
0.137584 0.0725065 0.184113 0.371134 0.234532
0.0811855 0.121712 0.191048 0.377205 0.228653 0.000185723
0.0841375 0.12669 0.370382 0.186246 0.232142 0.000131006 0.000268544
0.0793072 0.1187 0.37887 0.224573 0.198309 0.000104825 1.60302e-05 7.64511e-05 6.04834e-06 2.16706e-05 4.6091e-06 1.06377e-05
0.126041 0.072514 0.376325 0.240286 0.184555 5.74463e-05 9.68178e-05 2.99216e-06 2.13888e-05 6.77289e-05
0.13162 0.0769103 0.367129 0.23913 0.183927 0.000794174 0.000454
0.126799 0.078738 0.390797 0.231853 0.171608 8.91011e-05 5.42985e-05
0.0778477 0.128808 0.40633 0.214423 0.172495
0.125696 0.0832323 0.385341 0.227946 0.177238 0.000542674
0.0911018 0.376679 0.118205 0.224908 0.189003 9.18522e-05
0.0892995 0.388151 0.224659 0.115463 0.182205 0.000188743
0.0790739 0.225508 0.406547 0.110625 0.178221
0.0925276 0.393251 0.215061 0.115998 0.182634 0.000413469
0.0772634 0.410516 0.218901 0.118118 0.17513
0.0756633 0.203029 0.422957 0.126436 0.171821 6.98322e-05
0.082897 0.217465 0.129704 0.390798 0.179121
0.0748192 0.22298 0.117311 0.406576 0.177691 2.11378e-05 1.00486e-05 9.21787e-05 0.000485011
0.0800512 0.229038 0.390049 0.132682 0.168029 0.000134715
0.222164 0.0855472 0.393559 0.12973 0.168913 1.82806e-05 1.09455e-06 3.1394e-05 2.48206e-05
0.22381 0.0722179 0.393297 0.127957 0.18267 2.99617e-05 1.77584e-05
0.0801725 0.221129 0.398022 0.120213 0.180285 5.29542e-05 6.66325e-05 1.49969e-05
0.0917348 0.388523 0.228192 0.124232 0.167075 0.000221324
0.0720057 0.388371 0.234782 0.184702 0.120109
0.0765662 0.389233 0.230214 0.122785 0.17946 0.00132913 0.000374537 2.39317e-05
0.0940109 0.387047 0.214769 0.129905 0.174258
0.391888 0.0804177 0.23704 0.118248 0.172402
0.383442 0.0952429 0.122884 0.226535 0.171067 0.000263256 0.000543961 1.52847e-05 6.71656e-06
0.401234 0.131526 0.0747305 0.225899 0.166533
0.393741 0.114706 0.0808297 0.234611 0.175946 0.000144545
0.393103 0.0865137 0.104086 0.233263 0.18282 0.000181329
0.40385 0.114239 0.0821219 0.231334 0.167988 1.45364e-05 0.000433 1.80676e-05
0.372257 0.121027 0.0783548 0.239266 0.189053
0.385281 0.114872 0.243483 0.0850023 0.1713 4.61758e-05
0.116409 0.394652 0.231051 0.0821361 0.17574
0.118658 0.38883 0.222926 0.0808807 0.188678
0.118267 0.228233 0.377402 0.0842733 0.191774
0.120199 0.242052 0.389447 0.0801314 0.168135
0.104115 0.218676 0.394943 0.198726 0.0834388
0.111199 0.252536 0.385308 0.179568 0.0709508 0.000426612
0.234978 0.112926 0.388903 0.179652 0.0832697 0.000258466
0.121127 0.229661 0.378064 0.193203 0.0778009 0.00013913
0.23563 0.123787 0.369949 0.193124 0.0774297 5.19986e-05 1.717e-05
0.122335 0.222452 0.40238 0.184265 0.0685477
0.239051 0.116323 0.375802 0.182807 0.0855611 0.000411416
0.223096 0.415891 0.11458 0.171002 0.0753746
0.38162 0.225811 0.10918 0.193054 0.0903347
0.222797 0.400035 0.118369 0.166991 0.0918018
0.220049 0.114141 0.39814 0.185372 0.0822911
0.109282 0.219935 0.421786 0.170762 0.0782208
0.113747 0.22224 0.402781 0.188643 0.0725159
0.119475 0.396298 0.219417 0.179809 0.0840416 0.000892446 1.18064e-05 2.65334e-05
0.10914 0.413538 0.226921 0.174244 0.0759998 0.000151459
0.130844 0.401236 0.182459 0.21439 0.0690949 0.00110346 0.000736328 8.91974e-05 3.43559e-05
0.122223 0.387128 0.176581 0.240707 0.0725419 0.000743779 6.94508e-05
0.127931 0.40962 0.229864 0.163736 0.0686284 0.000175395
0.395428 0.116076 0.226957 0.179983 0.0814372 0.000110683
0.381866 0.230869 0.130595 0.169632 0.0869403
0.403136 0.21218 0.124137 0.177677 0.0827412 8.69059e-05
0.220772 0.391652 0.132185 0.176855 0.0755571 0.00294111 8.40215e-06 2.84865e-05
0.219924 0.414743 0.113318 0.0813706 0.170277 0.000368787
0.403202 0.208718 0.126176 0.0846342 0.177236
0.226985 0.390851 0.121519 0.0947649 0.165879
0.224194 0.3961 0.0745251 0.114768 0.190157 0.000107486 0.000134793 3.04539e-06 9.73616e-06 8.55812e-07 2.29174e-07 3.18434e-07
0.217919 0.385535 0.082985 0.190445 0.122881 0.000128502
0.232363 0.391468 0.180794 0.0822485 0.112973 3.73876e-05 1.39739e-05 5.27512e-05 4.57129e-05
0.226418 0.395459 0.077305 0.171721 0.128914 7.21245e-05 0.000101402
0.223412 0.389193 0.0848134 0.18151 0.120777 0.000119105 0.000122978 5.07027e-05
0.217513 0.0824288 0.402717 0.168307 0.128843 0.00012004 6.84387e-05
0.205168 0.091799 0.393358 0.183875 0.125105 0.000236506 0.000342484 9.19179e-05
0.0852113 0.218393 0.39703 0.170574 0.128256 0.000480038
0.0810165 0.210986 0.194275 0.390846 0.122669 4.12991e-05 3.22152e-05
0.0822816 0.226834 0.198847 0.375977 0.115807 0.000167935 1.94254e-05
0.0902053 0.257662 0.164495 0.363532 0.124085
0.080185 0.240832 0.380625 0.175156 0.122442 0.000628811 5.51296e-05
0.0794593 0.229336 0.179246 0.38474 0.12697 0.000162616 2.51225e-05 3.03501e-05 1.27437e-05
0.221822 0.0888128 0.177216 0.387829 0.124251 4.16098e-05
0.212862 0.185815 0.402928 0.0702092 0.127714 4.99434e-05 0.000377119 1.54377e-05 2.2496e-05
0.24659 0.17319 0.39117 0.121721 0.0672934
0.232303 0.18167 0.386863 0.142917 0.0562343
0.225799 0.382418 0.198616 0.129175 0.0635311 0.000118354 1.35701e-05 0.000194775 9.4773e-05 1.58431e-05
0.229485 0.375775 0.191156 0.144126 0.0593251 0.000111634
0.400318 0.223817 0.181665 0.126888 0.0672238 8.86719e-05
0.40731 0.224672 0.128236 0.180012 0.0594849 0.000133926 8.66677e-05 1.643e-05 9.93438e-06 2.62113e-05 7.74113e-06
0.226352 0.389187 0.128865 0.195288 0.060241
0.210413 0.11814 0.413986 0.191659 0.0652163 0.000390404 5.70329e-05 8.20829e-05
0.22036 0.412372 0.121136 0.173581 0.0706087 0.000375428 0.000920928 0.000482941 0.000145273
0.392183 0.224758 0.120144 0.184829 0.0779862 6.79028e-05 9.76706e-07 5.39147e-06 2.22265e-05
0.224967 0.408015 0.115149 0.177069 0.0739192 0.000499491 0.000137552
0.215627 0.392806 0.133895 0.185551 0.0717921 0.000123076 0.000142731 5.57775e-05
0.402991 0.213923 0.13088 0.184094 0.0678962 9.62009e-05 9.34466e-05 2.65099e-05
0.389574 0.224226 0.129769 0.185791 0.0705339 7.42115e-05 2.9952e-05
0.402342 0.226012 0.166245 0.11874 0.0866493
0.40173 0.188898 0.212592 0.128505 0.0680364 6.26325e-05 0.000145177
0.382417 0.185225 0.232877 0.120467 0.0789188
0.187519 0.387372 0.227845 0.119724 0.0775334
0.411706 0.158307 0.236685 0.117351 0.0756817 0.000169404
0.389114 0.221894 0.175435 0.117428 0.0961293
0.39162 0.228639 0.17352 0.116953 0.089251
0.38648 0.228597 0.176573 0.126935 0.0814153
0.22541 0.39129 0.173157 0.125466 0.083985 0.000669076
0.234312 0.399218 0.109004 0.179912 0.0773031 0.000192889 6.53224e-06 4.90491e-05
0.382166 0.23718 0.12344 0.172112 0.08467 0.000258416 5.83047e-05 8.3904e-05
0.403367 0.221927 0.171789 0.118788 0.084021 8.02467e-05
0.400333 0.213292 0.174045 0.128171 0.0840317
0.388186 0.214086 0.138347 0.169739 0.0895584 3.62103e-06
0.38241 0.124808 0.230103 0.178155 0.0844402 3.16753e-05 6.39623e-06 5.10707e-06 2.4575e-05 1.33937e-05
0.38283 0.212052 0.127458 0.194991 0.0807292 0.00192998 9.95574e-06
0.398018 0.220061 0.179001 0.125293 0.0774638 4.64675e-05
0.394621 0.17526 0.223906 0.116248 0.089726 0.000228162
0.378388 0.192479 0.131256 0.215369 0.0825083
0.398695 0.122009 0.171537 0.231587 0.0761667
0.131176 0.393491 0.170863 0.224384 0.0800861
0.118051 0.382732 0.178893 0.235169 0.0851223
0.121843 0.395549 0.227542 0.175134 0.0799082
0.124876 0.403898 0.217172 0.174148 0.07981 9.27743e-05
0.121014 0.213751 0.398553 0.187538 0.07906
0.128149 0.382488 0.229503 0.181612 0.0778096 0.000344173
0.133911 0.394819 0.218435 0.0906342 0.162152 9.48884e-06 3.35534e-05
0.14231 0.200596 0.38697 0.0874834 0.182621
0.127175 0.22971 0.386255 0.0851571 0.171693
0.227001 0.126657 0.382687 0.0863029 0.176722 0.00052133 8.97801e-05 6.331e-06
0.228319 0.396873 0.122277 0.0875923 0.162469 0.00219309 8.29123e-05 4.30647e-05
0.22672 0.396379 0.0855442 0.125364 0.165881
0.234037 0.393832 0.0875048 0.122875 0.161437 0.00015839
0.390664 0.225921 0.0775737 0.127054 0.178642 0.000145666
0.395747 0.2256 0.107952 0.0855873 0.184788 0.000320746
0.392896 0.215477 0.13038 0.0876338 0.172969 0.000627782
0.376679 0.114329 0.230384 0.0965187 0.181633 0.000282585 7.81182e-05 7.61642e-05
0.379436 0.1171 0.0852481 0.235623 0.181833 0.000493743 0.000141507 1.97932e-05 6.16255e-05
0.380037 0.126092 0.222382 0.0794357 0.192048
0.395343 0.128564 0.209663 0.176897 0.0891352 0.000397846
0.400372 0.114086 0.208752 0.179254 0.0963162 0.00119122
0.369983 0.134269 0.184995 0.223674 0.0842986 0.00177415 0.000553559 0.000239841 2.36784e-05
0.379412 0.133669 0.182207 0.221952 0.0824476 1.12548e-05 8.98457e-05
0.397792 0.139628 0.166737 0.0694634 0.225618 0.000694908
0.386563 0.127132 0.18371 0.222092 0.0802435 9.83353e-05 0.000133259
0.38699 0.160106 0.129696 0.22908 0.0941192
0.378046 0.179066 0.11642 0.226928 0.0993127 0.000225553
0.371979 0.192582 0.136805 0.0893972 0.209128
0.166584 0.392198 0.130533 0.0840667 0.226444 9.82762e-05 3.23852e-05
0.178392 0.379135 0.129095 0.222956 0.0904197
0.176676 0.404192 0.211389 0.121871 0.0858082 4.54824e-05 1.57238e-05 2.96803e-06
0.184847 0.385487 0.115793 0.234761 0.0791099
0.175414 0.369095 0.130172 0.235899 0.089294 5.27711e-05 2.22822e-05 3.48962e-05 7.98791e-06 1.25813e-06 3.48789e-06
0.168751 0.394005 0.130969 0.220037 0.0853047 0.000763113 8.72097e-05
0.375717 0.182056 0.123499 0.220261 0.0982972 4.36353e-05 9.16999e-05 3.2235e-05
0.39126 0.177278 0.224004 0.128484 0.078891 1.642e-05 4.10467e-05
0.390687 0.17656 0.222955 0.130338 0.0791668 0.000283782
0.400749 0.220615 0.157142 0.124214 0.0967962 0.000388437
0.387749 0.218829 0.178924 0.122293 0.0921034 6.45671e-05 2.96721e-05 2.42894e-06 4.47725e-06
0.385972 0.176168 0.223263 0.130064 0.0842237 5.21748e-05 1.67917e-05 6.80754e-05 0.000147321
0.400432 0.176345 0.217351 0.115841 0.089873 0.000118458 1.50143e-05 4.31365e-07 2.31671e-05
0.381097 0.185124 0.235339 0.122686 0.0756879 4.74777e-05
0.39543 0.224277 0.162102 0.127225 0.0909238
0.382543 0.182661 0.225395 0.123771 0.0854618 0.000134344 1.79584e-05 6.98201e-06
0.374081 0.175282 0.232456 0.133819 0.0841904 0.000167131
0.385596 0.212174 0.167637 0.142736 0.089521 0.00221767 5.11175e-05 2.34866e-05
0.377282 0.230335 0.158019 0.154647 0.0797177
0.207859 0.41232 0.168367 0.127163 0.0842796
0.224977 0.388378 0.167668 0.133703 0.0837445 0.00117992 0.000268603
0.216405 0.172846 0.386207 0.138781 0.085725 2.39678e-05
0.167056 0.21238 0.398771 0.137459 0.0842317 1.15898e-05 5.68385e-05
0.169694 0.223708 0.379445 0.137343 0.089628 0.000160692
0.188423 0.218341 0.376362 0.133367 0.083201 7.8314e-05 0.00021399 1.15906e-05
0.181879 0.371085 0.22163 0.136101 0.0893055
0.175171 0.235045 0.374518 0.124465 0.0907875
0.155758 0.223377 0.393382 0.0923378 0.135114
0.169557 0.400919 0.234943 0.0818517 0.11269
0.403383 0.166362 0.221051 0.0785661 0.129459 0.000906205 6.00841e-05 5.63396e-05
0.394943 0.181921 0.221207 0.0774183 0.124195 1.61981e-06 0.000282318
0.400285 0.161258 0.219593 0.0891117 0.129063 0.000629773 1.48274e-05 3.79298e-05
0.394593 0.217299 0.169787 0.085885 0.132248 0.000180497
0.411604 0.212298 0.0791315 0.175909 0.120666 0.000330427
0.220123 0.402148 0.0926561 0.171087 0.112483 0.00144824
0.390315 0.242894 0.084016 0.163659 0.119085
0.384082 0.079236 0.222894 0.179684 0.133169 0.000872392 6.22534e-05
0.385169 0.0877945 0.226098 0.17758 0.122931 0.000181485 9.19074e-05 3.29316e-05 3.83981e-05 5.25031e-05 1.44455e-05
0.100827 0.398583 0.222555 0.162042 0.115976 8.03312e-06 5.74907e-07 3.11644e-06
0.392449 0.0890736 0.212104 0.172091 0.133891 0.000165027 0.00016346
0.390742 0.078749 0.225276 0.164083 0.140667 0.000338935
0.392936 0.0813804 0.169895 0.22984 0.125943
0.37694 0.0794693 0.173906 0.133839 0.235403 0.000199292
0.38589 0.0780668 0.139459 0.17291 0.223372 0.000148796 0.000137017
0.0948504 0.397024 0.122562 0.159102 0.226061 0.000319836 6.41273e-05 1.44857e-05
0.0883527 0.380617 0.17497 0.125606 0.230109 0.000168329 8.01897e-05 3.71338e-05 3.84241e-05 3.42342e-09 2.16695e-05
0.0824757 0.391765 0.160474 0.237092 0.128088
0.0808286 0.383473 0.186187 0.229916 0.11955 1.88863e-05
0.0767218 0.407584 0.227963 0.157352 0.129729 0.000555324
0.103684 0.387148 0.166814 0.236714 0.105458 9.38441e-05
0.0932766 0.371257 0.166166 0.241301 0.12793 5.71941e-05
0.390478 0.088966 0.16657 0.229283 0.124221 0.000130079 0.000210179 9.02869e-05
0.392255 0.0736091 0.176408 0.23395 0.123569 0.000208549
0.395099 0.0840081 0.161293 0.131213 0.228226
0.403165 0.0870983 0.161683 0.230455 0.117529 5.78983e-05 1.13058e-05
0.391934 0.0903915 0.171852 0.220969 0.124797
0.400973 0.0850343 0.221549 0.158116 0.134323
0.376489 0.0842976 0.22133 0.195159 0.122684
0.388613 0.0778985 0.224537 0.164901 0.144048
0.39208 0.0911437 0.222289 0.169585 0.1239 0.000828941
0.376734 0.0807311 0.22991 0.168294 0.144081
0.40527 0.0820812 0.217882 0.168395 0.126275
0.0931504 0.38519 0.227995 0.158926 0.134673 3.99551e-05
0.0772264 0.413844 0.218609 0.121441 0.168821
0.0859062 0.22508 0.403659 0.131357 0.153856 0.000130384
0.23835 0.0876631 0.372291 0.133392 0.168255 1.38928e-05 9.25167e-06 1.45967e-05 6.71431e-06 4.5829e-06
0.215342 0.0791014 0.40368 0.125893 0.175203 0.000464654 1.59887e-05 5.86507e-05 0.00018516 1.17921e-05 7.18105e-06 1.41576e-05 1.4321e-05
0.0859823 0.212861 0.384998 0.147293 0.168452 0.000121127 0.000244825 3.78995e-05
0.0941065 0.221433 0.39147 0.131155 0.161655 9.34079e-05 3.58154e-05 9.00531e-06 3.38051e-05
0.230093 0.081798 0.384767 0.121588 0.181145 0.000163421 0.000192356
0.232372 0.0842064 0.371764 0.140118 0.171515
0.0935136 0.220034 0.399793 0.135075 0.151384 0.000157429
0.0761672 0.383085 0.221385 0.136513 0.181211 0.00158171 5.27905e-05
0.0857607 0.414931 0.206604 0.157386 0.135243 2.68938e-05 4.50636e-05
0.0882847 0.209199 0.407212 0.157108 0.13814
0.0724069 0.194531 0.429379 0.176238 0.127211
0.0710783 0.208222 0.418241 0.129134 0.173046 0.000250505
0.214608 0.0813564 0.38527 0.142353 0.176398 5.70868e-06 5.99655e-06 2.39804e-06
0.224575 0.0786409 0.128404 0.416569 0.151794
0.212636 0.122198 0.0814592 0.407089 0.176404 8.41768e-05
0.120109 0.225589 0.083845 0.404562 0.165658 0.000194355
0.125672 0.23059 0.399506 0.0830847 0.160511 0.000630466
0.126858 0.408148 0.211804 0.0771742 0.175892 0.000119778
0.125844 0.219095 0.407522 0.0801815 0.167228
0.120454 0.228097 0.388861 0.179854 0.0827023
0.120127 0.232252 0.395547 0.168946 0.0831276
0.230755 0.126526 0.386514 0.176528 0.0793824 0.000112939 1.61448e-05 0.000160279
0.120865 0.219238 0.408932 0.168131 0.0821998 0.000545653 1.62055e-06 2.90307e-05 2.17137e-05
0.128151 0.229605 0.173265 0.386157 0.0810171 0.00077037 0.000864363
0.224515 0.12324 0.163643 0.408299 0.0800667 5.81696e-05 8.55779e-05 9.21233e-05
0.222164 0.15268 0.135113 0.41247 0.0771399 0.000391809 1.6899e-05 1.26989e-05 1.34945e-06 8.53627e-06
0.240604 0.174632 0.385112 0.11298 0.0863575 0.000245734 4.09122e-05 1.66326e-05
0.220136 0.403615 0.165896 0.123618 0.0863655 0.00036919
0.233803 0.176311 0.373914 0.126757 0.0889357 0.000271384
0.222604 0.176782 0.395524 0.120565 0.0844844
0.213653 0.175884 0.388433 0.0953789 0.126566 6.08041e-05
0.22127 0.378325 0.181336 0.0996132 0.118898 0.000554639
0.240617 0.171022 0.377171 0.0930469 0.118087 1.33995e-05 4.3529e-05
0.169098 0.224329 0.397568 0.087254 0.12173 2.529e-06 1.62569e-05
0.220329 0.169215 0.399137 0.092496 0.11881 1.37335e-06 9.28796e-06
0.237478 0.163741 0.392384 0.0921395 0.113889 0.000330289 2.13853e-05
0.223803 0.187177 0.38199 0.114751 0.0922662
0.219307 0.171254 0.393474 0.0933573 0.122413 0.000124677 6.90753e-05
0.215988 0.180198 0.391753 0.120135 0.0918809
0.174641 0.242097 0.37354 0.120814 0.0885421 0.000289385
0.176266 0.371276 0.23277 0.120214 0.0990276 2.542e-05 0.000402034
0.192779 0.385422 0.220266 0.107752 0.0931862 0.000217292 0.000165969 0.000172833 3.69245e-05
0.173247 0.370861 0.231528 0.127288 0.0968906 0.000184862
0.18186 0.394225 0.117988 0.215143 0.0907743
0.382005 0.181103 0.121827 0.217744 0.097302
0.18329 0.381821 0.126461 0.226356 0.0819949
0.397452 0.163369 0.128961 0.22301 0.0871272 7.82953e-05
0.388573 0.168412 0.225989 0.129811 0.0870918 6.33139e-05 5.30599e-05
0.378516 0.163973 0.221413 0.140296 0.0938045 0.000415723 0.00123065 9.71943e-05 5.53109e-06 0.000200011
0.41413 0.164378 0.218572 0.116538 0.0859323 0.000312746 0.000118232
0.385172 0.17851 0.217356 0.122638 0.0958254 0.000464221
0.389097 0.17378 0.219867 0.130579 0.0865362
0.179779 0.366838 0.227051 0.128438 0.0975586 0.0001844 0.00013672
0.371724 0.16925 0.223251 0.135117 0.100042 0.000525271 9.09653e-05
0.384486 0.170684 0.222206 0.13489 0.0871978 0.00016987 9.91884e-05 0.000203982 3.14875e-05
0.402313 0.182902 0.195361 0.131214 0.0871968 0.000999137
0.172528 0.40206 0.222206 0.117081 0.0860942
0.395785 0.164216 0.214648 0.127708 0.0970556 0.000160131 6.52741e-05 0.000313743
0.192628 0.37985 0.207171 0.128981 0.0912927 7.65883e-05
0.169546 0.228423 0.380371 0.125536 0.0960486
0.192681 0.371912 0.219046 0.125915 0.0904432
0.17949 0.389917 0.206715 0.130104 0.0933352 0.000349072 6.86528e-05
0.177962 0.385582 0.219003 0.132995 0.0832762 0.000251836 0.000558208 0.000312315
0.160143 0.386993 0.127469 0.231942 0.0934272 2.59093e-05
0.381062 0.166948 0.11909 0.241132 0.0915088 0.000260296
0.378429 0.135074 0.164986 0.220315 0.101193
0.40063 0.169895 0.130398 0.216493 0.082583
0.364355 0.132879 0.17613 0.220278 0.106356
0.368334 0.160829 0.147402 0.230397 0.0923515 0.000335228 0.000344566
0.382888 0.164218 0.227484 0.134041 0.0913124
0.377275 0.178948 0.121379 0.233621 0.0881742 0.000569453 2.53188e-05
0.3703 0.135779 0.187765 0.221853 0.0842686
0.376034 0.174779 0.139245 0.22348 0.0864618
0.376619 0.166765 0.139372 0.226174 0.0909436 6.65024e-05
0.371158 0.178489 0.138906 0.228727 0.0825286 0.000111261 7.05402e-05
0.386397 0.160312 0.247785 0.131049 0.0743312 0.000111305
0.172336 0.385327 0.234205 0.131968 0.0758366 0.000319673 7.42831e-06
0.159718 0.381003 0.22856 0.0907184 0.139463 0.000484693 3.25195e-05 2.06157e-05
0.185605 0.36801 0.21584 0.0936405 0.136384 0.000154359 5.66005e-05 6.78958e-05 0.000215594
0.169252 0.362932 0.0922873 0.229321 0.145829 1.15019e-05 0.00026211
0.171518 0.378971 0.215182 0.0851173 0.14919 2.16082e-05
0.367874 0.172369 0.230389 0.0955114 0.133857
0.152276 0.399568 0.219843 0.0858876 0.141556 0.000868908
0.175478 0.36135 0.0903388 0.236609 0.135974 0.000250445
0.162769 0.382234 0.0883411 0.139904 0.226728
0.172822 0.0928264 0.373403 0.138793 0.221755 0.00025024 0.000143988
0.165482 0.0862947 0.385029 0.221663 0.141392
0.173688 0.0914637 0.379658 0.210991 0.144043
0.169912 0.372897 0.0791677 0.227766 0.150258
0.379412 0.179744 0.0846402 0.214696 0.141164 0.000290179 3.70949e-05
0.368051 0.176338 0.231828 0.0903557 0.133056 0.000274844 7.45185e-05
0.373674 0.23403 0.15839 0.0865847 0.14729
0.222436 0.359541 0.182583 0.0886114 0.146762 3.93831e-05 2.66554e-05
0.37422 0.206963 0.175324 0.0893675 0.154124
0.229581 0.362579 0.175144 0.0858723 0.146822
0.369701 0.220556 0.185812 0.0738797 0.149947 9.56472e-05
0.377872 0.219924 0.161134 0.0907955 0.150273
0.220329 0.377345 0.159246 0.0895988 0.153324 0.000148344
0.224358 0.360894 0.178957 0.0921704 0.143617
0.219436 0.380653 0.154015 0.150919 0.0936659 0.00126066
