538 210 10 438 10 0 149 468 0 191 0 52 156 0 47 5 1 0 0 0 0 0 0 0 0 0 0 2275
538 210 10 443 10 0 149 466 0 189 0 51 155 48 0 5 1 0 0 0 0 0 0 0 0 0 0 0 0 0 0 0 2275
539 10 209 443 10 0 148 469 186 0 0 52 156 47 0 5 1 0 0 0 2275
536 10 209 445 10 0 148 469 188 0 0 52 156 46 0 5 1 0 0 0 0 0 0 0 0 0 2275
539 10 209 442 10 153 0 471 183 0 0 157 50 45 0 5 1 0 0 0 0 0 0 0 0 0 2275
535 10 207 448 151 10 0 476 180 0 0 157 50 45 0 5 1 0 0 0 0 0 0 0 0 0 2275
534 10 208 446 154 10 470 0 185 0 0 157 49 46 5 0 1 0 0 2275
528 10 210 444 157 10 475 0 180 157 0 0 50 48 5 0 1 0 0 2275
531 10 209 440 160 10 473 177 0 160 0 0 50 49 5 0 1 0 0 0 2275
535 10 209 443 151 477 10 178 0 159 0 0 50 47 5 0 1 0 0 0 0 0 0 0 0 0 2275
10 538 209 436 149 479 11 180 0 161 0 0 50 46 5 0 1 0 0 0 0 0 0 0 0 2275
10 536 207 444 148 473 12 180 0 162 0 52 0 45 5 0 1 0 0 0 0 0 2275
10 549 447 208 154 12 463 180 0 151 0 51 0 44 5 0 1 0 0 0 0 0 0 0 0 2275
10 538 442 215 156 475 5 179 0 154 0 51 0 44 5 1 0 0 0 0 0 0 0 0 0 0 2275
10 538 443 214 153 476 178 5 0 155 0 52 0 45 5 1 0 0 0 0 0 0 0 0 0 0 0 0 0 0 2275
10 539 436 215 158 481 177 5 0 152 51 0 0 45 5 1 0 0 0 0 0 0 0 0 0 0 0 0 2275
10 537 438 213 480 159 5 174 0 155 53 0 0 45 5 1 0 0 0 0 0 0 0 0 2275
10 542 442 213 478 151 177 5 0 153 52 0 0 46 5 1 0 0 0 0 0 0 0 0 2275
10 442 542 213 474 152 177 6 0 155 51 0 0 47 5 1 0 0 0 0 0 0 0 0 0 0 2275
10 442 539 212 476 156 176 6 0 155 50 0 0 47 5 1 0 0 0 0 0 0 0 2275
10 447 541 211 470 154 179 6 0 151 52 0 0 48 5 1 0 0 0 2275
10 447 537 211 473 157 180 0 5 151 52 0 0 46 5 1 0 0 0 0 0 0 0 0 0 0 0 0 0 2275
10 447 530 213 473 160 184 0 5 150 0 51 46 0 5 1 0 0 0 0 0 0 0 0 2275
10 447 529 214 473 161 183 0 5 150 0 46 51 5 0 1 0 0 0 0 0 0 0 0 2275
10 442 539 213 469 156 184 0 5 154 0 46 52 1 4 0 0 0 0 0 0 0 0 0 0 0 0 0 2275
10 439 540 212 470 157 185 0 4 154 0 47 52 1 4 0 0 0 0 0 0 0 0 0 0 0 0 2275
10 445 536 213 469 157 184 0 4 154 0 46 52 1 4 0 0 0 0 0 0 0 2275
11 448 529 213 475 154 0 182 4 155 0 46 53 1 4 0 0 0 0 0 0 0 0 2275
11 449 524 478 212 157 0 181 4 156 0 46 52 4 1 0 0 0 0 0 2275
11 450 529 476 210 157 0 180 5 154 45 0 53 4 1 0 0 0 0 0 2275
11 451 526 475 160 209 0 185 5 150 46 52 0 4 1 0 0 0 0 0 0 0 2275
11 448 530 473 158 210 0 186 5 151 46 51 0 5 1 0 0 0 2275
11 447 535 474 155 212 181 5 0 153 45 51 0 5 1 0 0 0 0 0 0 0 2275
11 529 449 472 158 213 179 5 0 155 46 52 0 5 1 0 0 0 0 2275
11 524 448 470 161 185 211 5 0 156 46 52 5 0 1 0 0 0 0 2275
11 525 447 475 159 184 211 5 0 153 47 52 5 0 1 0 2275
11 526 446 476 158 179 212 5 0 154 49 53 5 1 0 0 0 0 0 2275
525 11 442 469 164 180 212 5 159 0 48 54 5 1 0 0 2275
525 11 449 466 163 183 212 5 157 0 46 52 5 1 0 0 0 0 2275
11 526 445 461 158 214 184 5 162 0 47 52 5 1 1 1 1 0 0 1 2275
11 528 441 466 156 213 185 5 161 47 0 55 5 1 0 0 0 0 0 1 0 0 0 0 0 0 0 0 0 2275
11 523 440 473 152 213 185 5 162 48 0 56 5 0 1 0 0 0 0 1 0 0 0 0 0 0 2275
11 524 440 470 153 213 184 163 5 48 0 57 5 0 1 0 0 0 0 1 0 0 0 0 0 0 0 0 0 0 0 0 0 0 0 0 0 0 0 0 2275
11 438 526 472 152 211 180 167 5 50 0 56 5 0 1 0 0 0 0 1 0 0 0 0 0 0 0 2275
11 438 526 478 151 211 177 164 5 51 0 56 5 1 0 0 0 0 0 1 2275
11 430 533 477 147 212 184 160 5 52 0 57 5 1 0 0 0 0 0 1 0 0 0 2275
11 437 527 476 152 211 182 159 5 51 0 57 1 5 0 0 0 0 1 0 0 0 0 0 0 0 0 0 0 0 0 0 0 0 0 2275
11 438 526 472 156 211 183 159 5 51 0 56 1 5 0 0 0 0 1 0 2275
438 9 531 471 154 211 186 157 5 0 50 56 1 5 0 0 0 0 1 0 0 0 0 2275
435 9 531 470 157 213 183 161 5 0 51 53 1 5 0 0 0 0 1 0 0 0 0 0 0 0 0 0 2275
433 10 539 472 147 215 188 155 6 0 50 53 1 5 0 0 0 1 0 0 0 0 0 0 2275
433 10 480 537 141 216 185 159 6 0 49 52 1 5 0 0 0 1 0 2275
435 11 477 544 139 217 184 152 6 0 50 53 1 5 0 0 0 1 0 0 0 0 0 0 2275
437 11 479 530 141 216 187 156 7 0 50 54 1 5 0 0 0 1 0 0 2275
435 11 479 144 533 215 185 155 7 0 49 54 1 5 0 0 1 1 0 0 0 2275
436 11 478 147 216 529 182 157 8 0 51 53 1 5 0 0 0 1 0 0 0 0 0 0 0 0 0 2275
441 11 479 147 218 523 158 181 8 0 49 54 5 0 0 0 0 1 0 0 0 0 2275
11 442 479 148 218 522 156 181 8 0 49 55 5 0 0 0 0 1 0 0 0 0 0 0 0 0 0 0 0 2275
11 441 482 143 215 529 157 181 8 49 0 53 5 0 0 0 0 1 0 0 0 0 2275
439 8 485 139 215 532 186 152 8 50 0 55 5 0 0 0 0 1 0 0 2275
441 7 477 140 216 535 184 158 8 48 0 55 5 0 0 0 0 1 2275
7 443 475 140 214 535 185 157 9 50 0 54 5 0 0 0 0 1 0 0 0 2275
7 447 471 137 214 532 188 160 9 50 0 54 5 0 0 0 0 1 0 0 0 0 2275
7 449 470 137 214 533 188 159 9 50 0 53 5 0 0 0 0 1 2275
7 452 466 136 214 535 190 156 9 51 53 0 5 0 0 0 0 1 0 0 0 0 0 0 2275
453 6 466 135 210 537 191 160 9 49 54 0 5 0 0 0 0 0 0 0 0 2275
444 6 468 138 213 538 189 159 9 52 54 0 5 0 0 0 0 0 0 0 0 0 2275
437 461 6 146 214 541 191 158 9 53 54 0 5 0 0 0 0 0 0 0 0 2275
438 456 5 142 219 538 201 158 9 55 50 0 4 0 0 0 0 0 0 0 0 2275
441 460 142 5 215 535 196 159 10 55 53 0 4 0 0 0 0 0 2275
439 462 140 5 214 542 195 158 54 9 52 0 5 0 0 2275
435 459 5 138 214 547 200 159 52 54 7 0 5 0 0 2275
432 461 137 217 4 553 199 157 51 52 7 0 5 0 0 0 0 0 0 0 2275
437 462 217 136 5 548 199 158 51 52 7 0 3 0 0 2275
440 461 221 136 548 1 151 200 52 55 7 0 3 0 0 0 0 0 0 0 2275
458 459 139 201 544 1 201 151 52 59 7 0 3 0 0 0 0 2275
447 462 142 208 545 201 1 149 51 59 7 3 0 0 0 0 0 2275
448 460 142 212 540 202 1 148 51 61 7 3 0 0 0 2275
442 463 145 538 213 195 3 153 52 63 7 1 0 0 2275
444 463 143 216 542 195 3 147 51 63 7 1 0 0 0 0 0 0 0 2275
466 437 118 219 558 191 3 154 51 69 8 1 0 0 0 0 2275
468 426 122 221 559 199 3 146 72 50 8 1 0 0 0 0 2275
464 427 129 220 557 192 3 151 72 51 8 1 0 0 0 2275
464 423 133 558 217 194 3 147 74 53 8 1 0 0 2275
468 421 137 553 220 193 3 144 75 52 8 1 0 0 0 0 0 0 0 2275
469 422 141 547 222 189 148 3 74 51 8 1 0 0 2275
473 426 141 538 223 192 145 3 75 50 8 1 0 0 0 0 0 0 0 0 0 0 0 2275
474 417 146 539 225 186 146 3 79 51 8 1 0 0 0 2275
470 421 150 537 225 187 146 3 77 50 8 1 0 0 0 0 0 0 0 0 0 0 2275
471 421 149 532 228 149 184 3 78 50 9 1 0 0 0 0 0 0 0 0 0 0 2275
473 421 149 534 227 150 182 3 77 50 8 1 0 0 0 0 0 0 2275
468 422 150 227 535 149 183 3 78 51 8 1 0 0 0 0 0 2275
419 467 148 226 536 144 192 3 78 53 8 1 0 2275
418 471 149 226 531 193 142 80 2 53 9 1 0 2275
419 471 152 225 532 187 148 79 55 1 1 5 0 0 0 0 0 0 0 0 0 2275
416 473 149 227 536 185 147 80 54 1 6 1 0 0 0 0 2275
416 474 150 228 534 184 148 81 53 1 5 1 0 0 0 0 0 2275
408 472 152 231 538 191 137 86 53 1 5 1 0 0 0 2275
405 471 157 534 231 192 140 85 53 1 5 1 0 0 0 0 0 0 2275
411 476 155 530 229 185 144 85 53 1 5 1 0 0 2275
413 473 533 156 229 180 148 85 51 1 5 1 0 0 0 2275
470 410 537 155 232 180 147 86 51 1 5 1 0 0 0 0 0 2275
466 410 535 156 235 184 146 85 51 5 1 1 0 0 0 0 0 0 2275
466 412 535 155 234 186 146 81 53 1 5 1 0 2275
465 536 417 154 230 187 144 81 54 1 5 1 0 0 2275
467 533 423 153 229 185 143 53 83 5 0 1 0 0 0 0 0 0 0 0 2275
473 534 423 143 228 179 152 85 52 5 0 1 0 0 0 0 0 0 0 0 2275
471 537 420 144 228 179 152 86 52 5 1 0 2275
469 537 421 145 229 179 150 87 52 5 1 0 0 0 0 0 0 2275
465 534 420 144 232 182 152 88 52 5 1 0 0 0 0 0 2275
462 542 420 142 231 179 152 89 52 5 1 0 0 0 0 2275
461 544 415 232 137 181 154 93 52 5 1 0 0 0 2275
465 548 409 234 140 176 95 151 51 5 1 0 0 0 2275
465 545 414 234 175 139 97 149 51 5 1 0 0 0 0 2275
463 538 415 236 183 93 137 152 52 5 1 0 0 2275
463 531 425 235 183 93 135 152 52 5 1 0 2275
460 536 422 236 181 92 138 152 51 6 1 0 0 0 0 0 0 0 0 0 2275
467 530 421 233 177 103 150 136 52 6 0 0 0 0 0 0 2275
464 534 417 235 173 109 134 151 52 6 0 0 0 0 2275
464 532 412 235 176 113 132 153 52 6 2275
464 524 417 235 180 130 116 151 51 7 0 0 0 0 0 2275
471 407 524 237 176 127 121 153 52 7 2275
462 414 525 235 126 178 123 153 52 7 0 0 0 0 0 0 2275
459 411 529 235 128 178 123 154 51 7 0 2275
456 404 530 238 183 126 122 158 51 7 0 0 0 2275
461 404 532 235 179 124 125 155 53 7 0 0 2275
465 409 525 232 177 125 127 155 53 7 0 0 0 2275
459 406 526 229 180 129 133 155 51 7 0 2275
463 403 528 230 132 179 127 155 51 7 0 0 2275
465 407 524 231 134 177 126 153 51 7 0 0 0 0 0 2275
470 405 527 230 136 171 123 155 51 7 0 0 0 0 2275
469 523 399 232 139 176 123 155 52 7 0 0 0 0 0 0 0 0 0 0 0 0 0 0 2275
469 519 400 140 233 177 124 152 54 7 0 2275
465 518 402 144 232 182 124 148 53 7 0 0 0 0 0 2275
469 514 403 231 142 177 125 153 54 7 0 0 0 2275
468 517 409 230 136 174 131 149 54 7 0 2275
514 470 417 230 138 174 124 148 53 7 0 0 0 0 2275
514 413 464 230 147 175 126 145 54 7 0 0 2275
503 467 412 232 152 174 129 146 53 7 0 0 0 0 0 0 0 0 2275
513 467 403 234 173 160 125 142 51 7 0 0 0 0 0 2275
510 470 401 231 171 121 168 144 52 7 0 0 0 0 0 2275
508 395 470 234 174 120 163 150 54 7 0 0 0 0 0 2275
503 396 467 173 234 121 168 152 54 7 0 2275
504 392 466 171 235 176 121 150 53 7 0 0 0 2275
507 467 387 168 237 178 120 151 53 7 0 0 0 0 2275
509 464 387 168 236 174 121 156 53 7 0 0 0 0 2275
503 386 464 173 235 183 118 153 53 7 0 0 0 2275
501 378 465 169 236 186 155 124 54 7 0 0 0 0 0 0 2275
494 386 467 234 165 183 161 125 53 7 0 0 0 0 0 0 2275
503 385 466 233 163 182 155 129 52 7 0 0 2275
496 386 463 233 182 167 161 128 52 7 0 0 0 0 0 0 0 0 0 0 0 0 2275
495 455 388 233 185 169 156 133 54 7 0 0 0 2275
495 454 391 232 190 167 151 135 53 7 0 0 0 0 0 0 0 0 0 2275
499 458 383 232 193 161 149 140 53 7 2275
497 457 385 231 190 159 140 156 53 7 0 0 0 2275
506 449 375 233 166 189 139 158 53 7 0 0 2275
501 451 374 232 169 140 190 158 53 7 0 0 0 0 2275
499 449 378 236 172 139 188 153 54 7 0 0 0 0 0 2275
501 447 376 234 171 139 156 190 54 7 0 0 0 0 0 2275
502 449 378 233 139 168 156 191 52 7 0 0 0 0 2275
505 452 373 233 138 166 193 155 53 7 0 0 0 0 0 2275
503 447 375 235 143 168 191 154 52 7 0 0 2275
459 502 378 235 154 171 194 124 51 7 0 0 0 2275
458 495 377 238 155 174 192 127 52 7 0 0 0 0 2275
445 505 374 235 175 158 193 131 52 7 0 0 0 0 2275
501 453 373 235 174 159 192 129 52 7 0 0 0 0 0 0 2275
493 453 375 234 166 171 188 136 52 7 0 0 2275
491 451 375 168 233 173 190 136 51 7 0 0 0 0 0 0 2275
494 448 374 166 169 238 189 138 52 7 0 2275
494 449 376 169 163 237 193 134 53 7 0 0 0 0 2275
492 450 372 172 167 191 239 131 54 7 0 0 0 2275
486 370 448 172 166 193 238 141 54 7 0 0 0 2275
486 367 169 452 167 191 239 143 54 7 0 0 0 2275
490 369 172 165 445 193 237 143 54 7 0 0 0 0 2275
481 374 170 168 450 189 145 234 57 7 0 2275
484 375 165 453 163 193 145 233 57 7 0 0 0 0 0 0 0 0 2275
478 377 453 166 161 198 145 233 57 7 0 0 0 0 0 2275
480 456 368 169 161 202 141 234 57 7 0 0 0 0 0 0 0 0 0 0 0 0 0 0 0 0 2275
469 454 366 169 172 197 237 146 58 7 0 0 2275
473 452 370 169 173 237 193 144 57 7 0 0 0 2275
472 456 168 369 169 237 195 144 58 7 0 0 0 0 0 0 0 2275
470 456 166 371 173 236 189 149 58 7 0 0 0 0 0 2275
450 473 169 368 177 237 191 148 55 7 0 0 0 0 0 2275
450 468 378 169 177 235 189 146 56 7 0 0 0 0 0 0 2275
448 471 385 169 176 233 145 185 56 7 0 2275
453 389 469 167 173 231 147 183 56 7 0 0 0 0 0 0 0 0 0 0 2275
450 387 474 172 175 233 145 176 56 7 0 0 0 0 0 2275
452 389 472 172 170 236 145 176 56 7 0 0 0 0 0 2275
449 472 378 171 178 236 151 177 56 7 0 0 0 0 0 0 2275
449 479 384 170 175 235 176 145 55 7 0 0 0 0 0 0 0 0 0 0 0 0 2275
484 466 384 173 151 234 179 142 55 7 0 0 0 0 0 2275
481 383 462 178 146 233 178 151 56 7 0 0 2275
477 389 465 173 232 150 181 146 55 7 0 0 0 0 0 0 0 0 0 0 0 0 2275
476 392 172 456 233 152 181 151 55 7 0 0 2275
467 391 170 236 455 154 186 153 56 7 0 0 0 0 2275
391 473 172 233 450 159 186 149 55 7 0 0 0 0 0 0 0 0 0 0 2275
388 470 234 176 450 158 187 150 55 7 0 0 0 0 0 0 2275
382 476 235 168 449 163 191 148 56 7 0 0 0 0 0 0 2275
375 471 168 237 449 162 200 152 54 7 0 0 0 0 0 0 2275
473 370 165 239 440 171 201 155 54 7 0 2275
474 374 238 168 437 167 198 158 54 7 0 0 0 0 0 0 0 2275
368 469 241 172 446 166 194 157 55 7 0 0 0 0 0 0 0 0 0 0 0 0 0 0 0 0 0 0 2275
367 469 237 175 449 194 168 156 53 7 0 0 0 0 0 0 2275
376 474 235 444 172 193 168 153 53 7 0 0 0 0 0 0 2275
375 474 236 448 177 164 191 151 52 7 0 2275
373 480 237 442 177 192 165 151 51 7 0 0 0 0 0 2275
379 478 236 433 176 162 190 162 52 7 2275
386 482 433 236 175 158 188 157 53 7 0 0 2275
384 475 444 178 237 159 190 149 52 7 0 0 0 0 0 0 2275
385 473 439 237 177 156 190 158 53 7 0 0 0 2275
382 475 435 236 180 156 189 161 54 7 0 0 0 0 2275
385 440 476 235 179 155 187 155 56 7 0 0 2275
382 437 470 240 180 155 189 159 56 7 0 0 0 0 0 2275
381 435 475 240 174 154 161 192 56 7 0 0 0 2275
385 431 477 239 179 153 190 158 56 7 0 0 0 0 0 2275
389 429 475 237 174 154 192 161 57 7 0 0 2275
391 435 475 235 178 152 187 158 57 7 0 2275
438 384 470 238 184 151 188 158 57 7 0 0 0 0 0 0 0 2275
437 381 237 467 191 153 187 159 56 7 0 0 0 0 0 0 0 2275
435 235 374 476 188 152 189 163 56 7 0 0 0 0 0 2275
431 378 233 473 187 160 193 157 56 7 2275
437 373 481 236 186 153 193 153 56 7 2275
374 436 479 234 187 155 192 153 58 7 2275
381 434 479 234 185 190 152 157 56 7 2275
378 435 484 235 185 191 152 153 55 7 0 0 0 2275
378 436 481 235 188 152 189 153 56 7 0 0 0 0 2275
381 435 475 190 238 151 186 155 57 7 0 0 2275
389 438 467 236 190 149 187 155 57 7 0 2275
389 440 470 237 190 155 142 189 56 7 0 0 0 0 0 0 0 0 0 0 0 0 2275
391 436 470 235 192 158 186 145 55 7 0 0 0 2275
391 439 471 236 156 185 189 147 54 7 0 0 0 0 0 0 0 0 0 0 0 2275
390 445 470 236 158 185 189 141 54 7 0 0 0 0 0 0 0 0 2275
385 444 473 234 157 190 191 140 54 7 0 0 0 0 0 0 0 0 0 0 2275
386 467 451 236 155 190 191 138 54 7 0 0 0 0 0 0 2275
390 464 452 155 237 186 192 138 54 7 0 0 0 2275
394 462 450 153 236 190 188 142 53 7 0 0 0 0 0 2275
390 457 446 152 236 198 192 144 53 7 0 0 0 0 0 0 2275
457 389 445 154 238 196 193 144 52 7 0 0 0 0 2275
459 392 438 158 239 190 192 147 53 7 0 0 2275
453 389 444 237 158 191 196 146 54 7 0 0 0 2275
453 380 447 157 238 194 195 148 55 8 0 0 0 0 0 2275
465 375 441 161 237 194 145 193 56 8 0 0 0 0 0 0 0 0 0 2275
464 381 441 237 165 191 142 190 56 8 0 0 0 2275
458 382 445 238 161 194 189 143 57 8 0 0 0 0 0 0 0 0 2275
464 385 240 443 161 192 177 147 58 8 0 0 0 2275
462 379 441 242 164 198 176 145 60 8 0 0 0 0 0 0 0 0 0 2275
457 381 441 243 164 179 196 147 59 8 0 0 0 0 0 0 0 0 0 2275
457 383 446 242 159 183 191 149 57 8 0 0 2275
455 384 444 240 188 160 188 151 57 8 0 0 2275
457 395 438 240 162 183 187 148 57 8 0 0 2275
445 400 442 240 184 159 190 150 57 8 0 0 2275
444 397 447 240 183 198 157 146 55 8 0 0 2275
450 392 453 183 242 190 154 148 55 8 0 0 0 0 0 0 2275
453 387 453 186 237 190 156 55 150 8 0 0 0 0 0 0 0 0 0 0 2275
387 459 451 187 237 186 152 55 153 8 0 0 0 0 0 0 0 0 0 0 0 0 0 0 2275
394 453 451 185 235 150 190 55 154 8 0 0 0 0 0 0 0 0 2275
387 458 451 184 234 144 195 57 157 8 0 0 0 0 0 0 0 0 0 2275
387 447 459 187 234 144 194 57 158 8 0 0 0 0 0 0 0 0 0 2275
386 460 455 189 236 137 189 55 160 8 2275
385 463 455 192 236 138 182 57 159 8 0 0 0 0 2275
462 386 451 195 237 137 181 57 161 8 0 0 0 2275
460 382 452 196 140 238 182 56 161 8 2275
462 381 447 193 142 238 185 164 55 8 0 0 0 0 2275
462 377 454 189 138 237 193 163 54 8 0 0 0 2275
458 377 451 194 146 239 189 159 54 8 2275
454 380 452 190 145 190 239 162 55 8 2275
446 475 372 191 140 188 240 160 55 8 2275
451 465 373 189 136 240 191 167 55 8 2275
450 464 372 189 136 242 169 190 55 8 0 0 0 2275
452 461 374 185 135 241 172 190 57 8 0 0 0 0 2275
461 451 373 187 140 240 169 188 58 8 0 0 0 0 0 2275
463 452 367 185 143 170 242 187 58 8 2275
457 449 189 366 147 172 243 186 58 8 0 0 0 0 0 0 0 0 2275
459 452 363 186 149 171 243 186 58 8 0 0 0 0 0 0 0 0 2275
458 447 365 190 149 242 174 182 59 9 0 0 0 0 2275
459 454 366 146 189 244 171 182 55 9 0 0 0 0 0 0 0 0 0 0 0 2275
465 450 366 146 170 247 172 195 55 9 0 0 0 0 2275
460 450 363 150 175 248 173 192 55 9 0 0 0 0 2275
453 468 366 150 178 248 193 154 56 9 0 0 0 0 0 0 0 0 0 0 0 0 2275
464 460 363 150 181 246 190 157 56 8 0 0 0 2275
466 458 359 153 185 248 189 156 53 8 0 0 0 0 0 0 2275
463 453 370 153 187 246 186 154 54 9 0 0 0 0 0 2275
462 461 372 150 185 244 185 153 54 9 0 0 0 0 0 0 2275
461 454 372 151 189 246 188 54 151 9 0 0 0 2275
457 463 372 152 184 246 187 55 150 9 0 0 2275
456 464 378 179 152 248 188 55 146 9 0 0 0 0 0 0 0 0 2275
457 462 377 181 150 247 186 54 151 10 0 0 2275
461 457 377 182 155 245 184 152 53 9 2275
460 456 379 181 153 243 188 152 54 9 0 0 2275
459 381 452 181 154 244 186 155 54 9 0 0 2275
458 375 459 176 150 246 189 158 55 9 0 0 2275
451 468 372 177 147 246 188 161 56 9 0 0 0 0 2275
451 472 369 178 147 248 162 183 56 9 0 0 0 0 0 2275
457 459 371 177 151 250 161 184 56 9 2275
456 463 367 149 157 250 166 201 57 9 0 0 0 0 0 0 0 2275
454 452 376 169 152 249 165 192 57 9 0 0 0 0 0 2275
447 457 377 169 151 248 168 191 58 9 0 0 0 0 0 0 0 0 2275
448 373 454 171 153 248 170 191 58 9 0 0 0 0 0 2275
448 373 457 176 246 149 170 191 56 9 0 2275
446 372 461 176 245 151 167 192 56 9 0 0 0 2275
442 373 462 175 245 156 167 188 57 10 0 0 0 0 0 0 2275
451 371 166 467 246 151 167 188 58 10 0 2275
457 374 164 461 246 155 165 185 58 10 2275
432 367 166 479 247 161 168 189 56 10 0 0 0 2275
450 369 167 468 245 147 175 189 56 9 0 0 0 0 0 0 0 0 0 0 0 0 0 0 0 0 0 2275
451 374 165 459 243 148 178 191 57 9 0 0 0 0 0 0 0 0 2275
453 165 365 462 246 146 183 189 57 9 0 0 0 0 2275
419 167 362 499 245 181 145 191 57 9 0 0 0 0 0 2275
450 163 366 455 247 184 148 196 57 9 0 0 0 0 0 0 2275
451 170 363 450 248 186 151 191 56 9 0 0 0 0 2275
417 176 475 365 247 187 153 190 56 9 0 0 0 2275
436 178 466 359 187 247 148 190 55 9 0 0 0 2275
442 175 452 360 187 245 154 196 55 9 0 0 0 0 0 0 0 0 0 0 0 2275
176 445 449 357 187 244 156 196 56 9 0 0 0 0 0 0 0 0 0 0 0 0 2275
173 444 363 452 183 243 159 194 55 9 0 0 2275
177 443 369 184 447 242 158 193 53 9 0 2275
447 175 372 181 447 245 154 190 53 11 0 0 0 2275
448 368 176 180 438 245 160 194 54 12 0 0 0 0 0 0 0 2275
447 364 175 174 438 246 167 198 54 12 0 0 0 0 0 0 2275
452 365 189 179 439 247 168 170 54 12 0 0 0 0 0 2275
444 370 174 186 443 248 168 176 54 12 0 0 0 0 0 0 0 0 2275
447 373 170 188 439 248 174 170 54 12 0 0 2275
450 373 172 186 441 247 167 175 52 12 0 2275
450 371 170 187 450 246 170 167 52 12 0 2275
454 381 165 187 446 245 164 169 52 12 0 0 0 0 0 2275
448 370 192 171 442 247 165 175 53 12 0 0 0 0 0 0 0 0 2275
452 375 172 190 435 245 163 177 54 12 0 0 0 2275
443 378 169 190 440 244 183 163 53 12 0 0 2275
449 371 174 195 439 244 171 167 53 12 0 0 0 2275
444 376 174 192 441 246 170 53 167 12 0 0 0 0 0 0 0 0 0 0 2275
446 381 179 184 428 247 180 51 167 12 0 0 0 0 2275
448 382 180 188 245 426 178 50 166 12 0 0 2275
380 451 176 185 247 440 173 50 161 12 0 0 2275
376 451 178 245 182 443 176 51 161 12 0 0 0 0 2275
372 448 177 189 246 446 169 52 164 12 0 0 0 0 0 2275
364 450 180 187 250 449 167 52 164 12 0 0 2275
369 440 180 186 446 249 172 51 170 12 0 0 2275
364 442 179 187 452 250 167 172 50 12 0 0 0 0 0 0 2275
369 443 186 180 443 251 168 173 50 12 0 0 0 0 0 0 0 2275
375 444 188 177 445 166 249 168 51 12 0 0 0 2275
370 453 178 189 440 167 250 165 51 12 0 0 0 0 0 0 0 0 0 0 0 0 2275
385 478 168 140 440 247 192 161 52 12 0 0 0 0 2275
377 471 170 446 146 247 188 165 53 12 0 0 0 0 0 0 0 2275
370 471 168 450 249 142 195 165 53 12 0 0 0 0 0 0 0 0 2275
375 462 448 169 244 145 195 172 53 12 0 0 0 0 0 0 0 0 0 0 0 2275
380 454 453 168 243 145 173 195 53 11 0 0 0 0 0 0 2275
383 453 456 168 243 142 194 173 52 11 0 0 0 0 0 0 0 0 0 0 0 2275
384 451 454 168 242 143 195 175 52 11 0 0 2275
386 444 458 164 146 243 195 174 54 11 0 0 0 0 0 0 0 2275
442 384 461 171 148 245 193 168 52 11 0 0 0 0 2275
441 389 457 169 151 244 173 188 52 11 0 0 0 0 0 0 0 0 0 2275
444 387 171 454 152 244 174 185 53 11 0 0 2275
446 384 170 454 156 244 170 186 54 11 0 0 0 0 2275
442 164 382 458 162 246 172 185 53 11 0 0 0 0 2275
447 164 381 456 161 247 187 167 54 11 0 0 2275
448 378 162 450 161 249 191 172 53 11 0 2275
446 382 162 454 248 157 189 172 54 11 0 0 0 0 2275
450 377 161 457 158 248 193 165 55 11 0 2275
448 377 166 453 162 247 165 192 54 11 2275
440 381 170 454 165 247 170 184 53 11 0 0 0 0 0 0 0 2275
456 374 454 165 170 245 162 185 53 11 0 2275
457 447 375 161 177 246 164 184 53 11 0 0 2275
457 444 380 175 164 250 162 179 53 11 0 0 0 0 0 0 0 0 2275
460 440 182 373 163 248 167 176 54 12 0 0 0 2275
458 438 181 374 247 163 168 179 54 13 0 2275
457 439 184 377 246 163 178 164 54 13 0 0 0 0 2275
460 442 187 376 245 162 174 162 54 13 0 0 2275
451 186 446 375 246 167 169 169 53 13 0 0 0 0 0 2275
451 185 448 369 245 167 176 166 54 14 0 0 0 0 0 0 0 2275
450 186 442 379 243 166 174 168 54 13 0 0 0 0 2275
442 186 440 378 245 166 175 177 53 13 0 0 0 0 0 2275
442 185 442 375 244 172 174 175 53 13 0 0 0 0 2275
444 188 445 373 242 175 166 176 54 12 0 0 0 0 2275
451 446 185 370 241 174 165 177 54 12 0 0 0 0 2275
445 446 182 243 374 174 164 181 54 12 0 0 0 2275
453 451 184 243 368 165 162 182 55 12 0 0 2275
454 448 182 242 372 164 163 182 56 12 0 0 0 0 0 0 0 0 0 0 2275
442 461 183 245 370 166 161 180 55 12 0 0 0 2275
447 457 180 374 245 163 163 179 55 12 0 0 0 0 0 0 0 0 0 0 0 0 0 0 0 2275
445 458 180 378 244 160 164 178 56 12 0 0 0 0 2275
440 457 185 374 247 166 162 178 54 12 2275
443 446 185 246 371 181 162 175 54 12 2275
441 452 180 241 372 188 161 174 54 12 0 0 2275
448 440 180 241 375 187 164 174 54 12 0 2275
448 442 244 179 368 185 166 176 55 12 0 0 0 0 2275
446 449 180 243 371 181 166 174 53 12 0 2275
454 446 246 181 368 175 165 174 53 13 0 0 0 2275
442 469 244 180 370 168 162 176 52 12 0 0 0 0 0 0 0 2275
446 476 246 185 363 163 183 148 53 12 0 0 0 0 0 0 2275
444 242 470 186 371 167 180 148 54 13 0 0 0 0 0 0 0 2275
445 480 243 188 356 165 181 151 53 13 0 0 0 0 0 2275
446 242 478 182 362 165 178 156 52 14 0 0 2275
441 244 474 186 363 168 177 155 53 14 0 0 0 0 0 0 0 2275
445 244 471 186 356 175 171 161 52 14 0 0 0 0 0 0 0 0 2275
448 467 242 187 356 172 172 167 50 14 0 0 0 0 0 0 0 2275
457 240 464 186 355 172 172 165 51 13 0 0 0 0 0 0 0 0 2275
456 243 469 191 347 174 169 164 50 12 0 0 0 0 0 0 0 2275
456 245 477 190 340 177 165 164 49 12 0 0 0 0 0 0 0 0 0 0 0 2275
459 471 245 188 342 173 170 165 50 12 0 0 0 0 0 0 0 0 0 0 2275
454 474 244 190 346 174 169 164 48 12 0 0 0 0 2275
478 455 243 193 341 172 171 163 47 12 0 0 0 0 0 0 0 2275
470 456 243 192 346 174 171 164 47 12 0 0 0 0 0 0 2275
477 458 242 192 345 177 159 166 47 12 0 0 0 0 0 2275
476 454 242 193 345 178 160 167 48 12 0 0 0 2275
471 451 245 188 345 178 162 174 49 12 0 0 2275
480 449 192 246 346 173 156 171 50 12 2275
472 448 192 244 351 155 176 174 50 13 0 0 0 2275
473 194 447 245 351 157 172 173 50 13 2275
467 448 193 243 349 161 175 175 51 13 0 0 0 0 0 0 0 0 2275
473 443 194 245 346 161 174 176 50 13 0 0 0 0 2275
472 449 195 241 348 169 160 176 52 13 0 0 0 0 2275
469 449 192 244 349 160 167 181 51 13 0 2275
463 450 188 243 353 168 163 183 51 13 0 0 2275
444 455 188 245 354 176 164 185 51 13 0 0 0 0 0 2275
436 456 189 355 242 185 163 185 51 13 0 0 0 0 0 2275
453 442 193 242 352 180 159 190 51 13 0 0 2275
445 458 191 243 352 174 160 188 51 13 2275
443 460 192 241 350 170 165 190 51 13 0 0 2275
443 467 194 243 343 169 163 189 51 13 0 0 0 0 0 2275
468 442 197 242 338 169 165 189 52 13 2275
442 463 197 238 344 172 165 190 51 13 0 0 0 0 0 0 2275
459 448 197 240 349 171 164 184 50 13 0 0 0 0 0 0 2275
457 443 193 239 357 172 165 185 51 13 0 0 2275
464 451 193 240 354 167 149 192 52 13 0 0 0 2275
449 459 189 241 363 171 152 186 52 13 0 0 0 0 0 0 0 2275
449 457 239 195 358 173 151 186 54 13 0 0 0 0 2275
456 450 240 192 362 174 149 186 53 13 0 0 0 0 0 0 0 2275
455 447 240 190 362 150 176 189 53 13 0 0 0 2275
453 444 240 186 361 157 179 188 54 13 0 0 0 0 0 0 2275
452 241 442 186 360 153 181 192 54 13 0 0 0 0 0 1 2275
434 457 243 189 357 156 179 193 53 13 0 0 0 0 1 0 0 0 0 0 0 0 0 0 0 0 0 2275
442 459 240 191 360 153 172 191 53 13 0 0 0 1 0 0 2275
440 458 243 191 356 163 167 190 53 13 0 0 0 1 0 2275
444 459 243 188 358 161 172 185 51 13 0 0 1 0 0 0 0 0 0 0 0 0 0 0 0 0 2275
446 458 241 190 360 160 167 187 51 14 0 0 1 0 0 2275
437 465 244 190 360 159 188 166 52 13 0 0 1 0 0 0 0 0 0 2275
444 461 243 190 357 158 187 168 53 13 0 1 0 2275
441 450 244 186 368 161 191 167 53 13 1 0 0 0 0 0 2275
451 448 244 188 364 160 185 167 54 13 1 0 0 0 2275
447 454 248 186 158 358 186 170 54 13 1 0 0 0 0 0 2275
447 444 247 186 161 361 190 170 55 13 1 0 0 0 0 2275
445 444 250 187 155 360 196 168 56 13 1 0 0 2275
447 439 247 188 157 361 196 172 54 13 1 0 0 2275
446 436 247 188 158 364 198 170 54 13 1 0 2275
443 437 246 189 161 367 195 172 51 13 1 0 0 0 0 0 2275
444 434 261 163 164 197 374 173 51 13 1 0 0 0 0 0 0 2275
442 437 260 165 167 190 373 176 51 13 1 0 0 0 0 0 2275
442 257 439 165 168 186 382 172 50 13 1 0 2275
439 253 437 164 174 191 381 170 52 13 1 0 0 0 0 0 2275
439 252 437 176 166 189 378 173 51 13 1 0 0 0 0 2275
436 249 436 181 169 194 372 172 52 13 1 0 2275
442 244 431 186 166 189 377 175 51 13 1 0 0 2275
436 244 426 185 177 184 383 176 50 13 1 0 0 2275
435 243 432 184 173 184 383 178 49 13 1 2275
439 244 184 429 173 183 385 175 49 13 1 0 0 0 0 2275
436 242 191 428 186 170 380 177 51 13 1 2275
434 242 189 440 185 170 378 171 52 13 1 0 0 0 0 0 0 0 2275
425 241 187 443 188 176 380 169 52 13 1 2275
428 235 188 436 189 181 382 169 52 14 1 0 0 0 0 0 0 2275
423 235 187 438 189 179 386 172 51 14 1 0 2275
431 191 236 440 181 179 383 167 52 14 1 0 2275
438 186 237 184 431 178 386 169 51 14 1 0 0 0 0 2275
188 440 240 183 431 178 381 167 51 15 1 0 0 2275
190 439 238 185 437 175 375 167 53 15 1 0 0 2275
189 439 237 187 442 375 172 166 53 14 1 0 0 0 0 2275
188 440 240 189 438 371 174 167 53 14 1 0 0 0 2275
445 192 241 185 430 368 176 170 53 14 1 0 0 0 2275
436 188 242 429 189 373 177 173 53 14 1 0 0 0 2275
429 187 244 431 190 374 173 180 52 14 1 0 2275
436 191 242 424 186 377 171 179 54 14 1 0 0 2275
437 192 245 426 188 375 172 174 51 14 1 0 0 0 2275
440 190 244 188 428 375 171 174 50 14 1 0 0 2275
447 187 243 188 429 374 171 172 14 49 1 0 0 0 0 0 0 0 2275
438 190 241 444 190 366 169 171 14 51 1 0 0 0 0 0 0 0 2275
440 190 240 443 191 364 173 168 14 51 1 0 0 0 0 2275
443 190 241 443 190 364 167 170 14 52 1 0 0 0 2275
199 400 240 448 194 358 175 176 17 55 5 3 2 1 2 2275
204 452 250 449 156 375 163 152 15 54 1 0 2 1 1 0 0 0 0 0 0 0 0 0 0 2275
190 451 249 450 171 374 164 153 15 54 1 0 1 1 1 0 0 2275
187 428 247 477 178 371 159 156 15 54 1 0 1 0 1 0 0 0 0 0 2275
190 432 246 473 176 369 162 157 55 13 1 0 0 1 0 0 0 0 0 0 0 0 0 2275
185 440 241 466 180 375 162 155 55 14 1 0 0 1 0 0 2275
185 440 243 459 187 375 162 156 53 13 1 0 0 1 0 0 0 0 0 0 2275
183 442 242 464 191 369 161 155 52 14 1 0 0 1 0 0 2275
183 442 244 453 189 372 162 162 52 14 1 0 1 0 0 0 0 0 0 0 0 0 2275
177 481 244 423 370 190 163 160 51 14 1 0 1 0 0 2275
178 455 244 446 367 191 165 162 51 14 1 0 1 0 0 0 0 0 2275
179 461 241 443 368 192 164 160 51 14 1 0 1 0 0 0 2275
179 460 446 244 365 189 167 157 52 14 1 0 1 0 0 0 0 0 0 2275
179 457 445 243 362 190 170 159 54 14 1 0 1 0 2275
182 446 444 243 362 191 173 166 53 14 0 1 0 0 0 0 0 0 2275
180 453 440 246 361 193 172 162 53 14 0 1 0 0 0 0 0 2275
452 181 442 247 362 191 172 159 54 14 0 1 0 0 0 0 0 2275
444 184 439 247 363 190 174 164 55 14 0 1 0 0 0 0 0 0 0 0 0 0 0 0 0 2275
439 182 443 244 364 191 175 167 55 14 0 1 0 2275
439 178 444 245 366 177 187 170 54 14 0 1 0 0 0 0 0 2275
443 183 245 437 370 176 185 167 54 14 0 1 2275
445 190 245 432 364 179 167 185 53 14 0 1 0 0 0 0 0 0 0 0 0 2275
440 187 434 246 367 179 166 187 54 14 0 1 0 0 0 0 0 0 0 2275
438 180 433 245 373 182 169 186 54 14 0 1 0 2275
442 183 441 244 379 166 164 187 53 15 1 0 0 0 0 0 0 0 0 2275
438 181 438 375 246 174 166 188 53 15 1 0 0 0 0 2275
176 443 439 374 247 172 168 187 54 14 1 0 0 0 2275
444 177 442 372 247 168 173 183 54 14 1 0 0 2275
439 184 436 374 244 175 169 186 53 14 1 0 0 0 0 0 2275
438 182 441 377 244 173 164 55 186 14 1 0 2275
433 177 441 379 243 169 173 55 190 14 1 0 0 2275
442 436 188 375 245 170 171 55 178 14 1 0 0 2275
441 445 190 378 242 162 169 54 179 14 1 0 2275
441 443 193 380 242 165 168 53 175 14 1 0 0 2275
434 439 382 195 243 168 170 53 176 14 1 0 0 0 0 2275
432 444 375 192 247 170 175 173 52 14 1 0 0 2275
438 432 367 192 251 176 175 177 52 14 1 0 0 0 0 0 0 2275
437 425 375 194 249 179 173 176 53 13 1 2275
433 430 371 198 248 179 173 178 50 14 1 0 0 0 0 0 0 0 2275
432 433 373 196 250 177 171 178 49 15 1 0 0 2275
434 386 426 192 246 172 172 182 50 14 1 0 0 2275
429 389 428 245 191 174 174 179 50 15 1 0 0 0 2275
420 392 431 191 244 176 177 178 50 15 1 0 0 0 0 0 0 0 0 0 0 2275
425 394 428 191 246 180 171 176 48 15 1 0 0 0 2275
426 383 434 245 193 182 171 176 48 16 1 0 0 0 0 2275
432 441 380 245 187 178 174 174 47 16 1 0 0 0 2275
433 437 378 246 192 175 174 175 47 17 1 0 0 0 0 0 2275
438 443 376 247 170 192 170 175 48 15 1 0 0 0 0 0 2275
437 379 443 248 169 190 170 175 48 15 1 0 0 2275
431 382 439 249 176 187 172 176 47 15 1 0 0 0 0 0 0 0 0 2275
434 380 441 247 186 170 175 178 47 16 1 0 0 0 0 0 0 2275
433 387 439 247 185 176 166 177 47 17 1 2275
436 383 438 244 180 186 165 177 47 18 1 0 0 0 2275
442 432 377 246 176 183 167 183 49 19 1 0 0 0 0 0 0 2275
443 437 244 378 174 185 167 179 49 18 1 0 2275
433 440 245 379 171 187 181 167 53 18 1 2275
435 426 245 382 174 188 182 169 55 18 1 0 2275
432 429 243 379 174 191 182 171 55 18 1 0 0 0 0 0 0 0 2275
436 426 243 379 174 183 188 171 55 19 1 0 0 2275
439 432 246 377 180 173 189 164 54 20 1 0 0 0 0 0 0 0 0 0 0 2275
441 246 423 383 178 179 185 165 54 20 1 0 0 0 0 0 0 0 0 0 0 2275
441 243 418 382 177 178 190 170 54 21 1 0 0 0 0 2275
441 244 419 375 178 181 190 171 54 21 1 0 0 0 0 0 0 0 0 2275
447 245 419 375 172 179 190 172 54 21 1 0 0 0 0 0 2275
446 245 411 381 173 177 191 175 54 21 1 0 0 0 0 0 0 0 2275
449 247 415 379 175 173 193 168 54 21 1 0 0 0 0 0 0 0 0 0 2275
442 420 248 377 176 175 194 167 54 21 1 0 0 0 0 0 0 0 2275
442 415 249 377 176 177 194 169 54 21 1 0 0 0 2275
419 449 249 370 177 177 191 169 52 21 1 0 0 0 0 0 0 2275
431 435 245 371 184 177 192 167 51 21 1 0 0 0 0 0 0 0 0 0 0 2275
437 433 243 369 182 175 170 192 52 21 1 0 0 0 2275
431 437 242 371 179 175 174 191 51 23 1 0 0 0 0 2275
430 435 244 370 178 181 173 189 51 23 1 0 0 0 2275
427 440 244 369 184 157 189 191 50 23 1 0 0 0 2275
428 440 370 241 183 159 188 190 50 25 1 0 0 2275
429 433 369 246 178 188 168 188 51 24 1 0 2275
430 431 368 246 176 171 188 187 52 25 1 0 0 0 0 0 2275
418 367 435 246 181 172 188 190 51 26 1 0 2275
371 416 436 244 181 170 188 191 51 26 1 0 0 0 2275
417 370 431 243 178 171 191 196 51 26 1 0 0 0 0 0 0 2275
454 398 376 241 179 169 191 190 50 26 1 0 0 0 2275
423 425 374 244 177 174 192 189 51 25 1 0 0 2275
424 424 369 246 185 173 190 188 50 25 1 0 2275
419 427 366 245 184 178 187 193 49 26 1 0 0 0 0 0 2275
419 425 368 246 184 179 194 182 50 27 1 0 0 0 0 0 0 2275
420 427 365 181 248 177 194 184 50 28 1 0 0 2275
416 369 430 182 248 178 193 182 50 26 1 0 0 0 0 0 0 2275
418 433 370 182 246 176 193 180 50 26 1 0 0 0 0 0 0 0 2275
413 437 375 245 176 177 195 181 50 25 1 0 0 0 0 0 2275
415 427 374 246 179 179 194 185 49 26 1 0 2275
411 426 382 246 181 189 183 179 51 26 1 0 0 0 2275
418 420 381 244 180 192 182 178 54 25 1 0 0 0 0 2275
412 421 380 245 179 193 187 182 51 24 1 0 0 0 0 2275
412 420 376 179 246 191 192 182 51 25 1 0 0 0 2275
419 429 370 180 244 191 184 182 51 24 1 0 0 0 0 2275
413 433 372 174 244 191 186 185 52 24 1 0 0 0 2275
435 410 371 178 244 194 183 182 53 24 1 0 2275
437 410 371 175 245 194 180 185 52 25 1 0 0 0 0 2275
440 417 369 175 243 180 192 182 52 24 1 0 0 0 0 2275
438 419 377 172 243 178 191 179 52 25 1 0 0 0 0 2275
426 433 374 170 243 174 193 184 52 25 1 0 0 2275
424 433 374 170 245 176 186 190 52 24 1 2275
423 434 374 172 241 180 188 185 52 25 1 2275
426 435 368 174 241 180 189 185 53 23 1 2275
428 429 368 174 241 181 188 187 53 25 1 0 0 2275
439 431 363 170 243 183 179 192 50 24 1 0 0 0 2275
427 439 367 169 241 185 181 191 51 23 1 0 0 0 0 0 0 0 2275
426 433 366 171 244 183 186 190 51 24 1 0 0 0 0 0 0 0 0 0 0 2275
443 433 367 165 197 245 177 169 54 24 1 0 0 0 0 0 0 2275
430 443 366 170 190 246 175 175 54 25 1 0 0 0 0 0 0 0 0 2275
438 441 180 367 194 245 174 161 51 23 1 0 2275
439 449 182 359 191 247 173 160 52 22 1 0 0 0 0 0 0 0 0 0 0 0 0 0 0 0 2275
440 448 183 360 193 244 172 159 51 24 1 0 0 0 0 0 0 0 2275
445 440 181 363 192 170 244 163 52 24 1 0 0 0 2275
444 183 435 366 191 171 244 165 52 23 1 0 0 0 2275
181 442 439 362 193 176 244 163 52 22 1 0 0 0 0 0 0 0 0 2275
431 185 439 366 192 178 244 165 53 21 1 0 0 0 0 0 0 0 0 2275
440 178 365 435 188 176 249 170 51 22 1 0 0 0 2275
182 435 368 432 184 179 248 171 51 24 1 0 0 2275
187 362 425 435 191 180 249 170 51 24 1 0 0 0 2275
173 361 422 442 190 190 250 170 53 23 1 0 0 0 0 2275
169 436 367 440 185 181 247 171 55 23 1 0 0 2275
171 435 369 434 188 181 246 172 55 23 1 0 0 0 0 0 2275
176 437 367 427 187 246 180 178 53 23 1 0 2275
169 439 369 436 188 249 176 173 52 23 1 0 0 0 0 2275
169 443 361 435 190 177 251 174 51 23 1 0 0 0 0 0 2275
168 445 437 361 189 178 250 171 51 24 1 0 0 0 0 0 0 2275
168 444 363 438 186 178 250 171 52 24 1 0 2275
169 440 363 436 179 187 250 175 52 23 1 0 0 0 0 2275
178 441 361 427 178 191 250 174 52 22 1 0 0 0 0 2275
178 442 365 428 190 179 248 170 52 22 1 0 0 0 0 0 0 0 0 2275
175 442 422 368 190 182 246 174 53 22 1 0 0 0 0 0 2275
179 434 425 367 188 186 246 174 53 22 1 0 2275
438 172 424 369 186 185 245 178 55 22 1 0 0 0 0 0 0 0 0 0 0 0 0 0 0 0 2275
434 170 432 363 192 183 244 178 56 22 1 0 0 0 0 0 0 0 0 0 0 2275
430 173 429 371 182 191 244 178 54 22 1 0 0 0 0 0 0 0 0 0 0 2275
441 193 423 378 164 178 238 181 56 22 1 0 0 0 0 0 0 0 0 0 0 2275
443 188 427 163 374 179 240 184 54 22 1 0 0 0 2275
445 192 426 161 373 241 177 182 54 23 1 0 0 2275
453 194 424 369 160 242 176 180 53 23 1 2275
455 194 423 366 159 242 183 175 54 23 1 0 0 0 0 0 0 0 0 2275
448 194 425 368 241 159 181 179 55 24 1 0 0 0 0 0 0 0 0 2275
453 197 431 368 171 241 174 161 55 23 1 0 0 0 0 0 0 0 0 0 0 2275
192 448 434 369 178 241 175 161 53 23 1 0 0 0 0 0 0 0 0 0 2275
194 472 406 177 370 241 177 160 53 24 1 0 0 0 0 0 0 0 0 2275
203 471 408 368 179 242 174 154 53 22 1 0 0 0 2275
197 464 422 364 177 245 175 155 52 23 1 2275
195 460 433 365 176 242 155 171 54 23 1 0 0 0 2275
197 450 436 370 176 244 160 52 166 23 1 0 2275
195 444 435 366 178 244 160 52 177 23 1 0 0 2275
195 444 432 376 178 243 159 52 172 23 1 0 0 0 0 0 0 0 2275
191 441 430 381 178 163 242 53 173 22 1 0 0 2275
192 432 432 380 165 174 242 54 181 22 1 0 0 0 0 0 0 0 2275
192 433 434 378 166 171 243 53 181 23 1 0 0 0 0 0 2275
197 431 382 438 164 169 241 53 176 23 1 0 2275
195 429 374 442 162 171 242 53 183 23 1 0 0 0 0 2275
195 431 435 373 166 177 242 52 180 23 1 0 0 0 0 0 2275
192 431 433 378 166 174 243 54 180 23 1 0 0 0 0 2275
193 431 433 377 167 244 173 53 180 23 1 0 0 0 0 0 0 0 0 0 0 2275
192 427 433 383 245 172 167 53 177 25 1 0 0 0 0 0 0 0 0 0 0 0 0 0 0 0 0 0 0 2275
195 425 379 434 245 175 168 53 175 25 1 0 0 0 0 0 0 2275
191 427 386 429 244 179 170 173 50 25 1 0 0 0 0 0 0 2275
188 381 433 425 244 178 171 180 50 24 1 0 0 0 0 0 2275
196 379 436 425 245 169 174 176 24 50 1 0 0 0 2275
188 435 387 424 248 170 170 178 25 49 1 0 0 0 2275
442 189 383 428 247 173 168 171 25 48 1 0 2275
447 188 382 431 243 171 168 171 25 48 1 0 0 2275
446 190 380 437 244 169 172 163 25 48 1 0 0 0 0 0 2275
435 189 381 246 443 171 172 164 25 48 1 0 0 0 0 0 0 0 0 0 0 0 2275
438 190 381 245 436 171 176 165 25 47 1 0 0 0 0 0 0 0 0 0 0 0 2275
439 197 379 245 434 164 186 158 47 25 1 0 0 0 0 0 0 2275
443 195 374 246 439 164 154 187 47 25 1 0 0 0 0 0 0 0 0 0 2275
195 453 372 246 429 164 153 189 47 26 1 0 0 0 0 0 0 2275
195 458 372 241 425 158 166 187 48 24 1 0 0 0 2275
191 451 373 428 242 162 168 187 48 24 1 0 0 0 0 0 0 2275
191 457 371 423 243 172 163 181 49 24 1 0 0 0 0 0 0 0 0 0 2275
192 446 378 426 241 161 168 189 50 23 1 0 0 0 0 0 0 0 0 0 0 2275
192 447 379 426 240 165 184 168 50 23 1 0 0 0 0 0 0 0 0 0 0 0 0 0 0 2275
189 448 379 425 239 170 179 174 49 22 1 0 0 0 2275
193 448 379 417 238 167 180 179 51 22 1 0 2275
196 451 377 417 239 165 180 177 50 22 1 0 0 2275
454 198 372 422 240 164 180 172 50 22 1 0 2275
452 188 425 371 243 173 182 170 48 22 1 0 0 0 2275
445 430 189 380 242 167 176 173 50 22 1 0 0 0 0 0 2275
445 436 188 242 376 171 177 167 50 22 1 0 2275
446 189 433 244 376 169 177 168 50 22 1 0 0 0 0 0 0 0 0 0 2275
439 190 434 244 373 173 177 173 49 22 1 0 0 0 2275
436 191 432 243 373 175 184 172 22 46 1 0 0 0 0 0 0 0 0 0 0 0 0 2275
443 192 426 245 375 169 179 175 22 48 1 0 0 0 2275
441 193 243 424 377 169 178 178 23 48 1 0 2275
442 193 243 372 426 172 178 176 24 48 1 0 2275
440 189 370 243 425 176 179 179 24 49 1 2275
437 192 368 424 244 173 187 176 24 49 1 0 0 0 0 2275
438 188 363 428 248 174 185 178 24 48 1 0 0 0 0 2275
448 193 358 427 243 170 177 186 23 49 1 0 0 0 2275
448 192 431 357 246 168 174 186 24 48 1 2275
452 193 422 357 242 173 176 187 23 49 1 0 0 0 0 0 0 2275
454 193 361 423 242 168 176 184 23 50 1 0 2275
457 364 191 421 243 168 175 183 24 48 1 0 0 0 0 0 2275
451 364 190 424 245 172 178 24 178 48 1 0 0 0 2275
449 366 188 425 172 244 175 26 181 48 1 0 0 0 0 0 2275
445 367 188 421 174 245 182 179 25 48 1 0 0 0 0 0 0 0 0 2275
450 365 427 192 170 245 177 175 25 48 1 0 0 0 0 0 2275
446 368 429 189 171 245 178 175 27 46 1 0 0 0 0 0 0 0 0 0 0 2275
444 377 425 190 165 178 243 179 26 47 1 0 0 0 0 0 2275
447 374 426 191 164 176 247 177 25 47 1 0 0 0 0 0 0 0 0 2275
445 373 426 196 163 246 174 178 25 48 1 0 0 0 0 0 2275
445 377 431 167 190 245 170 176 26 47 1 0 0 0 0 0 2275
444 374 433 191 167 245 171 176 26 47 1 0 0 0 0 0 0 0 2275
440 380 423 170 187 243 177 181 26 47 1 0 0 0 0 0 0 0 2275
431 378 423 173 193 177 242 185 26 46 1 0 0 0 0 2275
422 381 431 172 182 175 244 193 28 46 1 0 0 0 0 0 0 0 0 0 0 0 0 2275
380 424 433 172 187 166 246 194 26 46 1 0 0 0 0 0 0 2275
367 436 435 173 169 181 247 195 26 45 1 0 0 0 0 0 0 0 0 0 2275
372 436 440 160 172 180 246 197 26 45 1 0 0 0 0 0 0 0 0 0 0 2275
372 446 435 159 173 177 247 191 27 47 1 0 0 0 2275
371 448 436 162 176 173 188 245 28 47 1 0 0 0 0 0 0 2275
375 447 437 157 175 174 188 245 29 47 1 0 0 2275
370 447 427 168 173 183 186 245 29 46 1 0 0 0 0 0 2275
378 427 449 165 170 183 187 241 28 46 1 0 0 0 0 0 2275
373 431 454 166 169 184 239 184 28 46 1 0 0 0 0 0 2275
370 423 457 170 166 182 245 186 27 48 1 0 0 0 2275
371 443 434 170 181 165 248 187 27 48 1 0 0 0 0 0 0 0 2275
369 445 434 165 165 186 249 185 27 49 1 0 0 0 0 0 2275
366 447 436 165 164 185 250 184 28 49 1 0 0 0 2275
362 455 427 171 159 187 248 189 52 24 1 0 0 2275
366 427 446 175 162 186 248 188 52 24 1 0 2275
376 424 434 174 170 191 250 181 50 24 1 0 0 0 0 2275
376 430 431 171 171 248 188 183 50 26 1 0 0 0 2275
370 431 429 175 175 251 185 183 50 25 1 0 0 0 0 2275
368 441 426 174 173 249 181 187 50 25 1 0 0 0 0 0 0 0 0 2275
367 433 431 180 171 244 183 192 49 24 1 0 0 2275
375 434 426 177 173 243 183 190 49 24 1 0 0 0 0 2275
369 431 427 179 172 246 185 193 49 23 1 0 0 0 2275
367 432 429 172 176 245 189 192 50 22 1 0 0 0 0 0 2275
433 369 432 176 173 243 184 192 50 22 1 0 0 0 2275
440 369 427 174 242 172 184 195 49 22 1 0 0 0 0 2275
436 364 434 172 243 175 195 184 49 22 1 0 0 0 0 0 0 2275
438 365 435 246 175 172 192 180 49 22 1 0 0 0 0 0 0 0 0 0 0 0 0 0 0 0 0 0 2275
450 366 442 247 196 176 188 140 47 22 1 0 0 0 0 0 2275
454 438 370 250 186 176 187 144 47 22 1 0 0 0 0 0 2275
451 435 369 247 175 186 189 153 47 22 1 0 0 2275
435 435 374 244 176 192 191 158 47 22 1 2275
439 439 380 245 174 182 186 159 48 22 1 0 0 0 0 2275
441 438 379 245 169 180 189 163 48 22 1 0 0 2275
444 383 430 244 169 177 189 166 49 23 1 0 2275
441 385 421 244 173 183 168 187 49 23 1 0 0 0 2275
442 377 426 246 172 180 171 189 49 22 1 0 2275
448 368 426 175 248 178 168 190 50 23 1 0 0 0 0 0 0 0 0 2275
441 371 434 175 248 184 164 186 49 22 1 0 0 0 2275
440 372 430 178 245 185 187 166 49 22 1 0 0 0 0 0 0 2275
439 378 425 175 180 243 190 173 48 23 1 0 0 2275
441 378 434 169 180 242 190 171 47 22 1 0 2275
439 372 436 169 179 242 194 171 48 24 1 0 0 0 2275
437 374 430 170 184 192 243 171 48 25 1 0 2275
440 373 432 170 182 189 244 169 49 26 1 0 0 0 2275
439 373 171 434 181 192 244 166 49 25 1 0 2275
442 370 173 429 191 191 244 161 49 24 1 0 2275
441 376 172 429 189 242 189 163 49 24 1 0 0 0 2275
440 372 172 429 244 185 192 165 49 26 1 0 0 0 0 0 2275
443 372 172 433 244 183 189 164 49 25 1 0 0 0 0 0 2275
445 367 174 243 434 186 188 164 49 24 1 0 0 2275
369 422 173 245 453 185 188 166 49 24 1 0 2275
370 430 245 167 438 189 191 169 51 24 1 0 0 0 2275
436 370 244 165 439 186 193 165 51 25 1 0 2275
439 372 241 163 437 184 196 166 51 25 1 0 0 0 0 2275
442 374 241 439 162 185 192 159 54 26 1 0 0 2275
444 374 240 436 164 184 194 159 52 27 1 0 0 0 0 0 2275
441 375 240 433 163 188 193 163 51 27 1 0 0 0 0 2275
435 374 240 438 164 191 195 160 50 27 1 0 0 0 2275
437 372 242 427 169 196 165 189 50 27 1 0 0 0 0 0 2275
432 242 365 430 177 198 166 187 50 27 1 0 0 0 0 0 0 0 0 2275
436 243 364 431 176 196 164 189 49 26 1 0 0 0 0 0 0 2275
431 244 366 433 177 196 166 187 49 25 1 0 2275
239 424 372 435 176 196 168 190 49 25 1 0 0 0 2275
242 425 369 438 175 164 196 191 49 25 1 0 2275
243 427 363 434 182 164 197 191 48 25 1 0 0 0 0 0 0 0 2275
245 428 363 433 166 179 194 192 48 26 1 2275
242 421 374 433 170 180 193 186 48 27 1 0 0 0 0 0 0 2275
243 427 371 437 163 179 193 187 48 26 1 0 0 0 0 0 0 0 0 0 2275
242 426 369 440 163 179 188 194 49 24 1 0 0 0 0 0 0 0 0 0 0 0 2275
242 417 447 372 168 175 188 190 50 25 1 0 0 2275
244 426 443 366 167 170 190 192 50 26 1 0 0 0 0 0 0 0 0 0 0 0 2275
243 426 446 371 167 170 190 186 50 25 1 0 0 0 0 0 0 2275
246 428 372 446 168 166 187 185 50 26 1 0 0 0 0 0 0 0 0 0 0 0 0 2275
249 429 368 443 170 166 185 184 52 28 1 0 0 0 0 0 0 0 0 0 0 0 0 2275
244 440 373 439 164 167 186 182 53 26 1 0 0 0 0 0 0 2275
245 434 438 374 164 172 187 182 52 26 1 0 0 0 0 0 0 0 2275
244 440 435 370 164 180 173 191 51 26 1 0 0 0 0 0 0 2275
246 426 441 377 171 176 174 186 51 26 1 0 0 0 0 2275
246 432 442 173 374 166 179 187 51 24 1 0 0 0 0 0 0 2275
245 434 447 168 375 167 175 187 52 24 1 0 0 0 0 2275
246 429 444 167 380 173 173 186 52 24 1 0 2275
247 430 168 438 376 174 176 189 52 24 1 0 0 0 0 0 0 0 0 0 0 0 2275
246 429 167 434 374 180 180 188 52 24 1 0 0 0 0 2275
433 245 166 439 376 177 173 189 52 24 1 0 0 0 0 0 0 0 0 0 0 0 0 0 2275
432 247 168 431 378 172 183 187 52 24 1 0 0 0 0 0 0 0 0 0 0 0 0 2275
433 247 436 164 379 172 178 186 53 26 1 0 0 0 0 0 0 0 0 0 0 2275
432 249 433 377 161 177 180 184 54 27 1 0 0 0 0 0 0 0 2275
430 249 426 382 164 176 180 185 55 27 1 0 0 0 0 0 2275
424 249 426 377 168 177 185 185 55 28 1 0 0 0 0 0 0 0 0 0 0 2275
421 251 427 374 168 184 178 189 55 27 1 0 0 0 0 0 2275
424 250 432 377 170 178 176 185 55 27 1 0 0 0 0 0 2275
422 247 431 379 169 174 181 189 55 27 1 0 0 0 2275
427 426 247 374 172 176 184 188 53 27 1 0 0 0 2275
423 427 247 372 172 191 173 190 53 26 1 0 0 0 0 0 2275
424 426 248 376 171 187 169 193 54 26 1 0 0 0 0 2275
425 430 247 376 191 172 163 190 53 27 1 0 0 0 0 0 0 0 0 2275
433 248 424 379 190 174 163 184 52 27 1 0 0 0 0 0 0 0 0 0 0 2275
434 248 424 379 189 174 165 184 51 26 1 0 0 0 0 0 2275
424 246 420 390 188 172 170 53 183 28 1 0 0 0 0 0 2275
427 245 420 186 385 168 174 54 189 26 1 0 0 0 0 2275
427 244 423 387 183 164 175 54 190 27 1 0 0 0 0 0 2275
421 244 428 388 183 168 172 54 189 27 1 0 0 0 0 0 0 0 0 0 0 0 2275
422 245 427 382 182 168 177 56 188 27 1 2275
420 242 428 380 183 169 56 178 191 27 1 0 0 0 0 2275
423 242 432 379 181 171 55 177 188 26 1 2275
427 241 434 379 184 167 55 173 188 26 1 0 2275
423 433 241 381 185 167 55 175 188 26 1 2275
430 426 243 382 183 168 176 56 184 26 1 0 2275
429 430 239 385 180 166 176 56 187 26 1 0 0 0 2275
437 427 240 386 181 165 174 184 53 27 1 0 0 0 2275
435 429 239 382 164 183 172 190 52 28 1 0 0 0 0 0 0 0 2275
430 423 241 380 167 179 187 187 52 28 1 0 2275
426 434 243 378 161 181 184 187 52 28 1 2275
431 426 241 384 162 180 182 188 52 28 1 0 0 0 0 0 0 0 0 0 2275
435 425 241 386 162 179 176 190 29 51 1 0 2275
433 426 242 163 386 180 174 191 28 51 1 0 0 0 0 0 0 0 0 0 0 2275
436 431 242 166 383 178 191 169 28 50 1 0 0 0 0 0 0 2275
439 426 242 169 381 178 191 169 29 50 1 0 0 0 0 2275
443 437 241 171 376 181 197 150 28 50 1 0 2275
438 435 243 174 375 183 191 159 49 27 1 0 0 0 2275
447 423 239 175 374 192 193 154 50 27 1 0 0 2275
441 424 238 179 378 194 189 153 51 27 1 0 0 0 0 0 0 0 2275
446 422 238 179 382 193 182 154 50 28 1 0 0 0 0 0 0 0 2275
444 425 179 239 379 192 184 157 49 26 1 0 0 0 0 0 0 0 0 2275
443 431 177 243 373 192 184 157 49 25 1 0 0 0 0 0 0 0 2275
448 430 181 243 372 189 156 180 51 24 1 0 0 0 0 0 0 0 0 0 0 0 0 0 0 0 0 2275
451 432 174 373 244 191 156 178 51 24 1 0 0 0 0 0 0 0 0 0 0 0 0 2275
449 426 181 372 246 190 155 179 52 24 1 0 0 0 0 0 0 0 0 2275
443 180 425 379 246 190 155 178 52 26 1 0 2275
434 189 427 379 245 190 151 179 54 26 1 0 0 0 0 0 0 0 0 0 0 2275
438 183 428 381 247 186 179 151 55 26 1 0 2275
438 178 422 385 246 186 181 157 55 26 1 0 0 0 0 0 2275
439 172 425 388 245 189 181 151 57 27 1 0 0 0 0 0 0 2275
438 174 437 392 243 167 192 151 26 54 1 0 0 0 2275
441 174 438 391 243 189 165 156 26 51 1 0 0 0 0 2275
447 169 440 388 241 192 163 157 24 53 1 0 0 0 2275
439 174 441 394 242 190 161 156 24 53 1 0 0 2275
439 177 441 389 242 191 161 158 24 52 1 0 0 2275
440 175 442 385 245 188 161 163 51 24 1 0 0 0 0 0 0 0 0 2275
176 445 437 385 242 190 162 163 49 25 1 0 0 0 0 0 2275
175 440 448 385 242 191 166 153 49 25 1 0 0 0 0 0 2275
180 441 441 387 243 188 165 154 50 25 1 0 0 0 0 0 0 0 0 0 0 0 0 0 0 0 0 0 0 2275
175 444 443 390 243 188 166 151 49 25 1 0 0 0 0 0 0 0 0 2275
171 446 379 448 243 188 169 155 50 25 1 0 0 0 0 0 0 0 0 0 0 0 0 2275
167 452 373 248 440 183 176 160 49 26 1 0 2275
167 454 370 245 440 187 178 158 50 25 1 0 0 0 0 0 0 0 0 0 2275
167 449 370 246 439 188 160 177 52 26 1 0 0 0 0 0 2275
166 443 378 442 244 185 160 177 54 25 1 0 0 2275
166 435 383 441 245 165 181 178 54 26 1 0 0 2275
169 433 384 440 246 183 165 173 55 26 1 0 0 0 2275
170 437 382 435 185 245 162 173 57 28 1 0 0 0 0 0 2275
171 437 375 188 436 245 163 176 55 28 1 0 2275
167 433 375 190 437 243 177 167 56 29 1 0 0 0 0 0 0 0 0 0 2275
167 435 373 189 436 245 176 169 56 28 1 0 0 0 0 0 2275
170 435 372 188 434 175 248 168 56 28 1 0 0 0 0 0 0 0 2275
172 436 371 190 431 179 165 246 57 27 1 0 0 0 0 0 2275
173 438 377 192 433 162 174 242 56 27 1 0 0 2275
175 436 377 192 437 162 240 171 57 27 1 0 0 0 0 0 0 0 0 2275
433 175 378 190 438 164 239 173 58 26 1 0 0 0 0 0 0 0 0 0 0 2275
430 170 384 192 437 160 242 176 26 57 1 0 0 0 0 0 0 0 0 2275
425 173 384 432 193 164 241 178 28 56 1 0 0 0 0 0 0 0 0 0 0 0 0 2275
425 174 432 384 190 165 242 178 28 56 1 0 0 0 0 0 0 2275
435 174 429 382 192 162 241 177 57 25 1 0 0 0 0 0 0 0 0 0 2275
436 167 435 381 193 165 240 177 56 24 1 0 0 0 0 0 0 0 2275
436 169 432 192 378 169 241 176 56 25 1 0 0 0 0 2275
440 163 449 196 381 154 241 171 55 24 1 0 0 0 0 0 0 0 0 0 2275
439 164 195 447 382 157 239 171 56 24 1 0 0 0 0 0 2275
171 430 191 443 392 159 237 172 55 24 1 0 0 0 2275
175 188 429 440 387 157 241 177 54 26 1 0 0 0 0 0 0 2275
189 172 428 441 384 156 241 184 52 27 1 0 0 0 0 0 2275
174 189 427 437 380 162 243 182 52 28 1 0 2275
176 190 421 441 379 244 162 181 53 27 1 0 2275
174 191 429 443 377 242 179 161 52 26 1 0 0 0 0 2275
172 189 434 442 379 241 179 159 53 26 1 0 0 0 0 0 2275
174 448 194 442 369 240 172 158 52 25 1 0 0 2275
175 439 188 374 441 243 170 165 52 27 1 0 0 0 0 2275
176 439 190 437 370 244 168 170 52 28 1 0 0 0 0 0 0 2275
436 179 192 439 369 243 165 172 52 27 1 2275
434 180 195 436 368 243 166 173 52 27 1 2275
431 167 437 195 371 242 171 181 51 28 1 0 0 2275
424 440 169 196 371 241 172 180 53 28 1 0 0 0 0 2275
439 434 171 196 369 169 240 176 52 28 1 0 0 2275
429 428 176 196 374 173 176 243 51 28 1 0 0 0 0 0 0 2275
422 441 176 371 190 167 183 245 51 28 1 0 0 0 0 0 0 0 0 0 2275
422 441 175 367 197 180 169 244 51 28 1 0 0 0 0 2275
426 437 176 371 193 181 167 51 244 28 1 0 0 0 0 0 0 0 2275
427 445 178 366 197 178 162 50 243 28 1 0 0 0 0 0 0 0 0 2275
429 443 180 367 192 178 162 52 243 28 1 0 0 0 0 0 0 0 0 0 0 0 0 2275
421 438 166 388 197 166 175 52 243 28 1 0 0 2275
442 422 172 383 187 167 176 52 245 28 1 0 0 0 2275
440 423 177 378 169 184 177 53 245 28 1 0 0 0 0 0 0 2275
448 422 184 370 166 176 181 54 245 28 1 0 0 0 0 0 2275
445 429 189 374 159 172 181 242 54 29 1 0 0 0 2275
449 434 193 365 168 160 179 242 56 28 1 0 0 0 0 0 0 0 2275
444 436 194 363 167 180 164 245 54 27 1 0 2275
446 429 193 368 170 166 178 242 54 28 1 0 0 0 0 2275
441 430 193 367 167 167 185 241 55 28 1 0 0 0 0 0 0 0 0 2275
426 443 190 373 164 170 181 241 55 31 1 0 0 0 0 0 0 2275
431 441 191 364 163 188 170 240 56 30 1 0 0 2275
422 443 191 369 167 186 168 241 56 31 1 0 0 0 0 2275
444 422 190 369 170 184 166 241 56 32 1 0 0 0 0 0 0 0 0 0 0 0 0 0 0 2275
448 429 189 361 188 157 169 244 56 33 1 2275
453 430 188 364 152 185 168 247 56 31 1 0 0 0 0 2275
451 418 191 369 159 180 171 247 56 32 1 0 0 0 0 0 0 0 0 2275
416 452 194 374 156 181 167 244 58 32 1 0 0 0 0 2275
422 453 191 371 158 178 246 167 56 32 1 0 0 0 0 0 2275
419 457 196 364 163 179 246 162 56 32 1 0 0 0 2275
420 450 194 367 186 161 244 165 56 31 1 2275
416 453 195 362 161 186 245 168 56 32 1 0 2275
422 197 453 362 165 185 246 158 55 31 1 0 0 0 2275
421 447 191 366 170 187 245 161 54 32 1 0 2275
423 448 188 367 174 185 159 244 54 32 1 0 0 0 2275
417 189 449 360 174 190 160 245 55 35 1 2275
412 189 445 363 173 193 247 164 55 33 1 0 0 0 0 0 0 0 0 0 2275
415 191 443 359 174 194 246 161 59 32 1 0 0 0 0 2275
409 194 448 359 176 196 247 158 55 32 1 0 0 2275
196 373 486 361 172 191 245 161 57 32 1 0 0 2275
193 404 362 450 176 198 246 159 56 30 1 0 0 0 0 2275
415 192 361 439 173 201 249 159 56 29 1 0 0 0 0 0 0 0 0 0 0 2275
415 192 362 436 174 201 247 161 56 30 1 2275
191 409 366 439 172 197 248 166 57 29 1 0 0 2275
191 406 368 437 175 195 246 170 57 29 1 0 0 0 0 0 2275
187 404 376 434 175 244 198 169 57 30 1 0 0 0 0 0 0 2275
190 409 367 438 176 197 244 166 56 31 1 0 0 0 2275
407 191 372 437 179 195 243 163 56 31 1 0 0 0 0 0 0 0 0 0 2275
412 191 367 434 176 244 195 167 56 32 1 0 0 0 0 0 0 2275
408 191 372 438 178 242 165 193 55 32 1 0 0 0 2275
416 189 367 439 175 242 164 192 56 34 1 0 2275
187 420 371 436 174 243 165 188 55 35 1 0 0 0 0 0 0 2275
189 416 368 443 174 244 164 186 56 34 1 0 0 0 0 0 2275
190 424 371 432 171 173 240 187 54 32 1 0 0 0 0 0 0 2275
192 423 368 429 170 175 242 190 53 32 1 0 0 0 2275
193 427 371 423 168 175 244 188 51 34 1 0 0 0 2275
191 427 364 424 175 172 247 190 50 34 1 2275
190 421 370 427 173 172 247 188 50 36 1 0 0 0 2275
192 428 361 427 166 247 173 194 51 35 1 0 0 0 2275
431 195 365 427 168 244 188 172 51 33 1 0 0 0 0 0 2275
192 419 373 425 173 244 188 173 51 36 1 0 0 0 2275
191 425 425 367 169 245 191 174 51 36 1 0 0 2275
192 423 428 364 248 171 186 174 51 37 1 0 0 0 0 0 0 0 2275
190 421 426 371 246 176 185 170 52 37 1 0 0 0 2275
189 414 428 378 245 173 169 187 53 38 1 0 0 0 0 2275
190 403 430 379 177 244 171 188 54 38 1 0 0 0 0 0 0 0 0 0 0 0 0 0 2275
192 408 376 432 177 242 170 187 52 38 1 0 0 0 0 0 0 0 0 0 0 0 2275
191 409 380 427 175 244 173 187 50 38 1 0 0 0 0 2275
193 408 375 179 428 246 171 183 50 41 1 0 0 0 0 0 0 0 0 0 0 0 0 0 0 0 0 0 0 0 2275
192 410 365 434 175 248 173 184 51 42 1 0 0 0 0 0 0 0 0 2275
195 400 364 437 177 247 177 186 50 41 1 0 0 0 0 2275
196 398 383 444 176 250 163 173 50 41 1 2275
182 408 381 432 177 244 183 177 41 49 1 0 0 0 0 0 0 2275
191 402 379 432 175 245 181 179 49 41 1 0 0 0 0 0 2275
190 401 388 179 440 246 178 161 50 41 1 0 0 2275
192 386 397 178 438 247 180 161 51 44 1 0 0 0 0 0 0 0 2275
380 192 395 177 437 247 186 163 51 46 1 0 0 0 0 2275
378 394 191 180 435 247 186 165 51 47 1 0 0 0 2275
404 380 189 179 428 248 185 162 52 47 1 0 0 0 2275
399 368 185 438 178 248 193 163 53 49 1 0 2275
374 399 186 432 171 245 196 166 54 51 1 0 0 0 2275
401 369 181 437 166 247 199 167 53 54 1 0 0 0 0 0 0 0 0 0 2275
406 371 162 441 247 166 195 181 54 51 1 0 0 0 0 2275
404 370 163 445 246 172 178 196 52 48 1 0 0 0 0 0 2275
406 370 161 247 442 169 186 193 52 48 1 0 0 0 0 0 2275
408 368 248 163 443 169 182 193 52 48 1 0 0 0 0 0 0 0 0 0 0 0 0 0 0 0 2275
407 370 248 156 443 171 182 195 52 50 1 0 0 0 0 2275
408 375 244 155 446 183 171 191 52 49 1 0 0 0 0 2275
403 379 245 436 163 182 177 188 53 48 1 0 0 0 0 2275
406 375 244 439 164 179 189 179 52 47 1 0 0 0 0 2275
407 377 242 450 183 177 191 146 52 49 1 0 0 0 2275
410 244 378 453 179 178 187 144 52 49 1 0 0 2275
418 244 386 180 440 179 186 143 52 46 1 0 0 2275
414 243 390 183 434 174 191 143 52 50 1 0 0 0 0 0 2275
413 244 383 185 432 173 193 146 53 52 1 0 0 0 0 0 0 0 2275
409 249 383 187 429 177 189 145 54 52 1 0 0 0 2275
410 250 381 192 423 191 177 145 55 50 1 0 0 0 0 0 0 0 0 2275
248 415 379 192 424 192 181 138 54 51 1 0 0 0 0 0 0 0 0 0 0 0 2275
248 407 196 379 421 192 184 138 59 50 1 0 0 0 0 0 0 0 0 0 0 0 0 0 0 0 2275
248 413 195 421 373 197 179 135 63 50 1 0 0 0 0 0 0 0 0 2275
247 402 190 421 382 196 179 139 68 50 1 0 0 0 0 0 0 0 0 2275
250 159 400 423 397 205 181 135 73 51 1 0 0 2275
247 401 170 428 394 193 182 135 72 52 1 0 0 0 0 0 0 2275
246 401 180 393 430 184 177 135 75 53 1 0 0 2275
245 400 183 394 177 438 176 132 77 52 1 0 0 0 2275
247 395 184 395 178 432 180 131 80 52 1 0 0 0 0 0 0 0 0 2275
247 391 184 390 180 428 184 131 87 52 1 0 0 0 2275
249 186 384 388 183 426 182 131 93 52 1 0 2275
248 188 381 383 180 429 182 133 98 52 1 2275
250 188 386 378 179 428 176 137 99 53 1 0 2275
247 189 373 379 181 430 183 136 104 52 1 0 0 0 0 2275
193 250 374 373 183 428 177 137 107 52 1 0 0 0 0 0 0 0 0 2275
252 192 370 369 183 430 176 134 115 53 1 0 0 0 0 0 0 2275
250 365 193 369 181 430 180 134 120 52 1 2275
249 358 193 373 180 429 178 134 127 53 1 0 0 0 0 0 2275
246 188 349 380 180 429 184 132 133 53 1 0 0 0 0 0 2275
250 187 347 375 187 421 180 144 131 52 1 0 0 0 0 0 2275
249 187 344 377 183 419 177 153 133 52 1 0 0 2275
246 185 346 378 180 422 154 173 136 54 1 0 0 0 0 2275
246 186 344 377 421 179 158 173 136 54 1 0 0 2275
248 191 343 420 369 181 161 175 133 53 1 0 0 0 0 0 0 2275
246 195 422 344 365 178 165 174 130 55 1 0 0 0 0 0 0 0 0 2275
247 191 421 342 372 178 167 171 130 55 1 0 0 0 0 0 2275
246 192 423 368 342 180 168 171 129 55 1 0 0 0 0 0 0 0 2275
245 186 419 373 341 179 175 132 169 55 1 0 0 0 0 2275
246 416 187 367 345 179 177 133 169 55 1 0 0 0 0 2275
248 416 188 346 364 181 182 128 166 55 1 0 2275
247 419 342 188 369 177 183 127 167 55 1 0 0 0 0 2275
249 422 336 371 185 176 184 126 171 54 1 0 0 0 0 2275
248 336 418 372 187 175 186 128 170 54 1 0 0 2275
248 333 370 425 186 174 187 126 171 54 1 0 2275
246 340 363 426 190 193 172 128 162 54 1 0 0 0 2275
250 339 424 362 190 193 174 127 161 54 1 0 2275
250 339 421 367 189 196 171 128 159 54 1 0 0 0 0 0 2275
249 336 422 373 185 197 173 127 159 53 1 0 0 0 0 0 0 2275
