1.02214
0.94271
0.94271
0.94271
0.545995
0.857508
0.857508
0.939997
0.939997
0.939997
0.939997
0.939997
0.939997
1.20218
0.93703
0.93703
0.746855
0.746855
1.0721
1.0721
0.411905
0.411905
0.411905
0.411905
0.411905
0.664336
1.11501
1.11501
1.11501
0.9448
0.9448
0.9448
0.9448
0.509978
0.509978
0.509978
0.509978
0.509978
0.509978
0.509978
0.509978
1.02743
1.02743
0.780252
0.654105
0.684896
0.650753
0.650753
1.24206
0.671467
0.671467
0.671467
0.823504
0.823504
0.803208
1.02484
1.1931
0.910751
1.93322
1.83445
1.83445
1.83445
1.83445
1.49848
1.49848
1.49848
1.49848
0.651796
1.06131
1.06131
0.703383
0.669424
1.152
0.681985
1.30662
0.860272
1.36103
1.14849
1.38513
1.38513
0.648592
0.832638
0.832638
0.832638
0.93727
0.93727
0.93727
0.93727
0.849855
0.849855
0.849855
0.849855
1.04406
1.04406
1.04406
0.865204
0.865204
0.865204
0.371898
1.5388
1.5388
1.5388
1.09332
1.09332
1.09332
1.09332
1.09332
1.34745
1.34745
1.34745
1.34745
1.34745
0.762016
0.762016
0.762016
0.762016
0.428226
0.428226
0.428226
0.428226
0.70994
0.70994
0.70994
0.70994
0.70994
0.873926
0.873926
0.873926
0.873926
1.38779
1.1053
1.40267
1.40267
1.40267
1.40267
1.40267
1.40267
0.732875
1.3065
0.547437
0.547059
0.547059
0.3321
0.863161
0.863161
0.863161
1.13293
1.13293
0.697155
0.697155
0.697155
0.697155
0.697155
0.697155
0.697155
0.697155
0.697155
0.697155
0.697155
0.697155
0.697155
0.697155
0.697155
0.834784
0.736841
0.736841
0.736841
0.947966
0.947966
0.947966
0.947966
0.947966
0.947966
1.57863
1.4953
1.2084
1.2817
0.563377
0.563377
0.563377
0.548063
0.548063
0.548063
0.548063
0.548063
1.23432
0.555541
0.555541
0.536619
0.536619
0.536619
0.536619
0.560615
0.605195
0.62567
0.487132
0.487132
0.368157
0.368157
0.368157
0.671823
0.583636
1.0988
1.0988
0.829396
0.829396
1.05817
0.743541
0.743541
0.743541
0.800843
0.800843
0.800843
0.79771
0.79771
1.07316
1.07316
0.605182
0.605182
0.521719
1.10827
0.704939
0.704939
0.704939
1.11813
1.22516
1.22516
0.859042
0.859042
1.18562
1.18562
1.40811
1.40811
0.728165
0.728165
0.707554
0.615895
1.49958
1.70579
1.70579
1.70579
1.70579
1.13796
1.13796
1.13796
1.13796
0.520946
0.851087
0.795131
0.760385
0.760385
0.760385
0.476942
1.16811
1.3451
1.3451
1.3451
1.3451
0.868568
0.868568
0.621746
0.593051
0.593051
1.07284
1.07284
1.07284
1.07284
0.706647
0.706647
0.706647
0.689826
0.689826
0.772285
1.51508
1.51508
1.51508
1.51508
0.975619
1.25571
1.05443
1.05443
1.05443
1.05443
1.05443
1.05443
1.82488
1.28636
1.28636
1.28636
1.28636
1.03978
0.657869
0.657869
0.614644
0.614644
0.614644
0.614644
0.614644
0.847166
0.618356
0.618356
0.618356
0.618356
0.618356
0.618356
0.618356
1.24443
1.01091
1.01091
0.54868
0.54868
0.403962
0.403962
0.403962
0.403962
0.403962
0.279112
0.279112
0.906684
0.906684
0.906684
0.906684
0.906684
1.5695
1.28735
1.34619
1.34619
1.34619
1.34619
0.658546
0.658546
0.658546
0.658546
1.46108
1.37214
1.37214
1.37214
1.84195
1.31724
1.31724
1.31724
1.31724
1.31724
1.36503
1.4055
1.60281
0.770521
0.770521
0.770521
0.617713
0.617713
0.617713
0.675566
0.675566
0.994685
1.63414
1.44454
1.44454
0.830854
0.830854
0.830854
0.830854
0.830854
0.830854
0.830854
0.789054
1.01022
1.01022
1.01022
1.01022
0.482994
0.482994
0.462488
0.885965
0.885965
0.885965
0.336478
0.899426
0.893644
0.893644
0.893644
0.893644
0.893644
0.893644
0.893644
0.951641
0.951641
0.951641
0.721257
0.721257
0.721257
1.31904
1.31904
1.31904
2.00709
2.02413
1.39072
0.944515
1.37953
1.37953
1.37953
1.03062
0.748536
1.10095
0.843682
0.843682
0.843682
0.843682
0.843682
0.841726
0.841726
0.841726
1.27237
0.778567
0.778567
0.751282
0.751282
0.751282
0.751282
0.751282
0.830342
0.825296
1.52361
1.30191
1.30191
0.436516
0.436516
0.589109
0.589109
0.770474
0.82822
0.82822
0.82822
1.21454
1.13359
0.702975
0.702975
0.702975
1.5585
1.67841
1.67841
1.04154
0.764656
0.764656
0.764656
1.03665
1.03665
1.03665
1.19189
1.19189
0.893116
0.975601
0.975601
0.975601
1.18598
1.18598
1.29704
0.675542
0.904603
0.904603
0.904603
0.904603
0.722831
0.722831
1.34301
1.34301
1.57701
1.57701
1.57701
1.57701
0.646851
0.883517
0.883517
0.686879
1.0339
1.0339
1.0339
0.889352
0.663418
0.828922
1.08418
1.08418
0.647188
0.559107
0.836571
0.930737
0.930737
0.930737
0.930737
0.930737
1.19614
1.19614
1.19614
1.1009
1.1009
1.1009
1.1009
1.1009
1.1009
1.1009
1.03106
0.647174
0.647174
0.647174
1.12181
1.03412
0.923403
0.923403
1.26364
1.26364
1.26364
1.65184
1.65184
1.38084
1.38084
0.702016
1.30858
1.40846
1.40846
1.40846
0.869078
0.928581
0.369759
1.11937
1.11937
1.11937
1.17379
1.17379
1.17379
1.17379
1.17379
1.17379
0.965704
1.75457
1.75457
1.48679
0.69802
0.69802
0.963592
0.963592
0.963592
1.06978
1.06978
1.06978
1.03409
1.03409
1.03409
0.708634
0.708634
1.07144
1.02457
1.02457
0.409127
0.409127
0.409127
0.441185
0.965204
0.965204
0.949504
0.949504
0.949504
0.403301
0.403301
0.419339
0.419339
0.477628
0.477628
1.42766
1.6423
1.2318
1.2318
1.2318
1.2318
1.25101
0.708711
0.708711
0.708711
0.708711
0.708711
0.708711
0.946523
0.902689
0.902689
0.674689
0.972933
1.47444
1.47444
0.540299
0.540299
0.540299
0.540299
0.337528
0.274982
0.460328
0.501406
0.501406
0.766536
0.911209
0.840456
1.16064
1.16064
1.30129
1.30129
0.658064
0.658064
0.658064
0.658064
0.485963
0.485963
0.414813
0.414813
0.414813
0.582352
0.688281
0.497644
1.36074
1.36074
1.71925
1.3007
0.621639
0.621639
0.621639
0.621639
0.621639
0.546683
0.546683
0.546683
0.557374
0.557374
0.557374
0.560292
1.08941
1.08941
1.08941
1.08941
1.08941
1.08941
1.08941
1.08941
1.08941
1.08941
1.08941
0.381645
0.381645
0.816714
0.816714
0.816714
0.816714
0.816714
0.816714
0.906565
0.906565
0.906565
1.11063
1.11063
0.817072
0.748932
0.748932
0.748932
0.748932
0.748932
0.748932
0.748932
0.748932
0.679493
0.679493
1.08699
1.53301
1.53301
1.53301
1.53301
1.53301
1.53301
0.97592
0.97592
0.97592
0.97592
0.97592
0.97592
0.97592
0.82044
0.82044
0.82044
0.82044
0.603421
0.603421
0.603421
0.603421
0.48715
0.48715
1.51709
1.51709
1.51709
1.51709
1.40754
1.25258
1.25258
1.25258
1.21506
1.83906
1.69409
1.11702
0.879429
0.879429
0.635902
0.635902
0.635902
0.635902
1.19675
1.19675
1.19675
1.19675
1.19675
1.19675
0.747715
0.930279
0.930279
0.930279
0.707266
0.874936
0.874936
0.986896
0.809293
0.809293
0.809293
1.66774
1.66774
1.35424
1.35424
1.59241
1.59241
1.04111
1.04111
1.17479
1.17479
1.17479
1.17479
1.17479
1.34493
0.918003
0.918003
0.918003
0.735328
0.834273
0.789034
0.789034
0.500253
0.500253
0.713974
0.713974
1.29488
0.611926
0.611926
0.611926
0.611926
0.611926
0.839615
1.4612
1.4612
1.45234
1.45234
1.45234
0.483568
0.632836
0.632836
0.632836
0.655495
0.655495
0.655495
0.655495
0.655495
0.655495
0.655495
0.655495
0.655495
0.587749
0.871632
1.02958
1.46847
1.09432
1.09432
1.42735
0.901825
0.901825
1.05409
1.05409
1.44929
1.14197
1.0597
1.0597
2.19759
2.19759
2.19759
2.19759
2.19759
2.19759
1.01026
1.72948
1.65457
1.65457
0.909578
0.909578
0.909578
0.783306
0.783306
0.783306
0.783306
1.40502
1.40502
1.33167
0.748182
1.28179
1.69233
0.824571
0.824571
0.824571
0.824571
0.559357
0.559357
0.559357
0.559357
0.55796
0.968737
0.968737
0.968737
0.968737
0.677094
0.667803
0.667803
0.94738
0.94738
0.869272
0.869272
1.06752
0.712983
0.712983
0.683609
0.683609
0.891899
0.891899
0.849715
0.849715
0.694011
0.694011
0.847604
0.727405
0.793175
0.793175
0.571956
0.571956
0.571956
0.571956
0.571956
1.15971
1.15971
1.15971
1.10401
1.10401
1.86152
0.454904
0.813101
0.813101
0.6748
0.6748
1.06327
1.06327
0.709325
0.709325
0.709325
0.709325
0.709325
0.757849
0.757849
0.757849
0.465263
0.465263
0.843015
0.585281
0.585281
0.585281
0.585281
0.585281
0.900597
0.935076
0.935076
0.935076
0.935076
0.935076
0.935076
0.617616
0.617616
0.617616
0.617616
0.617616
0.263325
0.625576
1.52244
1.53608
0.781218
1.58666
1.68562
1.68562
1.68562
1.68562
0.707269
0.707269
0.707269
0.707269
1.10663
1.10663
0.635517
1.19292
1.19292
1.19292
0.806603
0.806603
0.806603
0.806603
0.785881
0.785881
0.785881
0.871064
0.609244
0.609244
0.757567
0.757567
1.18713
1.15131
0.623176
0.855817
0.855817
1.03734
1.44894
1.24281
1.19004
1.16915
1.16915
1.16915
1.09467
1.0079
1.0079
0.873394
0.890593
0.890593
0.890593
0.890593
0.686953
0.686953
0.993344
1.20373
1.1289
1.1289
0.902629
0.468533
1.90817
1.90817
1.90817
1.90817
1.5774
1.064
0.999342
0.999342
0.999342
0.999342
0.999342
0.999342
1.01705
1.01705
1.01705
1.01705
1.1286
1.25092
0.792704
1.31978
0.712481
1.40523
1.84022
1.84022
1.84022
1.93096
1.93096
1.87312
1.87312
1.87312
1.87312
1.87312
1.63702
0.797666
0.71776
0.71776
0.761534
0.761534
0.934917
0.934917
1.05872
1.05872
0.697666
1.53202
1.53202
1.97544
