-2466.2 10016 -12482.2
-2384.52 10012.8 -12397.3
-2413.68 10022.1 -12435.8
-2415.86 10068.1 -12483.9
-2666.08 9729.21 -12395.3
-2497.96 9915.96 -12413.9
-2468.23 10010.7 -12479
-2452.21 10057.9 -12510.1
-2407.2 10161 -12568.2
-2369.58 10087.5 -12457.1
-2368.98 10121.2 -12490.2
-2320.57 10172 -12492.6
-3803.7 8703.5 -12507.2
-3699.88 8835.64 -12535.5
-3044.34 9378.19 -12422.5
-2857.36 9549.21 -12406.6
-2802.91 9645.69 -12448.6
-2665.28 9754.67 -12419.9
-2587.32 9839.52 -12426.8
-2365.16 10052.7 -12417.8
-2416.91 10041.9 -12458.8
-2409.31 10078.1 -12487.4
-2481.9 9956.81 -12438.7
-2457.51 10015.8 -12473.3
-2439.51 9994.23 -12433.7
-2647.53 9755.06 -12402.6
-2554.65 9856.17 -12410.8
-2564.03 9893.73 -12457.8
-2634.9 9814.06 -12449
-2582.41 9859.01 -12441.4
-2595.15 9879.33 -12474.5
-2568.18 9951.8 -12520
-2483.93 10103.5 -12587.5
-2453.87 10059.7 -12513.6
-2470.21 10090.2 -12560.4
-2421.11 10099.7 -12520.8
-2464.29 10048.8 -12513.1
-2409.43 10110.6 -12520
-2389.23 10064.6 -12453.8
-1.4922e+06 -1.47734e+06 -14865.5
-3057.68 10066.4 -13124.1
-3038.02 10122.9 -13160.9
-3045.15 10138.4 -13183.6
-3080.95 10101.8 -13182.8
-3006.38 10094.5 -13100.9
-2932.07 10069.5 -13001.6
-2856.56 10126.6 -12983.1
-3013.64 10029.1 -13042.8
-3384.08 9634.04 -13018.1
-3065.18 9947.36 -13012.5
-4114.22 8897.62 -13011.8
-3367.72 9577.61 -12945.3
-3156.85 9786.13 -12943
-2956.51 10009.3 -12965.8
-98159.8 -84649.8 -13509.9
-2830.4 10165.8 -12996.2
-2516.7 9997.43 -12514.1
-2433.79 10121.8 -12555.6
-2361.29 10201 -12562.3
-4774.52 7697.74 -12472.3
-2827.96 9520.77 -12348.7
-2819.61 9554.55 -12374.2
-2795.54 9571.42 -12367
-2741.15 9632.69 -12373.8
-2765.68 9666.83 -12432.5
-2497.37 9309.41 -11806.8
-2388.69 9451.25 -11839.9
-2420.08 9410.02 -11830.1
-2769.66 9040.18 -11809.8
-2600.63 9284.87 -11885.5
-2543.48 9286.87 -11830.3
-3076.78 8699.95 -11776.7
-2869.68 8869.69 -11739.4
-2888.37 8825.26 -11713.6
-3105.36 8642.04 -11747.4
-3819.26 7876.74 -11696
-3218.59 8512.19 -11730.8
-3055.33 8620.77 -11676.1
-2949.66 8784.71 -11734.4
-2883.55 8906 -11789.6
-4584.06 7178.39 -11762.5
-3939.87 7797.14 -11737
-3416.66 8298.63 -11715.3
-3079.93 8611.1 -11691
-2884.16 8837.27 -11721.4
-2773.84 8986.29 -11760.1
-2805.61 9029.95 -11835.6
-2713.78 9089.5 -11803.3
-2537.93 9198.49 -11736.4
-2962.16 8866.56 -11828.7
-2721.66 9148.4 -11870.1
-2627.23 9174.65 -11801.9
-2704.25 9163.07 -11867.3
-2736.8 9089.12 -11825.9
-3300.68 8530.45 -11831.1
-2698.78 9085.78 -11784.6
-2666.13 9133.87 -11800
-2703.48 9082.9 -11786.4
-2654.39 9089.45 -11743.8
-2670.58 9042.49 -11713.1
-2679.38 9027.73 -11707.1
-2599.46 9058.04 -11657.5
-2633.36 9065.26 -11698.6
-2666.54 9093.36 -11759.9
-2586.91 9070.2 -11657.1
-2115.57 9029.76 -11145.3
-2126.2 8995.8 -11122
-2076.88 9004.82 -11081.7
-2051.87 9033.82 -11085.7
-2079.58 9036.24 -11115.8
-2107.96 9013.19 -11121.2
-2045.37 9068.41 -11113.8
-2046.89 9068.55 -11115.4
-2041.42 9056.49 -11097.9
-2038.94 9099.9 -11138.8
-2079.6 9064.22 -11143.8
-2041.91 9116.97 -11158.9
-1422.99 9163.55 -10586.5
-2185.14 8406.4 -10591.5
-1567.6 9054.63 -10622.2
-1445.15 9152.94 -10598.1
-1361.69 9243.19 -10604.9
-1286.22 9312.52 -10598.7
-1313.25 9340.65 -10653.9
-1304.01 9342.24 -10646.3
-1306.74 9319.61 -10626.4
-1244.97 9373.91 -10618.9
-1240.42 9417.14 -10657.6
-1260.5 9416.2 -10676.7
-1282.92 9394.26 -10677.2
-1177.96 9469.01 -10647
-1144.9 9522.55 -10667.5
-1224.3 9464.07 -10688.4
-1129.78 9512.72 -10642.5
-1222.67 9464.22 -10686.9
-1176.44 9514.68 -10691.1
-1200.7 9473.01 -10673.7
-1179.65 9496.62 -10676.3
-1110.39 9540.69 -10651.1
-1180.95 9533.02 -10714
-1204.16 9495.15 -10699.3
-1158.42 9521.27 -10679.7
-1106.52 9596.24 -10702.8
-1042.48 9644.27 -10686.8
-1001.4 9723.48 -10724.9
-1003.39 9689.88 -10693.3
-987.428 9713.58 -10701
-1005.17 9696.21 -10701.4
-1014.15 9742.78 -10756.9
-950.2 9765.39 -10715.6
-943.721 9792.11 -10735.8
-962.397 9797.95 -10760.3
-944.105 9823.28 -10767.4
-970.23 9796.5 -10766.7
-943.293 9811.05 -10754.3
-919.277 9800.99 -10720.3
-962.522 9798.99 -10761.5
-1007.85 9780.63 -10788.5
-955.719 9828.03 -10783.7
-869.219 9866.41 -10735.6
-1051.57 9725.12 -10776.7
-979.167 9826.87 -10806
-3715.91 7078.7 -10794.6
-1663.9 9208.36 -10872.3
-1305.95 9515.01 -10821
-1133 9686.95 -10819.9
-1013.83 9800.55 -10814.4
-1048.19 9753.11 -10801.3
-1007.67 9825.01 -10832.7
-999.616 9798.74 -10798.4
-993.713 9797.66 -10791.4
-1030.16 9801.33 -10831.5
-930.973 9877.35 -10808.3
-936.837 9905.04 -10841.9
-994.415 9817.66 -10812.1
-987.003 9823.8 -10810.8
-946.733 9877.09 -10823.8
-1003.45 9849.34 -10852.8
-989.457 9874 -10863.5
-903.459 9913.13 -10816.6
-975.475 9891.5 -10867
-935.073 9899.56 -10834.6
-946.616 9883.87 -10830.5
-960.231 9917.78 -10878
-1292.5 9599.14 -10891.6
-1122.5 9733.85 -10856.3
-1055.63 9742.15 -10797.8
-1117.23 9715.6 -10832.8
-1165.16 9711.69 -10876.9
-1132.75 9704.1 -10836.9
-2084.35 8679.12 -10763.5
-1309.78 9437.32 -10747.1
-1098.03 9688.32 -10786.3
-1061.32 9762.63 -10823.9
-1037.02 9806.96 -10844
-1019.08 9819.45 -10838.5
-964.29 9855.66 -10820
-964.959 9905.28 -10870.2
-939.551 9925.51 -10865.1
-983.253 9879.69 -10862.9
-940.356 9932.67 -10873
-1002.31 9926.73 -10929
-947.451 9900.03 -10847.5
-956.811 9882.43 -10839.2
-2340.3 8482.46 -10822.8
-1246.39 9569.59 -10816
-1036.16 9803.64 -10839.8
-998.226 9834.4 -10832.6
-951.012 9905.53 -10856.5
-1034.23 9857.37 -10891.6
-951.715 9942.09 -10893.8
-962.17 9902.83 -10865
-979.404 9853.44 -10832.8
-955.195 9876.97 -10832.2
-982.461 9898.17 -10880.6
-987.566 9914.25 -10901.8
-932.196 9926.66 -10858.9
-932.919 9892.7 -10825.6
-882.513 9930.64 -10813.2
-887.223 9906.12 -10793.3
-940.322 9881.61 -10821.9
-837.084 9969.22 -10806.3
-908.194 9949.13 -10857.3
-976.754 9881.97 -10858.7
-928.936 9926.36 -10855.3
-928.25 9922.73 -10851
-964.146 9862.7 -10826.8
-912.122 9930.33 -10842.5
-1826.33 9041.2 -10867.5
-1177.66 9711.54 -10889.2
-1053.49 9806.09 -10859.6
-5031.35 5798.02 -10829.4
-1474.05 9388.77 -10862.8
-1167.27 9672.32 -10839.6
-1024.11 9796.23 -10820.3
-943.49 9857.03 -10800.5
-958.399 9889.94 -10848.3
-1029.02 9873.86 -10902.9
-883.43 9950.61 -10834
-976.597 9892.22 -10868.8
-943.472 9908.55 -10852
-916.39 9954.66 -10871.1
-963.76 9934.1 -10897.9
-920.549 9981.58 -10902.1
-1524.1 9390.51 -10914.6
-1075.32 9802.2 -10877.5
-902.636 9950.88 -10853.5
-880.612 9965.24 -10845.9
-865.487 9953.91 -10819.4
-842.805 9959.01 -10801.8
-1363.69 9544.46 -10908.1
-1176.66 9681.24 -10857.9
-932.914 9887.72 -10820.6
-943.227 9897.58 -10840.8
-917.165 9925.13 -10842.3
-955.54 9891.55 -10847.1
-1675.28 9160.77 -10836
-1090.91 9764.69 -10855.6
-895.29 9942.19 -10837.5
-902.184 9935.62 -10837.8
-865.275 9961.75 -10827
-916.538 9911.02 -10827.6
-938.126 9920.29 -10858.4
-851.431 9933.67 -10785.1
-892.663 9922.76 -10815.4
-899.373 9892.3 -10791.7
-1659.18 9148.63 -10807.8
-1033.96 9693.72 -10727.7
-897.434 9897.4 -10794.8
-929.374 9930.57 -10859.9
-890.853 9991.05 -10881.9
-958.225 9916.96 -10875.2
-953.269 9945.58 -10898.9
-922.859 9976.11 -10899
-923.876 9952.87 -10876.7
-910.665 9980.91 -10891.6
-1420.58 9443.26 -10863.8
-1028.22 9786.49 -10814.7
-2146.49 8673.06 -10819.5
-1249.39 9515.92 -10765.3
-1109.43 9699.79 -10809.2
-1116.5 9694.84 -10811.3
-1102.89 9749.35 -10852.2
-1091.41 9737.76 -10829.2
-1172.9 9624.91 -10797.8
-1028.36 9785.7 -10814.1
-959.625 9855.03 -10814.7
-884.689 9900.2 -10784.9
-957.288 9863.86 -10821.1
-956.006 9891.63 -10847.6
-901.984 9901.23 -10803.2
-926.952 9909.94 -10836.9
-875.624 9925.19 -10800.8
-835.988 9956 -10792
-1805.69 9048.68 -10854.4
-1066.74 9733.09 -10799.8
-977.679 9896.21 -10873.9
-883.336 10009.1 -10892.4
-898.209 9992.25 -10890.5
-926.042 9955.02 -10881.1
-864.075 10016.1 -10880.2
-819.156 10024.9 -10844.1
-873.734 9986.38 -10860.1
-4034.35 6837.91 -10872.3
-1373.88 9393.57 -10767.5
-937.051 9895.6 -10832.7
-840.233 10030.6 -10870.9
-11754.2 -849.436 -10904.7
-1728.81 9087.85 -10816.7
-991.761 9937.69 -10929.4
-2612.65 8235.4 -10848.1
-1120.03 9703.85 -10823.9
-962.771 9920.8 -10883.6
-1024.03 9980.09 -11004.1
-892.539 10037.5 -10930
-957.568 10005.3 -10962.9
-895.941 10011 -10907
-870.147 10045.2 -10915.4
-829.303 10110.4 -10939.7
-885.928 10091.7 -10977.6
-874.016 10104 -10978.1
-879.072 10037.2 -10916.3
-869.57 9990.24 -10859.8
-906.169 9982.94 -10889.1
-886.362 9981.53 -10867.9
-843.127 10014.9 -10858
-869.694 10104.1 -10973.8
-894.428 10059.6 -10954
-1235.9 9719.01 -10954.9
-1080.42 9857.94 -10938.4
-913.583 10039.1 -10952.7
-941.522 9975.18 -10916.7
-873.079 10056 -10929.1
-864.033 10044.2 -10908.2
-787.268 10067.9 -10855.2
-873.185 10016.9 -10890.1
-913.492 10026.3 -10939.8
-1173.69 9786.24 -10959.9
-1025.23 9919.9 -10945.1
-919.796 9996.77 -10916.6
-816.627 10068.9 -10885.6
-5137.04 5732.6 -10869.6
-1906.02 8873.55 -10779.6
-1623.95 9194.36 -10818.3
-1479.15 9398.35 -10877.5
-1376.82 9459.33 -10836.1
-1291.89 9528.98 -10820.9
-1090.08 9766.6 -10856.7
-1130.11 9760.6 -10890.7
-1128.56 9779.34 -10907.9
-1054.56 9845.79 -10900.4
-1053.82 9864.78 -10918.6
-1023.34 9895.79 -10919.1
-1121.52 9755.42 -10876.9
-1014.05 9841.72 -10855.8
-1033.03 9831.79 -10864.8
-1014.35 9853.09 -10867.4
-945.552 9902.53 -10848.1
-932.727 9986.2 -10918.9
-925.374 9973.7 -10899.1
-960.206 9962.91 -10923.1
-991.668 9905.33 -10897
-1214.5 9687.93 -10902.4
-1034.1 9872.25 -10906.4
-917.921 9998.1 -10916
-1052.63 9910.51 -10963.1
-992.931 9943.28 -10936.2
-875.064 9994.3 -10869.4
-944.789 9947.22 -10892
-935.242 9998.04 -10933.3
-903.377 9992.53 -10895.9
-929.054 10029.5 -10958.6
-1252.05 9682.41 -10934.5
-1043.78 9855.95 -10899.7
-1065.84 9807.37 -10873.2
-959.631 9928.81 -10888.4
-905.994 10003.1 -10909.1
-978.754 9925.83 -10904.6
-914.667 9974.13 -10888.8
-876.8 9991.98 -10868.8
-992.705 9901.78 -10894.5
-1005.87 9899.56 -10905.4
-976.459 9920.99 -10897.4
-980.965 9938.78 -10919.7
-960.378 9974.83 -10935.2
-891.761 10013.8 -10905.6
-931.552 9996.99 -10928.5
-970.743 9888.66 -10859.4
-1942.93 8951.51 -10894.4
-1311.79 9562.95 -10874.7
-1071.75 9776.03 -10847.8
-915.449 9930.27 -10845.7
-858.611 10014.4 -10873
-852.578 10022.5 -10875.1
-852.993 10044.4 -10897.4
-806.38 10055.6 -10861.9
-803.091 10038.3 -10841.4
-835.904 10003.6 -10839.5
-863.353 10003 -10866.4
-834.281 10088.4 -10922.6
-884.811 10015.9 -10900.8
-886.788 9997.37 -10884.2
-934.511 10003.4 -10937.9
-822.362 10040.7 -10863.1
-767.891 10125.8 -10893.7
-776.528 10130.1 -10906.6
-726.72 10175.1 -10901.9
-743.923 10159.5 -10903.4
-747.06 10205.9 -10953
-780.479 10184.5 -10965
-771.498 10171.1 -10942.6
-768.548 10158.9 -10927.4
-745.649 10192.6 -10938.3
-755.547 10196.3 -10951.9
-2399.21 8553.49 -10952.7
-1107.49 9831.94 -10939.4
-825.239 10146.4 -10971.6
-730.003 10239.7 -10969.7
-801.062 10161.6 -10962.7
-754.2 10231.4 -10985.6
-809.822 10193.8 -11003.6
-822.969 10162.1 -10985.1
-728.395 10185.9 -10914.3
-1037.52 9903.2 -10940.7
-886.532 10043.3 -10929.8
-830.554 10123.6 -10954.2
-728.699 10195 -10923.7
-839.972 10125.4 -10965.4
-763.849 10172.8 -10936.7
-269192 -257666 -11525.7
-2148.56 9429.88 -11578.4
-1472.28 10031.7 -11504
-1358.2 10166.9 -11525.1
-1300.28 10172.8 -11473.1
-1313.07 10136.3 -11449.3
-1349.55 10168.5 -11518
-1375.63 10196.9 -11572.5
-1355.42 10207.1 -11562.5
-1445.46 10129.2 -11574.6
-1362.4 10137.3 -11499.7
-1315.07 10204.4 -11519.5
-1352.95 10177.8 -11530.8
-1327.28 10254.2 -11581.5
-1335.31 10265.4 -11600.7
-1375.62 10195.1 -11570.7
-2228.17 9312.79 -11541
-1595.65 9910.36 -11506
-1361.3 10124.5 -11485.8
-1457.37 10074 -11531.4
-1397.28 10167.9 -11565.2
-1369.83 10162.1 -11531.9
-1379.16 10121.5 -11500.7
-1383.56 10204.9 -11588.4
-1363.72 10191.7 -11555.4
-1323.74 10211.6 -11535.4
-1341.66 10243 -11584.7
-1394.82 10193.4 -11588.2
-1403.17 10167.9 -11571.1
-1337.44 10218.9 -11556.4
-1344.51 10258.5 -11603
-1341.31 10248.2 -11589.5
-1321.7 10264.1 -11585.8
-1388.82 10290.3 -11679.1
-1406.64 10272.5 -11679.2
-1366.04 10274.9 -11641
-1436.61 10261.9 -11698.5
-1408.83 10314.4 -11723.3
-1311.09 10321.4 -11632.5
-1583.74 10018.9 -11602.7
-1458.75 10108.9 -11567.6
-1523.41 10129.8 -11653.2
-1502.01 10156.5 -11658.5
-3294.05 8309.44 -11603.5
-1764.09 9821 -11585.1
-1423 10215.7 -11638.7
-1260.68 10310.3 -11571
-1.49508e+06 -1.48091e+06 -14173.2
-5232.58 7925.48 -13158.1
-3614.83 9562.17 -13177
-3675.02 8909.11 -12584.1
-2753.78 9242.89 -11996.7
-2051.51 9945.35 -11996.9
-1932.32 10081.5 -12013.8
-1945.7 10147.4 -12093.1
-1901.99 10174.7 -12076.6
-9045.03 3040.72 -12085.8
-2627.07 9356.79 -11983.9
-1886.62 10180.3 -12066.9
-1856.68 10206.6 -12063.3
-1947.35 10216.1 -12163.5
-1442.74 10226.4 -11669.1
-1415.04 10211.9 -11626.9
-1307.23 10224.5 -11531.7
-1377.62 10187.9 -11565.5
-1301.61 10250.1 -11551.8
-1498.38 10036.5 -11534.9
-1374.33 10122.9 -11497.3
-1436.88 10149.3 -11586.2
-1412.77 10179.9 -11592.7
-1528.87 10063.7 -11592.6
-2166.23 9431.84 -11598.1
-1509.54 9998.21 -11507.7
-1399.2 10104.1 -11503.3
-1404.2 10097.5 -11501.7
-1406.91 10139.6 -11546.5
-1394.92 10163.4 -11558.3
-1425.8 10150.6 -11576.4
-1419.62 10189.5 -11609.1
-1382.66 10200.3 -11582.9
-1370.91 10211.1 -11582
-1391.18 10241 -11632.2
-1335.02 10246.1 -11581.2
-1277.33 10253.1 -11530.4
-1303.73 10236.8 -11540.5
-1344.87 10236.9 -11581.7
-1298.04 10276.4 -11574.4
-1358.26 10222.5 -11580.7
-1398.77 10229.6 -11628.4
-1323.9 10230.6 -11554.5
-1417.76 10179.1 -11596.8
-1388.71 10249.3 -11638.1
-1449.12 10137.1 -11586.2
-1301.98 10245.9 -11547.9
-1311.58 10229.5 -11541
-1495.09 10055 -11550.1
-1351.48 10204.6 -11556.1
-1540.08 9986.59 -11526.7
-1430.53 10119 -11549.5
-1388.71 10207.6 -11596.3
-1316.28 10252.1 -11568.4
-1379.96 10169.7 -11549.6
-1347.29 10274.9 -11622.2
-1325.56 10311.3 -11636.9
-1364.61 10273.7 -11638.3
-1362.93 10226.4 -11589.4
-1297.98 10301.9 -11599.9
-1267.45 10384.7 -11652.1
-1276.32 10362 -11638.3
-1249.25 10335.2 -11584.5
-1290.15 10330.7 -11620.9
-1252.98 10361.4 -11614.4
-1450.68 10083.9 -11534.6
-1327.68 10280 -11607.7
-1248.64 10341.6 -11590.3
-1264.24 10309.5 -11573.7
-1286.11 10288.8 -11574.9
-1351.02 10243.2 -11594.3
-1273.36 10330.5 -11603.9
-1266.69 10308.3 -11575
-2400.72 9140.06 -11540.8
-1653.02 9903.79 -11556.8
-1612.65 10008.3 -11621
-1772.45 9824.6 -11597
-1496.43 10149.9 -11646.3
-1345.63 10275 -11620.6
-1343.95 10290.7 -11634.7
-8291.98 3355 -11647
-2021.69 9542.22 -11563.9
-1364.87 10225.3 -11590.2
-1240.87 10385.7 -11626.5
-1291.64 10361.1 -11652.7
-1372.06 10316.2 -11688.2
-1340.14 10335.8 -11676
-1333.69 10322.5 -11656.2
-1390.73 10278.6 -11669.4
-1261.05 10360.3 -11621.3
-1317.75 10348.8 -11666.5
-1306.06 10298.8 -11604.9
-1271.41 10351.1 -11622.5
-1320.68 10371.1 -11691.8
-1304.18 10394 -11698.2
-1291.26 10398.9 -11690.2
-1344.64 10330.3 -11674.9
-1325.09 10302.2 -11627.3
-1290.69 10360 -11650.7
-1301.73 10319.9 -11621.7
-1350.97 10317.6 -11668.5
-1407.76 10230.8 -11638.6
-1239.96 10345.8 -11585.7
-1310.72 10307.7 -11618.4
-1306.38 10301.1 -11607.4
-1294.8 10274.6 -11569.4
-1257.52 10358.7 -11616.2
-1396.65 10240.6 -11637.2
-2216 9432.53 -11648.5
-1579.35 10017.6 -11596.9
-2112.8 9432.23 -11545
-1533.72 10043.6 -11577.3
-1348.68 10144.4 -11493.1
-1416.3 10126.8 -11543.1
-1336.51 10268.2 -11604.7
-1334.05 10251.3 -11585.4
-1245.46 10372.4 -11617.8
-1264.89 10300.5 -11565.4
-1266.3 10375.1 -11641.4
-1298.54 10318.5 -11617
-1516.31 10095.9 -11612.2
-1297.88 10241.8 -11539.7
-1238.47 10337.2 -11575.7
-1269.81 10351.5 -11621.4
-1260.81 10337.7 -11598.5
-1227.52 10376.2 -11603.7
-1265.84 10291 -11556.9
-1199.18 10374.6 -11573.8
-1251.68 10301.2 -11552.9
-1210.61 10391.5 -11602.1
-1231.35 10415.5 -11646.8
-1290.9 10335.5 -11626.4
-1236.14 10379 -11615.2
-1241.92 10366.3 -11608.2
-1289.92 10337.7 -11627.6
-1287.58 10351.3 -11638.9
-2709.37 8869.25 -11578.6
-1648.5 9922.89 -11571.4
-1371.57 10240.3 -11611.8
-1330.36 10312.8 -11643.2
-1295.13 10328.8 -11623.9
-1348.8 10293.8 -11642.6
-2020.43 9636.4 -11656.8
-1569.64 10047.8 -11617.5
-4768.89 6868.49 -11637.4
-2085.92 9503.22 -11589.1
-1573.62 10001.7 -11575.4
-1428.89 10185.5 -11614.4
-1364.75 10192.6 -11557.4
-1364.9 10280 -11644.9
-1250.46 10365.9 -11616.4
-1246.63 10320.8 -11567.4
-1258.23 10313.8 -11572
-1264.87 10344.5 -11609.4
-1256.01 10305.8 -11561.8
-1250.6 10315.2 -11565.8
-1318.47 10294.2 -11612.7
-1287.04 10251.7 -11538.7
-1232.62 10334.6 -11567.2
-1236.28 10407.6 -11643.9
-1552.18 10102.7 -11654.9
-1673.4 9932.02 -11605.4
-1442.07 10195.5 -11637.6
-2490.16 9134.01 -11624.2
-1596.06 10004 -11600.1
-1659.24 9909.31 -11568.5
-1329.35 10236.6 -11565.9
-1364.96 10228.8 -11593.8
-1298.88 10293.1 -11592
-1350.91 10275.7 -11626.6
-2345.33 9270.16 -11615.5
-2020.5 9490.9 -11511.4
-1677.87 9862.64 -11540.5
-1500.36 10045.3 -11545.7
-1365.02 10178.8 -11543.8
-1314.36 10248.9 -11563.2
-1460.24 10074.9 -11535.1
-1315.85 10209.2 -11525.1
-1286.13 10261.5 -11547.6
-1387.25 10200.1 -11587.3
-1384.75 10158.3 -11543
-1388.61 10225.4 -11614
-1339.54 10239.7 -11579.2
-1273.14 10242.1 -11515.2
-1336.26 10213.7 -11550
-1304.18 10277.1 -11581.3
-1327.13 10262.9 -11590
-1556.17 10040 -11596.2
-1398.3 10231 -11629.3
-1323.04 10313.3 -11636.4
-1404.84 10251.1 -11656
-1346.24 10271.9 -11618.1
-1466.08 10105.3 -11571.3
-1339.97 10263.7 -11603.6
-1341.66 10241.7 -11583.3
-1371.29 10194 -11565.3
-1316.76 10302.1 -11618.9
-1302.97 10286.2 -11589.2
-1296.95 10312.4 -11609.3
-1392.48 10187.9 -11580.4
-1401.66 10281.5 -11683.2
-1295.57 10358.2 -11653.8
-1308.24 10335.1 -11643.3
-1209.28 10364.5 -11573.8
-1224.01 10356.7 -11580.7
-1311.83 10322.2 -11634
-1278.37 10315.6 -11594
-1278.12 10337.4 -11615.5
-1241.87 10375.2 -11617.1
-1260.73 10362.5 -11623.2
-1281.42 10297.2 -11578.7
-1562.95 9998.65 -11561.6
-1416.13 10090.7 -11506.8
-1387.63 10193.3 -11580.9
-2187.8 9402.29 -11590.1
-1567.3 10018 -11585.3
-1537.64 10016 -11553.7
-1359.54 10200.2 -11559.8
-1345.68 10274.1 -11619.8
-1294.4 10353.5 -11647.9
-1410.6 10308 -11718.6
-5292.71 6365.11 -11657.8
-1968.35 9624.37 -11592.7
-1344.63 10208.7 -11553.4
-1256.72 10299.3 -11556
-1452.36 10143.4 -11595.8
-1336.64 10290.4 -11627
-1285.76 10361.4 -11647.2
-1221.43 10423.9 -11645.3
-1307.83 10323.2 -11631
-1257.86 10398.4 -11656.2
-1344.22 10274.6 -11618.8
-1327.59 10320.8 -11648.4
-1338.55 10388.5 -11727
-1235.32 10436 -11671.3
-1304.91 10321.3 -11626.2
-1301.74 10297.6 -11599.3
-1353.9 10301.8 -11655.7
-1286.65 10288.5 -11575.2
-4254.6 7392.73 -11647.3
-2112.68 9430.38 -11543.1
-1958.27 9624.12 -11582.4
-1774.32 9802.13 -11576.4
-1513.75 10093.9 -11607.7
-1308.42 10295.4 -11603.8
-1383.71 10279 -11662.7
-1282.25 10320.5 -11602.8
-1283.87 10329.7 -11613.6
-1289.22 10332.2 -11621.4
-1235.35 10370.3 -11605.6
-1251.01 10294.5 -11545.5
-1291.93 10299.7 -11591.7
-1278.06 10338.3 -11616.3
-1261.69 10343.1 -11604.8
-1358.65 10311.4 -11670
-1313.75 10304.3 -11618.1
-1305.88 10318.3 -11624.2
-1273.58 10354.7 -11628.3
-1289.96 10314.7 -11604.6
-1402.9 10199.5 -11602.4
-1310.98 10247.9 -11558.9
-1247.05 10263.6 -11510.7
-3204.08 8377.23 -11581.3
-1615.75 9951.79 -11567.5
-1322.71 10259 -11581.7
-1275.63 10342.7 -11618.4
-1343.63 10279.5 -11623.2
-1225.33 10385.9 -11611.2
-1232.34 10363.1 -11595.4
-1242.11 10411.7 -11653.8
-1342.79 10325.2 -11668
-1324.89 10356.1 -11681
-1232.03 10413.1 -11645.1
-1308.99 10320.5 -11629.5
-1318.52 10322.1 -11640.6
-1234.86 10374.2 -11609
-1282.59 10339.6 -11622.2
-1241.74 10367 -11608.7
-1297.61 10370.7 -11668.3
-1225.14 10359.1 -11584.3
-1346.84 10313 -11659.9
-1324.1 10365.8 -11689.9
-1314.57 10401.8 -11716.3
-1278.43 10369.2 -11647.6
-1251.38 10377.9 -11629.3
-1210.73 10340.7 -11551.4
-1295.11 10295.9 -11591
-1228.44 10397 -11625.4
-1752.66 9891.45 -11644.1
-1413.78 10196 -11609.8
-1730.03 9861.51 -11591.5
-1475.2 10129.1 -11604.2
-1348.4 10197.8 -11546.2
-1389.14 10263.4 -11652.5
-1301.1 10285.2 -11586.3
-1293.96 10306.7 -11600.7
-1306.88 10356.3 -11663.2
-1213.02 10470.4 -11683.4
-1329.44 10373.3 -11702.8
-1215.91 10448.8 -11664.7
-1226.39 10460.6 -11686.9
-1791.03 9893.49 -11684.5
-1356.55 10324.3 -11680.8
-1321.59 10421.5 -11743.1
-1271.08 10399.7 -11670.8
-1217.26 10451.5 -11668.8
-1251.62 10439.3 -11690.9
-1259.23 10399.9 -11659.1
-1278.69 10349.2 -11627.9
-1229.94 10409.5 -11639.4
-1234.93 10355.5 -11590.5
-1252.77 10333.4 -11586.1
-1254.65 10376.6 -11631.2
-1210.91 10417.1 -11628
-1183.14 10398.6 -11581.8
-1184.94 10452.8 -11637.8
-1208.76 10424.6 -11633.3
-1170.69 10467.7 -11638.4
-1263.01 10399.1 -11662.1
-1241.48 10378.6 -11620.1
-1296.2 10347.5 -11643.7
-1208.11 10440.8 -11648.9
-1224.47 10426.4 -11650.9
-1230.39 10403.4 -11633.8
-1288.53 10391.1 -11679.6
-1242.93 10413.2 -11656.2
-1199.67 10406.5 -11606.1
-1276.5 10338 -11614.5
-1279.94 10368 -11647.9
-1217.27 10454.9 -11672.1
-1992.57 9664.06 -11656.6
-1395.58 10223.2 -11618.8
-1353.99 10268.4 -11622.4
-1308.22 10346.1 -11654.3
-1254.86 10362.8 -11617.7
-1267.2 10374.5 -11641.7
-1285.92 10396.3 -11682.2
-1220.54 10369.5 -11590
-1267.86 10303 -11570.9
-1232.32 10374.6 -11606.9
-1306.56 10358.6 -11665.1
-1320.4 10368.5 -11688.9
-1334.57 10319.5 -11654.1
-1325.93 10367.8 -11693.7
-1304.96 10362.7 -11667.6
-2632.63 9007.55 -11640.2
-1667.83 9855.41 -11523.2
-1475.01 10066.5 -11541.5
-1436.4 10059.3 -11495.7
-1417.31 10056.5 -11473.8
-1680.87 9932.29 -11613.2
-1590.44 10009.8 -11600.2
-1983.96 9595.99 -11579.9
-1660.66 9872.78 -11533.4
-1607.09 9939.38 -11546.5
-1395.86 10072.6 -11468.4
-1482.28 10068.3 -11550.6
-1432.12 10159.4 -11591.6
-1556.47 9995.68 -11552.2
-1467.86 10071 -11538.9
-1409.71 10129.8 -11539.5
-1228.75 10291.3 -11520.1
-1242.87 10317.5 -11560.4
-1199.79 10407.9 -11607.7
-1219.1 10341.3 -11560.4
-1240.57 10420.4 -11661
-1218.17 10356.3 -11574.5
-1235.64 10357.1 -11592.8
-1167.82 10413.2 -11581
-1386.64 10277.5 -11664.1
-1277.88 10386.5 -11664.4
-1261.88 10360.4 -11622.3
-1260.88 10387.2 -11648.1
-1442.7 10244.4 -11687.1
-1270.31 10383 -11653.3
-1189.32 10383.8 -11573.1
-1226.86 10369.4 -11596.3
-2304.24 9261.43 -11565.7
-1592.66 9942.14 -11534.8
-1341.75 10184.8 -11526.5
-1368.83 10194.2 -11563
-1379.88 10231.1 -11610.9
-1270.76 10364.8 -11635.6
-1463.45 10186.7 -11650.2
-1360.81 10203.8 -11564.6
-1256.16 10285.6 -11541.7
-1274.19 10230.7 -11504.9
-1345.77 10223.2 -11569
-1372.49 10261.9 -11634.4
-1255.03 10337.8 -11592.8
-1275.09 10371 -11646.1
-1275.86 10350.3 -11626.1
-1190.09 10404.8 -11594.9
-1272.34 10324.8 -11597.2
-1213.82 10352 -11565.8
-1226.62 10383.9 -11610.5
-1162.4 10390.5 -11552.9
-1243.36 10352.5 -11595.8
-1212.58 10423.7 -11636.3
-1262.83 10380.7 -11643.5
-2155.81 9518.11 -11673.9
-1488.13 10177.7 -11665.9
-1294.81 10351.6 -11646.4
-1292.76 10337.1 -11629.8
-1252.06 10399.5 -11651.6
-1200.76 10459.1 -11659.9
-1270.55 10410.5 -11681.1
-1290.18 10402.5 -11692.6
-1294.58 10383.9 -11678.5
-1223.86 10443.3 -11667.1
-1272.55 10405.8 -11678.4
-1187.53 10501.7 -11689.2
-1247.17 10445.5 -11692.7
-1818.25 9867.74 -11686
-1736.65 9921.34 -11658
-1431.23 10215 -11646.2
-1351.55 10274.8 -11626.3
-1406.03 10242.5 -11648.5
-1384.73 10298 -11682.7
-1407.96 10261 -11668.9
-1293.53 10367.3 -11660.8
-1577.4 10085.7 -11663.1
-1265.73 10368.5 -11634.2
-1304.45 10318.6 -11623.1
-1283.3 10325 -11608.3
-1288.9 10349.5 -11638.4
-1259.17 10414 -11673.2
-1217.24 10427.5 -11644.7
-9228.14 2397.84 -11626
-2084.82 9497.62 -11582.4
-1472.66 10139.1 -11611.8
-1305.09 10389.5 -11694.6
-1414.51 10282.7 -11697.2
-1178.67 10461 -11639.7
-1264.1 10423.3 -11687.4
-1343.22 10365.5 -11708.7
-1259.8 10490.9 -11750.7
-1255.09 10494.6 -11749.6
-1377.47 10329 -11706.5
-1236.57 10422 -11658.5
-1228.95 10410 -11639
-1253.96 10424.7 -11678.7
-1204.53 10434.7 -11639.2
-1223.69 10419.6 -11643.3
-1242.87 10447.1 -11690
-1197.55 10456.6 -11654.1
-1223.85 10452.5 -11676.4
-1299.47 10398.3 -11697.8
-1319.46 10375.6 -11695.1
-1237.83 10475.6 -11713.4
-1348.69 10411.1 -11759.8
-1271.18 10434.9 -11706.1
-1237.02 10431 -11668.1
-1239.79 10452.7 -11692.5
-1292.32 10469.1 -11761.4
-1215.05 10500.7 -11715.8
-1204.29 10497.1 -11701.4
-1229.66 10483.7 -11713.4
-1289.49 10467.7 -11757.1
-1281.14 10464.8 -11746
-2508.7 9230.28 -11739
-1597.73 10156.9 -11754.6
-1317.74 10434.9 -11752.7
-1666.39 10052.4 -11718.7
-1324.25 10431.2 -11755.4
-1391.02 10365.9 -11756.9
-1312.3 10387.8 -11700.1
-1743.65 10017 -11760.6
-1332.44 10413.8 -11746.2
-1287.43 10462.6 -11750
-1285.36 10522 -11807.3
-1452.96 10357.6 -11810.6
-1209.3 10475.9 -11685.2
-1243 10445.2 -11688.2
-1283.53 10476.1 -11759.7
-1294.64 10473.4 -11768.1
-1286.25 10438 -11724.2
-1247.98 10511.2 -11759.2
-1197.43 10540.7 -11738.1
-3533.31 8134.07 -11667.4
-1857.05 9863.77 -11720.8
-2990.84 8764.05 -11754.9
-1776.35 9868.09 -11644.4
-1583.95 10129.9 -11713.8
-1646.32 10076 -11722.3
-1556.46 10191.9 -11748.4
-1580.75 10130.1 -11710.9
-1593.36 10160.3 -11753.7
-1484.67 10253.5 -11738.2
-1250.15 10508.9 -11759.1
-2552.52 9204.52 -11757
-1600.81 10160.8 -11761.6
-1412.7 10387.6 -11800.3
-1323.69 10436.7 -11760.4
-1303.73 10517.6 -11821.4
-1224.38 10619.7 -11844.1
-1196.61 10662.1 -11858.7
-1155.7 10730.1 -11885.8
-1159.78 10733 -11892.7
-1110.74 10783.2 -11893.9
-1144.12 10764.6 -11908.8
-1116.17 10821.5 -11937.7
-1115.27 10853.8 -11969
-1009.21 10952.2 -11961.4
-1015.81 10930.8 -11946.6
-853.442 11133 -11986.4
-774.613 11188.8 -11963.4
-738.698 11249.3 -11988
-652.752 11372.3 -12025.1
-585.868 11413.2 -11999.1
-505.324 11493.8 -11999.1
-396.764 11627.8 -12024.6
-434.915 11647.1 -12082
-425.757 11606.9 -12032.7
-378.317 11666.5 -12044.8
-296.695 11718.8 -12015.5
-298.994 11767.8 -12066.7
-198.939 11831.4 -12030.3
-211.438 11811 -12022.4
-608.065 11359.9 -11967.9
-393.538 11597 -11990.5
-248.136 11701.5 -11949.6
-206.634 11767.9 -11974.5
-214.579 11794.6 -12009.2
