0.425743 0.660859
0.456 1.03265
0.46 1.11674
0.445714 0.962777
0.435 0.820515
0.431111 0.754291
0.436 0.816331
0.421818 0.582629
0.44 0.858963
0.433846 0.754003
0.434286 0.754003
0.432 0.706226
0.44 0.843544
0.435294 0.755636
0.428889 0.628752
0.429474 0.628752
0.442 0.865014
0.43619 0.750756
0.438182 0.787646
0.433043 0.680314
0.431667 0.645574
0.432 0.645574
0.436923 0.74416
0.438519 0.776168
0.441429 0.838577
0.44 0.808131
0.441333 0.837861
0.44129 0.837861
0.44625 0.951496
0.446061 0.951496
0.448235 1.00593
0.441143 0.845951
0.44 0.819816
0.442162 0.871077
0.445263 0.946523
0.441026 0.847775
0.442 0.87202
0.439024 0.800557
0.438095 0.777143
0.43814 0.777143
0.436364 0.731851
