3.86863
3.86863
3.86863
3.86863
3.86863
3.56801
3.72281
3.72281
4.18261
4.1173
4.04584
4.04584
4.04584
4.01086
4.01086
4.01086
3.2572
3.81656
4.01148
4.01148
4.01148
4.01148
4.01148
3.4336
3.14239
2.75427
2.86349
2.86349
2.99304
2.10533
2.28264
3.23994
4.34946
4.34946
4.34946
4.34946
2.90191
2.90191
2.90191
2.90191
3.97515
3.97515
3.97515
2.90978
2.34988
2.34988
2.34988
2.89148
2.8521
3.10138
3.10138
3.10138
2.89658
3.33588
3.33588
3.33588
3.33588
3.33588
2.72947
1.73705
1.73705
2.67494
2.67494
2.67494
2.67494
3.51529
2.2406
3.16352
2.61895
2.39353
2.39353
2.39353
2.39353
2.67602
3.04524
2.91193
2.91193
2.24942
2.24942
3.27776
3.13016
3.13016
3.13016
3.1809
3.1809
1.66341
1.66341
2.4112
2.4112
2.4112
2.4112
2.93764
2.24593
2.24593
2.24593
2.2426
2.2426
2.2426
2.2426
2.2426
2.2426
2.2426
2.2426
2.2426
2.34479
2.34479
2.34479
2.34479
2.34479
2.34479
2.34479
2.66938
2.31907
2.31907
2.31907
2.31907
2.31907
2.31907
2.31907
2.50423
2.50423
2.50423
2.50423
2.50423
2.50423
2.50423
2.50423
2.75293
2.75293
2.75293
2.75293
2.75293
2.64659
2.64659
2.64659
2.95475
2.21952
2.21952
2.21952
1.5062
1.90931
1.90931
1.82449
1.82449
1.4322
1.72612
1.72612
1.72612
1.72612
1.72612
1.72612
1.50483
1.50483
2.15584
2.21655
2.21655
2.21655
2.21655
2.21655
2.21655
2.12485
2.12485
1.29515
1.41456
1.41456
1.41456
1.41456
1.54244
1.27764
1.27764
1.27764
1.27764
2.16235
2.09089
1.77824
1.16945
1.16945
1.57388
1.57388
1.57388
2.33384
2.57084
2.74981
2.74981
2.74981
2.18685
1.29311
1.29311
1.29311
1.29311
1.29311
1.29311
1.29311
1.29311
1.29311
1.71046
1.71046
2.38037
2.38037
2.38037
2.72552
2.72552
2.72552
1.10019
1.10019
1.10019
1.20609
1.71367
1.71367
1.71367
1.71367
1.71367
1.35267
1.35267
1.54179
1.69198
1.61839
1.61839
1.61839
1.4966
1.75929
1.75929
1.58203
1.71416
1.71416
1.71416
1.01443
0.782388
0.944063
0.944063
1.13191
1.48939
1.14269
1.69954
1.69954
1.69954
1.69954
1.69954
1.69954
1.69954
1.69954
2.35835
2.35835
2.48781
2.23684
2.23684
2.23684
1.65936
1.65936
1.65936
1.57929
1.65964
1.65964
2.30229
2.30229
2.30229
2.74039
2.75938
0.853443
0.853443
0.853443
1.31929
0.892086
1.23462
1.33125
1.33125
1.33125
1.33125
1.52854
1.52854
1.57903
1.21695
1.21695
1.4172
1.4172
1.84935
1.84935
1.84935
1.84935
0.984149
1.54606
0.926746
0.926746
1.38962
1.38962
1.38962
1.38962
1.38962
1.38962
1.38962
1.38962
0.794332
1.94215
1.48418
1.48418
1.48418
1.72982
1.72982
1.72982
1.67057
1.7214
1.7214
1.7214
0.956716
1.21317
1.21317
1.21317
1.21317
1.21317
1.21317
1.68844
1.68844
1.68844
1.83954
1.83954
1.83954
1.83954
1.83954
2.45257
2.24287
2.24287
2.24287
2.24287
2.24287
1.80655
1.75046
1.75046
1.23984
0.879815
1.89466
1.89466
1.89466
0.872646
0.499887
0.888849
1.26884
1.26884
1.26884
1.19867
1.25244
1.25244
1.25244
1.25244
1.25244
1.25244
1.25244
1.25244
1.5819
1.5819
1.30106
1.30106
1.30106
1.4992
1.4992
1.4992
1.4992
1.4992
1.60029
1.60029
1.60029
1.8652
1.8652
1.8652
1.8652
1.84724
1.84724
1.84724
1.84724
1.84724
1.84724
2.27389
2.27389
1.75573
0.994475
0.994475
1.65943
1.38534
1.38534
1.38534
1.38534
2.15338
2.15338
2.24352
2.39304
1.56715
1.56715
1.56715
1.8371
2.46361
1.43025
1.43025
1.43025
1.43025
1.43025
1.33598
1.33598
1.33598
1.33598
1.33598
1.33598
1.43215
1.43215
1.43215
1.43215
1.40882
1.40882
1.40882
1.40882
1.40882
1.40882
1.439
1.77624
1.77624
2.54414
2.54414
2.37651
2.37651
2.37651
1.97452
1.874
1.874
1.7471
1.7471
1.04382
0.787713
0.830328
1.15889
1.15889
0.70765
0.70765
0.70765
0.774141
0.774141
1.00718
2.04911
2.04911
2.04911
2.30588
2.25568
2.45984
2.45984
2.46558
2.09054
2.09584
2.364
1.98407
2.03332
2.03332
0.853263
0.853263
0.853263
1.54824
1.54824
1.54824
1.54824
1.54824
0.876174
0.876174
0.80785
0.766787
1.49579
1.49579
0.848548
0.848548
0.989379
1.02873
1.02873
1.02873
1.02873
1.02873
1.02873
1.55289
1.55289
1.42384
1.86336
0.636607
0.636607
0.992835
0.992835
0.992835
0.957654
0.957654
0.957654
0.86986
0.86986
0.86986
0.86986
1.36688
0.604485
0.604485
0.603921
0.663948
0.663948
0.663948
1.82813
1.82813
1.82813
1.82318
2.1928
1.71276
1.71276
1.57777
1.57777
1.28757
1.33417
1.33417
1.33417
1.33417
1.33417
2.46876
1.12024
1.12024
1.12024
1.12024
1.39401
1.39401
1.5361
1.5361
1.5361
1.4919
2.16067
0.771344
0.771344
1.38395
1.38395
0.778301
0.778301
0.778301
0.778301
0.778301
1.19275
1.402
1.402
1.402
0.836282
1.41527
1.41527
1.41527
1.91878
2.14067
2.14067
2.14067
2.65362
1.41986
0.561543
0.501044
1.57238
1.57238
1.57238
1.31879
1.31879
1.31879
0.884424
0.884424
0.884424
2.52747
2.52747
2.52747
2.52747
2.29599
2.29599
1.8754
1.8754
1.8754
1.71942
1.18755
1.03122
1.03122
0.842825
0.754456
1.60219
1.60219
0.919141
1.71081
1.71081
1.12396
1.12396
1.12396
0.906988
2.06058
2.06058
1.99653
2.19338
1.33543
1.33543
1.33543
1.12154
0.851153
0.971164
1.07672
1.29292
0.664087
1.20606
1.20606
1.20606
0.912071
0.912071
0.912071
0.912071
0.912071
0.912071
0.912071
0.912071
0.912071
0.891205
0.891205
0.891205
1.20143
1.20143
1.28066
1.28066
1.28066
1.28066
1.42592
1.42592
1.42592
3.21669
2.7892
2.7892
2.7892
2.7892
2.43962
2.83828
2.64369
2.64369
2.64369
2.64369
2.49185
2.49185
2.69203
2.69203
2.69203
2.69203
1.57443
1.57443
0.635493
0.635493
0.635493
1.49713
1.19038
1.19038
1.19038
1.19038
1.19038
1.78568
1.78568
0.726938
0.726938
0.726938
0.726938
0.726938
2.00776
2.00776
2.81073
2.58623
1.56856
1.56856
1.56856
1.56856
1.56856
1.63994
1.63994
1.63994
0.716176
0.727085
0.727085
1.5103
1.5103
1.5103
1.37656
1.10323
1.10323
1.45796
1.14767
1.1254
1.50727
1.50727
1.50727
1.50727
1.50727
1.50727
0.852502
0.878409
1.26789
1.43362
1.43362
1.39865
1.39865
0.927737
0.927737
1.45151
1.27499
0.755181
0.486196
1.05681
1.05681
1.05681
1.05681
1.05681
1.05681
0.782143
0.782143
0.782143
1.14637
1.14637
1.14637
1.14637
1.27464
1.27464
1.27464
1.27464
1.27464
1.11181
1.26736
1.05277
1.10579
1.23263
1.23263
1.23263
1.23263
1.13342
1.13342
1.93464
2.16727
1.07809
0.668778
0.668778
0.668778
0.668778
1.12621
1.12621
1.12621
1.12621
1.28477
1.28477
1.23904
1.23904
1.23904
0.959766
0.957024
1.70474
1.70474
1.70474
2.24068
1.37538
1.37538
1.37538
1.63883
1.63883
1.63883
1.33693
1.33693
1.06593
0.899827
0.899827
1.83389
1.58301
1.74541
1.74541
1.74541
1.71856
1.71856
1.06248
1.06248
1.32674
1.21054
1.05623
1.05623
1.05623
1.05623
1.05623
1.05623
1.05623
1.52242
1.52242
0.961748
0.961748
0.961748
0.961748
1.49246
1.49246
0.660054
1.30527
1.33979
0.982431
0.982431
1.91227
1.91227
1.91227
1.75224
1.37164
0.644799
0.7788
0.7788
0.653667
1.17255
1.17255
1.12809
1.12809
1.635
1.96559
1.96559
1.49042
1.49042
1.49042
1.49042
1.267
1.40769
1.40769
0.883918
0.934918
1.74371
1.74371
2.59325
2.59325
2.59325
1.61659
1.61659
1.59448
1.59448
1.59448
0.940044
0.940044
0.940044
0.940044
0.940044
0.940044
1.11946
1.11946
1.11946
1.11946
0.672604
0.672604
0.711877
0.612241
0.658902
1.71883
0.995268
1.29789
1.5976
1.89154
1.89154
1.89154
1.89154
1.89154
1.89154
1.71504
1.30908
1.30908
1.30908
1.30908
1.30908
1.30908
1.32041
1.32041
1.09713
1.09713
1.72047
1.00286
1.00286
1.00286
1.00286
1.00286
1.00286
1.00286
1.00286
1.82983
1.82983
1.82983
0.943798
0.943798
0.943798
0.943798
0.588327
0.588327
0.588327
0.588327
0.934894
1.53841
1.53841
1.52361
2.03948
1.26767
1.26767
1.35647
1.9609
1.9609
1.9609
1.43232
1.37344
1.37344
1.37344
1.37344
1.37344
0.968828
0.968828
0.968828
0.968828
1.00117
1.00117
1.00117
1.39692
1.39692
0.892834
0.892834
1.98117
1.7002
1.7002
1.11115
1.11115
1.11115
1.40257
1.40257
1.47678
1.47678
1.31397
1.31397
1.31397
1.33788
1.33788
1.51779
1.51779
0.991957
0.991957
0.991957
0.991957
0.991957
1.24689
1.24689
1.01789
0.99746
1.17699
1.17699
1.17699
1.17699
1.17699
1.17699
1.17699
0.723138
1.27987
1.27987
2.02779
2.02779
1.33431
1.33431
0.838484
0.703799
0.703799
0.964748
0.964748
0.964748
0.964748
0.798231
1.50252
1.04129
0.729978
0.729978
0.729978
0.729978
0.689804
0.689804
0.689804
0.959322
0.959322
0.959322
0.959322
0.959322
0.959322
1.24817
1.24817
0.666061
0.99036
0.99036
1.44807
1.44807
1.61333
1.61333
1.61333
1.61333
1.61333
1.61333
1.04537
1.04537
1.20013
1.20013
1.20013
1.20013
1.20013
1.20013
1.56384
1.4336
1.4336
1.4336
1.45473
1.45473
1.11259
1.11259
1.11259
1.11259
1.11259
