17.5234
17.5234
17.1672
17.5336
17.5336
17.8544
17.8544
17.8544
17.199
17.8218
17.2174
17.2174
17.7406
17.035
17.1499
18.1933
17.8781
17.8781
17.6969
17.6969
17.6078
17.6078
17.6078
18.0685
18.0685
17.6635
17.545
17.5343
17.5343
17.5343
17.5343
17.5343
17.5343
17.5739
17.5739
17.729
18.1122
18.1122
18.5733
18.1929
18.1929
18.1929
18.2684
17.3916
17.3916
17.884
17.884
17.8447
17.8447
17.8447
16.9615
16.9615
16.9615
16.9615
17.2596
17.2596
17.5955
18.0549
18.0549
18.0549
17.838
17.838
17.838
17.838
17.838
17.838
17.2562
17.2562
17.2562
17.8436
17.8436
17.8436
17.8436
17.4259
17.4595
17.4595
17.4877
17.5585
17.5585
17.5585
17.3211
17.3211
17.3211
17.3211
17.3211
17.4523
17.6643
17.6643
17.7709
17.7709
17.7709
17.7709
17.7709
17.7709
17.6647
17.6647
17.6134
17.6134
17.3832
17.3832
17.3832
16.9226
16.9226
16.9226
16.9226
16.874
16.874
17.4626
17.4626
17.4626
17.1599
17.5076
17.8493
17.8493
17.8493
17.8493
18.1561
17.9547
17.9547
17.9547
17.1621
17.1621
17.3186
17.3186
17.3186
16.7897
17.5931
17.3894
17.3921
17.3921
17.1353
17.731
17.731
17.731
17.3819
17.6516
17.6516
17.4511
17.4511
17.4511
17.4511
17.4511
17.421
17.421
17.421
17.421
17.421
17.3176
17.3176
17.5056
17.5641
17.5641
17.686
17.686
17.686
17.686
17.686
17.686
17.686
17.4747
17.4747
17.4747
17.4747
17.441
17.441
17.441
17.441
18.1481
16.9748
16.9748
16.9748
16.9748
16.9748
16.9748
17.0782
17.3773
18.0883
17.9164
17.9144
18.153
18.153
17.8837
17.1767
17.3749
17.3749
17.3749
17.3481
17.3481
17.3481
17.4114
17.4114
17.2838
17.3267
17.3267
17.697
17.4044
17.4044
17.4044
17.4219
17.5505
17.5505
17.6484
17.6484
17.6484
17.6484
17.6484
17.6484
17.5905
17.5905
17.6187
17.8405
17.8405
17.8405
17.8405
17.3949
17.3949
17.3949
17.3949
18.046
18.046
17.7012
17.7012
16.9377
16.9377
17.0002
17.0002
17.0189
17.0189
17.0189
17.5107
17.5107
17.5107
17.5107
17.5107
17.5107
17.4749
17.4749
17.4305
17.4305
18.4313
18.4313
17.8833
17.8833
17.8833
17.3773
17.415
17.6334
17.7067
17.3829
17.3829
17.3829
18.2656
18.2656
18.026
17.8325
17.8325
17.8325
17.8325
17.8325
17.8325
17.8325
17.6566
17.075
17.3501
17.2853
17.2853
17.2853
17.4451
17.4451
17.4451
17.4361
17.4361
17.4034
17.4034
17.4034
17.4034
17.4034
17.7667
18.0331
18.0331
16.9996
16.9996
17.8752
17.8752
18.2806
18.2806
17.7707
17.3621
17.3621
17.3158
17.2184
17.2585
18.1547
18.1547
18.1848
18.1848
18.1848
17.855
17.855
17.8975
17.8975
17.8975
17.9011
17.9011
17.9011
17.9011
18.258
18.258
17.3191
17.6104
17.6104
17.6104
17.8248
17.8248
17.8248
17.3395
17.4179
17.4179
17.4179
17.4179
17.4179
17.5215
17.6328
17.6328
17.6328
17.6328
17.6328
17.6328
18.075
18.075
18.075
18.075
17.9673
17.5666
17.5995
17.5995
17.5995
17.5995
17.5995
17.5995
17.5675
17.5675
17.5675
17.5675
17.5675
17.5675
18.2772
18.3865
17.4999
17.4999
17.4999
17.4999
17.4999
17.4999
17.4832
17.5575
17.5575
17.235
17.235
17.6215
17.6299
17.6299
17.6299
17.6299
17.5301
18.4373
18.2174
18.2174
17.7111
17.1631
17.3729
17.3729
17.3729
17.3729
17.3729
17.3729
17.3729
17.1415
17.1415
17.3215
18.0511
17.3959
17.3688
17.3796
17.3796
17.8341
17.792
17.792
17.792
17.6166
17.5435
17.5435
17.6937
17.4644
17.399
17.9561
17.5469
17.5497
17.9871
17.9871
17.9871
17.9871
17.9871
17.7138
17.7138
17.8167
17.598
17.598
17.598
17.598
17.598
17.598
17.598
17.1576
17.1576
17.1913
17.1913
17.2313
17.242
17.242
17.242
17.242
17.242
17.242
17.1124
17.1124
17.1124
17.1124
17.1124
16.986
16.986
17.9644
17.7845
17.7845
17.7845
17.7845
17.5945
18.1485
18.2087
17.4772
17.3019
18.0666
18.0666
18.0666
17.8863
17.8863
17.8863
17.8138
17.8138
18.0266
17.3616
17.3616
17.3616
17.3616
17.3616
17.3616
17.3616
17.3616
17.3616
17.3616
17.3616
17.4567
17.3264
17.3764
17.3764
17.3764
16.9625
17.5256
17.5256
17.1956
17.3631
17.3631
17.3631
17.3631
17.3631
17.3631
17.1139
17.1139
17.2675
17.2675
17.2675
17.4559
17.4559
17.1297
17.1297
17.1297
17.1297
17.1297
17.5022
17.5022
17.5022
17.2451
17.2451
17.4789
17.4789
17.4789
17.4789
17.8658
17.6623
17.4291
17.4291
17.7629
17.5517
17.5517
17.5517
17.5517
17.5517
17.5517
17.4387
17.6822
17.3104
17.2881
17.2881
17.2881
17.2881
17.118
17.7808
17.1618
17.1618
17.1618
17.8637
17.8637
17.8637
17.8637
17.5695
17.5695
17.5209
17.5938
17.5938
17.5938
17.5938
17.5938
17.5938
17.5938
17.5938
17.8033
17.6852
17.6852
17.6852
17.5299
17.174
17.6962
17.6962
17.3053
17.338
17.927
18.7704
18.4053
17.6589
17.3707
17.4449
17.4449
17.4449
17.8959
17.8959
17.7137
17.7137
17.7137
17.7137
17.7137
17.7137
17.1394
17.1394
17.1394
17.5328
17.1692
17.1002
16.9468
17.2074
17.2074
17.2074
17.2074
17.6575
17.8887
17.8862
17.8862
17.1725
17.1725
17.1725
17.1725
17.4093
17.4093
17.8226
17.8226
17.8226
17.9715
17.9715
17.9715
16.9434
17.0674
17.0674
17.0674
17.5837
17.5837
18.0127
17.7543
17.6622
17.1052
17.6147
17.58
17.58
17.3934
17.3934
17.3934
17.3934
17.3934
17.3934
17.7197
17.7197
17.7197
17.5999
17.4048
17.4048
17.4048
17.4048
17.6609
17.3987
17.3987
16.752
16.752
17.3936
17.3936
17.1925
17.2317
17.2317
17.3077
17.3077
17.5094
17.5094
17.3982
17.3982
17.2959
17.2959
18.3205
18.3205
18.3205
18.3205
17.648
17.107
17.5411
17.4862
17.4862
17.1891
17.9756
17.9756
18.2856
18.2856
18.2856
18.2856
18.2856
17.7919
17.7919
17.7931
18.5049
18.5376
18.5376
18.5376
18.557
18.557
18.557
18.557
17.8066
17.8066
17.1691
17.1691
17.1691
17.2509
17.2509
17.7828
17.399
17.4327
17.4327
17.4327
17.4327
17.4327
17.4327
17.4327
17.9136
17.9136
18.4183
18.4183
17.3653
17.1355
17.5931
17.3921
17.3921
17.7422
17.7422
17.9554
17.9524
17.9524
17.7096
17.7096
17.9217
17.3066
17.3066
17.5658
17.1202
17.6554
17.6554
17.6554
17.6164
17.6164
17.8232
17.8232
17.8232
17.8232
17.8232
17.8232
18.4002
18.6616
18.6438
18.6438
18.9166
18.8712
17.5636
17.2382
17.2382
17.3557
17.8373
17.8373
17.8373
17.8373
17.8373
17.8373
17.351
17.351
17.2066
17.8178
17.8309
16.9801
16.9801
16.9801
17.3589
17.3589
17.3589
17.3589
18.1669
17.5529
17.3913
17.3913
17.2555
17.2555
17.2101
17.4472
17.5081
17.5081
17.5081
17.5081
17.5081
17.5081
17.5081
17.5081
17.5081
17.6328
17.6328
17.6328
17.6328
17.6328
17.6328
17.6328
17.6328
17.6328
17.6328
18.0745
18.0745
18.0745
18.1122
18.5112
18.5112
18.5112
18.5112
18.3921
18.3921
18.3921
18.3921
18.3921
17.4784
17.3134
17.3134
17.3134
17.3134
17.9008
17.6934
17.6934
17.6934
17.6934
17.7394
17.291
17.291
17.291
17.291
17.291
16.9985
17.6106
18.1875
18.1875
18.1875
18.1785
18.1785
18.1785
17.311
17.7497
17.559
18.0946
17.1731
17.1731
17.1731
17.1731
17.0925
17.4828
17.4828
17.4828
17.4828
17.4828
18.2248
17.9794
17.9794
18.2513
17.9801
17.9801
18.5812
18.5812
18.0808
18.0808
17.2374
18.2066
18.2066
18.2066
17.3847
17.4444
17.6365
17.7461
17.7461
16.8073
17.256
17.256
17.7052
17.1
17.1
17.0924
17.0924
17.0924
17.4527
17.4527
17.4527
17.4527
17.7335
17.7335
17.4279
17.4279
17.4279
17.4279
17.4279
17.4279
17.4279
16.8572
16.8572
16.8572
17.8308
17.8308
17.8039
17.8039
17.8039
17.5988
17.5653
17.5653
17.1367
17.1367
17.1367
17.1367
17.1367
17.1367
17.1367
17.1792
17.1792
17.4895
17.4848
17.3691
17.4761
17.4761
16.9347
16.9347
16.9347
16.9347
17.8455
17.7395
17.7395
17.1545
17.1545
17.1545
17.2927
17.2927
17.4436
17.4436
17.4436
17.4436
17.4436
17.5251
17.3223
17.3223
17.3223
17.3223
17.2441
17.2441
17.2441
17.2441
17.2441
16.9924
17.6881
17.6881
17.336
17.336
17.9231
17.9231
17.9117
17.9117
17.9117
17.5046
17.5046
17.5046
17.5046
17.5046
17.2065
17.2065
17.7703
17.5523
17.5523
17.5523
17.5523
17.5523
17.6708
17.6708
17.6708
17.8966
17.8966
16.9714
16.9714
16.9714
16.9714
16.9714
16.9304
17.8044
17.8044
17.6038
17.1656
17.1656
17.1656
17.1656
17.4111
17.6576
17.6576
17.6576
17.6576
17.7146
17.7146
17.7146
17.1769
17.3323
17.0643
17.0643
17.3585
17.3585
17.3585
17.3585
17.3585
17.3585
17.3585
17.1809
17.0986
17.0986
17.0986
16.9607
17.2845
17.6241
17.6975
17.6975
17.6975
17.23
17.7095
17.7095
17.7095
17.7095
17.7095
17.7095
17.7095
17.7095
17.7095
17.7095
17.8915
17.8915
17.3031
17.3031
17.2822
17.2758
17.2758
17.2758
17.5752
17.5752
17.7155
