0.738714
0.738714
1.50696
1.31265
1.31265
1.31265
1.31265
1.04193
1.04193
1.04193
1.81379
1.81379
1.81379
1.81379
1.81379
0.566217
0.566217
0.994765
0.994765
0.994765
0.994765
0.994765
0.994765
0.994765
0.994765
0.994765
0.994765
0.733794
0.733794
0.733794
1.07615
1.07615
0.933856
0.933856
0.933856
0.933856
0.933856
0.933856
0.933856
1.22415
1.2077
0.896412
0.856827
0.856827
0.856827
0.856827
0.856827
0.856827
0.856827
0.856827
1.08662
0.557732
1.09578
1.09578
1.45517
1.45517
1.45517
1.45517
1.57665
1.57665
2.28279
2.66612
2.25369
2.20573
2.20573
2.20573
1.89019
1.00488
0.696772
0.696772
0.696772
0.772361
0.772361
1.39729
1.40151
0.809948
1.26859
1.26859
1.26859
0.615044
1.63368
1.68099
1.68099
1.68099
1.68099
1.68099
1.44032
1.44032
1.16126
1.35274
1.78065
1.78065
1.57261
1.57261
1.57261
1.57261
1.57261
1.82923
1.99079
1.17473
1.59471
1.59471
1.21423
1.43377
1.43377
1.43377
1.36273
1.36273
1.36273
1.36273
1.36273
1.36273
1.15305
1.15305
1.15305
1.15305
1.04646
1.04646
1.04646
1.04646
1.04646
0.645286
0.645286
1.26462
1.20173
1.20173
1.20173
1.20173
1.20173
1.20173
1.35223
1.35223
1.35223
1.35223
1.35223
1.22509
1.22509
1.22509
1.22509
1.22509
1.22509
1.22509
1.22509
1.22509
1.22509
0.895211
1.62166
1.62166
1.26518
1.26518
0.799198
1.55001
1.2751
1.4755
1.4755
1.4755
1.4755
1.03247
0.818745
0.812039
0.812039
0.812039
0.812039
0.812039
0.850426
0.56112
0.38485
0.38485
0.770882
0.770882
0.770882
0.623296
0.845672
0.822436
0.822436
0.822436
0.912706
0.431254
0.47961
0.47961
0.646379
1.35326
1.35326
1.35326
1.56792
1.56792
1.56792
1.56792
2.21511
2.21511
2.21511
2.21511
2.08188
2.08188
0.935408
0.935408
0.935408
0.935408
0.907584
1.47349
1.31158
1.31158
1.09375
1.09375
1.09375
1.45259
1.45259
1.45259
1.23294
0.961988
0.563947
0.563947
0.563947
0.563947
0.949677
0.649263
0.649263
0.649263
1.14724
1.42697
1.42697
1.42697
1.42697
0.932436
1.37031
0.898296
0.898296
0.898296
1.55796
0.825482
0.64031
0.64031
0.945223
0.945223
0.945223
0.945223
0.945223
0.945223
0.945223
0.945223
0.945223
0.945223
1.18446
1.14623
2.20497
0.984219
0.984219
1.67589
1.83748
0.821212
0.992531
0.992531
0.992531
0.992531
0.992531
0.992531
0.992531
0.992531
1.48165
0.962698
1.35758
1.35758
1.35758
1.35758
1.35758
1.35758
1.35758
1.25794
1.24499
1.24499
1.24499
1.49249
1.49249
0.823526
0.823526
0.823526
0.823526
1.43367
1.43367
1.43367
1.00968
1.63024
1.63024
1.18559
1.18299
1.18299
1.35259
1.67408
1.67408
1.69556
1.89136
1.16545
1.16545
1.16545
1.59882
1.59882
1.27551
1.27551
1.27551
1.54682
1.54682
1.74184
1.74184
1.53038
0.986672
0.986672
0.646731
0.945765
1.74569
1.74569
1.54354
1.54354
1.54354
1.49475
1.49475
1.49475
1.49475
1.49475
1.49475
1.49475
0.769915
1.60606
1.8907
1.8907
1.91463
1.91463
1.91463
1.56271
1.56271
1.56271
1.56271
1.56271
0.708862
1.37076
1.06294
1.06294
1.06294
1.06294
1.06294
1.04637
1.04637
1.04637
0.554685
0.554685
0.554685
0.554685
0.554685
0.554685
1.83285
2.78628
2.76771
2.47648
2.47648
1.53445
0.95677
0.95677
0.95677
0.745455
1.25449
1.21546
1.51939
1.51939
1.51939
1.51939
1.51939
1.51939
1.51939
1.09475
1.17277
1.30782
1.30782
1.00353
1.00353
1.10171
1.67167
1.47742
1.47742
1.47742
1.47742
2.20247
2.20247
1.10958
0.748009
1.05117
1.38468
1.71393
0.721599
1.83568
0.764991
0.764991
0.764991
0.764991
0.645221
0.645221
0.645221
0.645221
0.645221
0.645221
0.645221
2.27184
1.72696
1.50133
1.50133
0.569565
0.569565
0.80943
0.80943
0.80943
0.80943
0.80943
0.80943
0.598715
1.79714
1.79714
1.01829
0.696566
0.696566
0.696566
0.696566
0.696566
0.696566
0.971803
0.971803
0.971803
0.971803
0.971803
0.971803
0.971803
1.08167
1.08167
1.08167
1.08167
0.858997
0.977462
0.681026
1.46882
1.46882
1.14958
1.54993
1.54993
1.54993
1.61552
0.979775
0.906572
0.506347
0.506347
1.32419
1.32419
0.967519
1.32644
1.32644
1.32644
1.32644
1.12899
1.12899
1.12899
1.12899
1.12899
1.12899
1.31291
1.00368
1.88971
1.88971
1.13842
1.74876
1.67229
1.67229
0.967018
0.967018
0.967018
0.967018
0.967018
0.967018
0.967018
0.967018
0.967018
0.967018
0.967018
0.967018
0.967018
0.967018
0.967018
1.04171
1.04171
1.04171
1.00103
1.50601
1.42771
1.01135
1.01135
1.01135
1.01135
1.32749
1.32749
1.2325
1.2325
1.2325
1.51951
1.51951
1.51951
1.51951
1.32
0.669722
0.669722
0.669722
1.06943
1.06943
1.06943
1.11723
1.04676
1.02364
1.02364
1.02364
1.02364
1.02364
1.15269
1.15269
1.30314
1.30314
0.872604
0.949891
0.949681
0.949681
1.5384
1.5384
1.5384
1.39924
1.39924
1.39924
1.39924
1.39924
1.39924
1.39924
0.99147
0.963107
0.963107
1.10872
1.10872
1.29442
1.29442
1.29442
1.29442
0.765264
0.765264
0.765264
0.765264
1.61768
1.61768
1.13691
1.15962
0.75697
1.12814
1.12814
0.613838
0.613838
0.775543
1.2181
1.06523
1.00797
1.00797
1.00797
1.00797
0.493457
0.493457
0.493457
0.830169
0.830169
0.698194
1.20699
0.980354
0.980354
0.980354
0.980354
0.980354
0.980354
0.980354
0.822804
1.12211
1.07424
1.01345
1.01345
1.01345
1.01345
1.01345
1.01345
1.24722
1.24722
1.24722
1.54428
1.54428
1.54428
1.85653
1.85653
1.85653
2.29752
1.99051
1.99051
1.99051
1.99051
1.03152
1.03152
1.03152
1.22665
1.22665
1.22665
1.22665
1.22665
1.22665
1.32669
1.32669
1.32669
1.1559
1.1559
1.38165
0.904365
1.40028
1.40028
1.40028
1.05249
1.05249
1.44721
0.791919
0.791919
0.791919
1.0947
1.0947
1.0947
1.0947
1.0947
0.799417
1.28778
1.28778
1.4704
1.35135
0.913215
1.98565
1.98356
1.21865
1.21865
1.21865
1.21865
1.21865
0.872114
0.872114
0.872114
0.872114
1.01611
0.850143
0.84296
0.84296
0.84296
0.84296
0.670731
0.670731
0.747187
0.949384
1.06686
0.551744
0.551744
1.70407
1.488
1.488
1.18982
1.13127
1.13127
1.13127
1.13127
1.13127
1.13127
1.02543
1.02543
1.40462
0.990075
0.980169
0.980169
0.980169
0.780704
0.833133
1.5002
1.5002
1.5002
1.5002
1.5002
1.5002
1.5002
1.5002
1.24756
1.24756
1.13164
1.13164
1.13164
0.546593
1.45541
0.564518
0.564518
1.21124
1.21124
1.21124
1.21124
1.21124
1.33209
1.45493
1.45493
1.45493
1.44015
1.44015
1.23649
1.23649
1.23649
1.23649
1.0278
1.0278
0.667843
0.667843
0.924457
0.752393
1.10659
1.54841
1.72741
1.43292
1.84527
2.52931
2.23638
1.07964
1.06294
1.06294
1.06294
1.06294
1.06294
1.06294
0.910469
0.910469
0.910469
0.910469
1.14407
1.14407
1.17517
1.17517
1.33512
1.33512
1.02624
1.02624
1.02624
1.798
1.798
1.66156
1.66156
1.66156
1.76392
1.76392
1.76392
1.76392
0.94323
0.94323
0.94323
0.94323
0.94323
1.85583
1.50877
1.71733
1.71733
1.07542
1.07542
1.78574
1.78574
2.06938
2.06938
2.24113
0.824314
0.937299
0.937299
0.800456
1.18154
1.18154
1.18154
0.820444
0.820444
0.820444
0.989708
1.35896
0.910738
0.910738
0.910738
0.910738
0.910738
1.08079
1.08079
1.08079
1.03177
1.03177
1.03177
1.0958
1.13632
1.32053
1.32053
1.30611
0.867927
0.867927
0.5125
0.5125
1.38421
1.38421
2.14968
2.49571
0.996444
0.964368
0.875224
0.875224
0.875224
0.875224
0.875224
1.09161
0.73406
0.73406
0.423244
1.68936
1.82369
1.82369
1.82369
1.82369
1.11689
1.11689
1.11689
1.11689
1.11689
1.11689
1.11689
1.28354
1.30007
1.30007
1.25916
1.25916
1.25916
0.802426
0.802426
1.40455
0.84454
1.51696
1.81367
1.81367
1.81367
1.81367
1.81367
1.88044
1.88044
1.88044
1.88044
1.88044
1.88044
0.549171
0.549171
1.16153
1.16153
1.16153
1.25854
1.25854
1.17733
1.55903
0.999182
0.999182
0.999182
0.999182
0.999182
0.999182
0.999182
0.999182
0.999182
0.77967
1.36572
1.36572
1.36572
1.69515
1.69515
1.69515
0.703786
0.874763
0.619766
0.648158
0.648158
0.648158
0.648158
0.668624
0.668624
0.668624
0.668624
0.805306
1.16691
1.27331
0.829093
0.567342
1.71466
1.4465
1.61958
1.61958
1.61958
1.79165
1.28021
1.28021
1.28021
1.28021
1.07902
1.07902
1.27994
1.27994
1.79784
1.79784
1.79784
1.79784
1.79784
1.2067
1.20811
0.640263
1.13871
1.13871
1.13871
1.13871
0.713902
0.552701
0.521125
0.521125
0.594393
1.25555
0.66853
0.66853
0.66853
0.717651
0.717651
0.937826
0.719094
0.852642
0.852642
0.852642
0.852642
2.01327
2.22369
1.62375
1.62375
1.62375
1.62375
1.0982
1.04342
1.34723
1.34723
1.34723
1.34723
1.34723
1.34723
1.19125
1.32166
1.21072
0.494365
0.684733
0.684733
1.0618
1.51554
1.51554
1.51554
1.51554
1.07317
1.07317
1.07317
1.07317
1.34789
1.34789
1.34789
1.20385
1.20385
1.45388
0.854796
1.28562
1.28435
1.28435
2.22415
2.22415
0.903982
1.85468
1.88624
1.808
1.808
1.3271
1.11546
1.11546
1.11546
0.610863
0.610863
0.610863
1.12753
1.34414
1.25111
1.35643
1.35643
1.35643
1.35643
1.12648
1.04492
0.867385
0.867385
0.867385
0.867385
0.867385
