0.435644 0.822694
0.424 0.729746
0.393333 0.309298
0.44 0.848159
0.405 0.35024
0.431111 0.68136
0.424 0.55728
0.432727 0.674131
0.433333 0.674131
0.418462 0.411732
0.44 0.761732
0.432 0.6184
0.4325 0.6184
0.435294 0.662353
0.422222 0.408584
0.429474 0.53091
0.428 0.491533
0.434286 0.60579
0.434545 0.60579
0.427826 0.462682
0.426667 0.427942
0.4288 0.461712
0.421538 0.297403
0.431111 0.489453
0.434286 0.551862
0.44 0.673648
0.437333 0.614188
0.436129 0.585136
0.43875 0.641953
0.438788 0.641953
0.437647 0.614737
0.441143 0.694726
0.441111 0.694726
0.44 0.669095
0.44 0.669095
0.44 0.669095
0.44 0.669095
0.439024 0.645274
0.435238 0.551619
0.433488 0.505574
0.436364 0.573512
