0.465347 1.50549
0.424 1.1337
0.4 0.797342
0.428571 1.10526
0.44 1.24752
0.431111 1.11508
0.408 0.742835
0.421818 0.918111
0.423333 0.918111
0.427692 0.970591
0.431429 1.02059
0.424 0.877259
0.43 0.968804
0.432941 1.01276
0.426667 0.885873
0.433684 1.0082
0.436 1.04758
0.432381 0.971404
0.438182 1.08207
0.433043 0.974741
0.428333 0.870521
0.4304 0.904291
0.427692 0.838567
0.42963 0.870576
0.428571 0.839371
0.427586 0.808924
0.429333 0.838655
0.432258 0.896758
0.43 0.839941
0.437576 1.00673
0.434118 0.925078
0.435429 0.951741
0.436667 0.977876
0.437838 1.00351
0.436842 0.978358
0.434872 0.928983
0.438 1.00172
0.44 1.04936
0.441905 1.09619
0.443721 1.14223
0.445455 1.18752
