37
41
52
41
48
40
40
44
60
45
47
40
35
51
43
41
56
42
37
48
44
48
53
52
36
38
34
40
33
33
33
38
40
40
39
37
40
34
39
35
45
44
42
51
41
35
38
35
37
38
49
39
42
38
47
33
39
34
41
33
33
34
38
33
43
44
35
33
32
35
31
34
29
36
39
32
29
32
29
44
33
36
38
38
34
36
36
31
30
31
28
32
35
28
30
35
33
29
32
32
39
33
26
26
26
30
29
32
31
30
26
26
28
28
25
33
25
29
31
30
30
26
27
30
34
31
27
33
25
36
31
28
25
34
26
40
25
27
25
24
21
21
24
24
26
21
22
21
26
22
25
20
23
22
28
29
27
25
22
21
27
24
21
19
27
24
26
26
21
17
17
18
24
19
19
16
16
21
20
21
28
14
19
26
17
14
21
19
14
20
19
14
19
18
14
14
13
24
17
22
22
32
20
16
15
16
14
16
21
22
20
17
21
18
16
21
16
20
24
13
16
20
23
20
17
20
16
19
16
15
15
17
15
22
14
15
18
20
19
20
17
15
16
16
22
18
21
19
14
20
18
13
18
15
19
19
17
20
12
12
19
12
15
17
17
15
15
14
13
18
19
17
16
18
18
21
24
14
22
18
17
12
14
14
18
18
23
13
19
21
19
15
16
19
21
16
25
16
16
25
15
19
12
15
15
12
12
13
12
14
18
18
25
18
19
21
13
24
29
17
19
20
17
24
14
14
17
16
13
29
19
14
17
12
17
12
14
13
16
17
16
14
12
15
15
16
12
12
16
17
17
14
14
15
15
13
14
19
15
14
16
14
23
22
18
16
16
17
24
20
15
15
17
14
14
18
19
12
16
16
18
22
20
12
16
15
17
19
17
17
15
15
17
16
16
13
14
15
14
15
21
12
11
23
19
15
21
17
21
17
19
21
18
22
16
21
20
18
15
13
19
22
12
12
12
16
11
11
16
13
12
11
12
15
15
17
16
15
14
18
27
40
20
17
14
15
21
18
13
10
14
16
16
17
12
12
15
12
15
11
15
12
14
10
10
15
12
10
14
15
11
13
18
13
20
12
11
14
13
12
11
11
11
14
12
14
11
13
10
14
11
10
12
17
16
13
17
17
16
17
16
13
14
11
15
10
11
11
12
17
10
16
9
18
17
17
21
13
14
21
15
13
11
9
18
10
10
16
11
10
14
14
17
13
12
16
15
12
19
17
11
21
31
10
14
12
12
15
13
11
20
12
15
13
11
24
15
22
19
20
16
14
19
20
11
12
11
11
9
10
10
16
10
14
12
12
10
16
15
16
15
14
18
15
13
13
13
13
15
13
12
10
14
9
9
11
12
9
10
15
11
13
11
13
9
12
11
12
13
10
13
13
16
12
15
20
20
28
25
19
19
16
24
23
21
24
22
17
25
20
28
13
26
11
15
11
10
11
12
11
13
13
9
12
15
16
10
12
9
9
15
15
19
14
12
16
18
19
12
17
12
21
18
12
10
11
12
10
14
11
11
16
10
10
13
12
15
9
13
15
15
17
9
11
15
11
10
17
9
11
13
9
10
10
10
15
10
13
10
9
15
16
11
9
13
11
15
12
12
12
13
15
20
15
14
15
19
14
12
10
15
10
14
18
11
10
10
9
10
15
12
12
9
16
12
14
13
12
9
11
12
16
15
27
11
10
11
14
13
15
12
13
17
9
12
13
20
17
15
20
15
12
11
12
16
12
10
11
14
14
11
12
10
12
23
16
11
12
9
15
12
12
12
10
15
9
26
14
13
11
23
11
13
12
11
9
16
13
14
10
16
14
18
15
11
19
11
12
13
19
13
20
19
15
14
16
16
14
18
18
12
11
10
10
19
10
11
12
13
10
10
11
9
11
9
10
14
14
11
13
13
12
14
14
16
12
13
15
14
19
12
13
13
16
10
11
11
13
10
17
10
10
9
18
11
12
21
15
17
11
13
13
11
9
11
9
9
9
15
10
9
13
12
13
17
15
17
18
12
14
13
14
11
16
14
18
10
14
16
10
10
15
13
14
10
16
19
13
14
11
13
12
12
19
12
11
14
11
11
11
16
16
16
16
13
13
10
11
14
9
14
14
10
11
13
15
12
12
11
15
10
16
15
15
12
14
10
13
10
12
12
12
14
16
10
12
16
10
13
10
9
13
11
11
9
11
16
12
18
14
9
11
15
15
14
14
17
16
15
12
11
10
11
10
11
12
10
16
15
11
11
14
16
11
12
11
10
17
16
16
