0.386139 0.317264
0.408 0.410211
0.4 0.242032
0.411429 0.319012
0.39 1
0.368889 0.602656
0.364 0.416535
0.374545 0.47496
0.353333 0.0328264
0.396923 0.662583
0.397143 0.612583
0.384 0.325918
0.4 0.554781
0.397647 0.466874
0.404444 0.551464
0.397895 0.388363
0.402 0.42774
0.4 0.351568
0.407273 0.462237
0.410435 0.498014
0.405 0.359054
0.4144 0.527906
0.415385 0.527906
0.416296 0.527906
0.411429 0.403087
0.409655 0.342194
0.410667 0.342194
0.412903 0.371246
0.4225 0.570107
0.421818 0.542309
0.422353 0.542309
0.420571 0.488983
0.42 0.462848
0.418378 0.411587
0.415789 0.336141
0.417436 0.360828
0.419 0.385073
0.42439 0.504177
0.424762 0.504177
0.426047 0.5272
0.423636 0.459262
