-211729 -202249 -9480.85
-4086.24 4922.74 -9008.98
-4084.61 4888.91 -8973.51
-4129.94 4935.94 -9065.87
-4098.68 4949.86 -9048.54
-4122.11 4930.96 -9053.07
-4008.7 4996.93 -9005.63
-4102.76 4948.42 -9051.18
-3975.57 5031.35 -9006.92
-4055.91 5004.95 -9060.86
-4015.11 5050.85 -9065.96
-3976.8 5092.58 -9069.37
-4041.86 5051.2 -9093.07
-4357.52 4695.98 -9053.5
-4119.57 4939.19 -9058.76
-4142.42 4910.34 -9052.76
-4072.49 4938.88 -9011.37
-4041.25 4936.77 -8978.02
-4065.3 4916.41 -8981.7
-4076.19 4920.65 -8996.85
-4059.38 4919.75 -8979.13
-4084.83 4937.97 -9022.81
-4117.69 4899.32 -9017
-4129.41 4929.8 -9059.22
-4170.96 4860.86 -9031.82
-4073.44 4928.17 -9001.61
-4103.15 4934.92 -9038.07
-4060.64 4995.39 -9056.03
-4022.85 4993.09 -9015.94
-4067.42 4975.41 -9042.83
-4075.68 5004.03 -9079.71
-4057.92 5034.01 -9091.93
-4062.08 5038.94 -9101.02
-4091.58 4984 -9075.57
-4116.19 5004.63 -9120.82
-4120.69 4942.62 -9063.31
-4106.41 4971.3 -9077.7
-4127.41 4914.94 -9042.35
-4118.58 4947.04 -9065.62
-4159.59 4938.24 -9097.83
-193241 -183610 -9631.04
-4635.24 4929.67 -9564.91
-4017.53 5021.19 -9038.72
-4109.46 4985.9 -9095.36
-4061.91 5005.81 -9067.72
-4139.45 4983.5 -9122.96
-4169.79 4987.05 -9156.84
-4096.46 4946.91 -9043.37
-4134.82 4998.39 -9133.21
-5939.22 3165.11 -9104.33
-4779.05 4193.22 -8972.27
-4698.41 4331.63 -9030.04
-4518.06 4488.32 -9006.39
-4502.58 4476.38 -8978.96
-4466.67 4540.77 -9007.44
-4382.57 4601.65 -8984.22
-4218.36 4801.98 -9020.34
-4221.59 4846.74 -9068.33
-4149.87 4929.33 -9079.2
-3985.41 5019.06 -9004.47
-4033.87 5062.17 -9096.04
-4042.75 5014.28 -9057.03
-4041.61 5048.63 -9090.24
-3990.35 5079.42 -9069.78
-4016.82 5091.38 -9108.21
-3942.77 5099.72 -9042.49
-4022.02 5057.51 -9079.53
-3961.63 5157.73 -9119.36
-3980.38 5132.93 -9113.32
-3976.09 5139.94 -9116.02
-4017.53 5153.15 -9170.68
-4007.47 5075.91 -9083.38
-4010.19 5151.51 -9161.7
-4055.39 5066.16 -9121.55
-3962.9 5123.11 -9086.01
-4035 5085.97 -9120.97
-3924.81 5157.95 -9082.76
-4022.62 5081.41 -9104.03
-4045.19 5090.18 -9135.37
-3546.74 5053.26 -8600
-3556.16 5015.43 -8571.59
-3513.7 5066.92 -8580.62
-3507.22 5076.76 -8583.98
-3504.79 5033.58 -8538.38
-3584.46 5042.12 -8626.58
-3470.5 5095.02 -8565.52
-3567.32 5072.16 -8639.48
-3488.38 5084.14 -8572.53
-3480.5 5088.26 -8568.76
-3480.09 5126.6 -8606.69
-3545.87 5075.79 -8621.66
-3536.44 5058.93 -8595.37
-3491.86 5102.59 -8594.44
-3483.61 5156.69 -8640.3
-3602.82 5127.36 -8730.17
-5167.97 3453.94 -8621.92
-3496.29 5141.19 -8637.48
-3461.45 5145.07 -8606.52
-3598.3 5094.2 -8692.5
-3528.52 5145.59 -8674.11
-3508.48 5135.88 -8644.36
-3560.49 5075.34 -8635.83
-3527.21 5082.3 -8609.51
-3517.05 5149.91 -8666.96
-3547.84 5114.98 -8662.82
-3527.97 5146.79 -8674.76
-3503.81 5146.64 -8650.45
-3504.02 5126.57 -8630.59
-3518.14 5146.73 -8664.87
-3558.64 5117.67 -8676.31
-3556.82 5147.31 -8704.13
-3519.26 5153.52 -8672.78
-3545.05 5155.95 -8701
-3535.67 5134.91 -8670.58
-3529.11 5174.54 -8703.65
-3595.71 5090.61 -8686.32
-3609.41 5088.41 -8697.82
-3513.87 5153.02 -8666.89
-3471.73 5147.05 -8618.78
-3515.34 5111.28 -8626.62
-3476.17 5117.25 -8593.43
-3499.57 5129.87 -8629.44
-3562.66 5111.46 -8674.12
-3549.66 5175.31 -8724.97
-3567.76 5096.58 -8664.34
-3544.25 5124.19 -8668.44
-3482.07 5179.13 -8661.21
-3044.52 5118.76 -8163.28
-3073.48 5070.29 -8143.77
-3096.92 5056.67 -8153.59
-3109.95 5036.76 -8146.71
-3025.35 5077.47 -8102.82
-3063.68 5082.14 -8145.82
-3062.78 5071.2 -8133.98
-2989.99 5150.27 -8140.26
-15962.8 -7808 -8154.8
-4582.5 3413.48 -7995.98
-4109.04 3920.71 -8029.75
-3599.12 4473.01 -8072.13
-3347.18 4743.59 -8090.77
-3133.7 4979.48 -8113.18
-3095.44 5071.15 -8166.59
-3110.86 5038.8 -8149.66
-3126.92 5018.21 -8145.13
-3108.15 5066.96 -8175.11
-3054.33 5054.61 -8108.94
-3066.96 5069.67 -8136.63
-3099.64 5102.96 -8202.6
-3115.34 5107.45 -8222.79
-3130.23 5056.73 -8186.96
-3048.92 5095.96 -8144.88
-3128 5101.79 -8229.78
-3053.88 5094 -8147.89
-3066.88 5079.56 -8146.45
-3039.23 5110.24 -8149.47
-3096.62 5082.63 -8179.25
-3062.88 5135.7 -8198.58
-3088.53 5074.14 -8162.67
-3029.46 5150.06 -8179.52
-3047.98 5071.13 -8119.1
-3076.8 5080.36 -8157.16
-3050.62 5034.81 -8085.43
-3098.43 5104.2 -8202.62
-3095.71 5077.36 -8173.07
-3073.08 5018.15 -8091.23
-3066.48 5106.35 -8172.83
-3033.48 5110.27 -8143.75
-3090.64 5083.09 -8173.73
-3031.6 5108.82 -8140.42
-3121.96 5010.08 -8132.05
-3103.45 5037.35 -8140.79
-3026.96 5138.12 -8165.07
-3031.32 5129.12 -8160.44
-2970.81 5133.8 -8104.61
-3013.17 5152.68 -8165.85
-3109.52 5111.23 -8220.75
-3069.51 5115.54 -8185.05
-3084.89 5107.19 -8192.08
-3059.22 5139.09 -8198.31
-3069.65 5122.15 -8191.8
-3079.14 5131.36 -8210.5
-3067.7 5131.86 -8199.55
-3032.59 5145.17 -8177.76
-3052.3 5119.69 -8171.99
-3103.45 5081.44 -8184.88
-3095.92 5108.3 -8204.22
-3162.53 5085.68 -8248.22
-3089.61 5066.42 -8156.04
-3117.39 5100.07 -8217.46
-3085.46 5088.8 -8174.27
-3046.23 5065.65 -8111.89
-3104.59 5039.58 -8144.17
-3019.93 5134.21 -8154.14
-3099.33 5118.71 -8218.04
-3101.71 5124.15 -8225.86
-3052.28 5095.6 -8147.89
-3036.92 5093.45 -8130.37
-3032.55 5108.47 -8141.02
-3107.6 5059 -8166.59
-3063.81 5058.98 -8122.79
-3097.88 5084.69 -8182.56
-3096.23 5145.08 -8241.3
-3052 5121.97 -8173.97
-3219.52 4984.2 -8203.72
-4402.55 3802.74 -8205.29
-3539.79 4578.62 -8118.41
-3322.79 4812.41 -8135.2
-3373.56 4832 -8205.56
-3313.81 4833.92 -8147.73
-3235.9 4881.42 -8117.32
-3244.37 4917.49 -8161.87
-3229.67 4900.24 -8129.91
-3240.18 4917.21 -8157.39
-3269.87 4899.7 -8169.57
-3342.39 4851.55 -8193.94
-3128.13 5011.62 -8139.75
-3149.48 5067.98 -8217.46
-2719.41 4971.76 -7691.17
-2662.3 5040.92 -7703.22
-2645.18 5025.22 -7670.4
-2585.17 5102.6 -7687.77
-2605.07 5073.47 -7678.53
-2597.13 5055.19 -7652.32
-2666.62 5030.23 -7696.86
-2600.08 5038.93 -7639.01
-2598.2 5082.33 -7680.53
-2546.44 5104.06 -7650.5
-2626.51 5100.9 -7727.41
-2614.8 5072.82 -7687.62
-2614.91 5109.14 -7724.05
-2569.44 5110.71 -7680.16
-2644.22 5102.48 -7746.7
-2628.74 5104.44 -7733.19
-2627.64 5070.02 -7697.66
-2648.01 5054.9 -7702.91
-2619.67 5102.63 -7722.3
-2611.81 5070.94 -7682.74
-2636.42 5060.6 -7697.03
-6082.99 1548.96 -7631.95
-3495.41 4030.62 -7526.04
-3345.54 4127.34 -7472.87
-3255.8 4255.45 -7511.24
-3250.54 4272.94 -7523.48
-3120.67 4363.94 -7484.61
-2923.03 4592.76 -7515.79
-2856.03 4697.28 -7553.31
-2835.06 4697.4 -7532.46
-2829.08 4700.26 -7529.33
-2736.2 4755.07 -7491.26
-2690.1 4871.62 -7561.71
-2642.89 4922.22 -7565.12
-2648.76 4912.19 -7560.95
-2740.6 4863.02 -7603.62
-2648.76 4913.05 -7561.8
-2693.95 4923.24 -7617.19
-2633.43 4998.72 -7632.15
-2646.21 4997.23 -7643.44
-2637.9 5038.28 -7676.17
-2615.46 5055.2 -7670.67
-2637.83 5002.62 -7640.45
-2639.61 5009.24 -7648.86
-2629.3 5005.76 -7635.06
-2601.13 5030.52 -7631.65
-2608.99 5043.89 -7652.88
-2642.37 5033.23 -7675.6
-2635.79 5086.41 -7722.21
-2632.36 5035.73 -7668.1
-2576.21 5079.19 -7655.4
-2589.29 5066.32 -7655.61
-2578.1 5106.39 -7684.49
-2552.98 5095.84 -7648.82
-2537.44 5122.22 -7659.67
-2630.24 5049.13 -7679.37
-2612.89 5096.12 -7709.01
-2630.12 5061.09 -7691.21
-2578.14 5083.14 -7661.28
-2600.81 5087.83 -7688.64
-2605.94 5070.72 -7676.66
-2579.44 5085.95 -7665.39
-2586.14 5082.78 -7668.92
-2670.48 5049.01 -7719.49
-2598.46 5088.69 -7687.16
-2617.63 5064.66 -7682.29
-2624.93 5061.09 -7686.02
-2560.84 5092.05 -7652.89
-2711.78 5033.86 -7745.65
-2638.18 5089.58 -7727.76
-2621.59 5109.9 -7731.49
-2666.69 5060.13 -7726.83
-2619.7 5059.93 -7679.63
-2685.56 5000.31 -7685.87
-2638.94 5100.19 -7739.13
-2618.33 5102.6 -7720.93
-2610.24 5111.09 -7721.33
-2609.83 5093.29 -7703.12
-2641.07 5081.2 -7722.27
-2622.3 5080.29 -7702.6
-2668.57 5017.25 -7685.82
-2651.5 5057.26 -7708.76
-2613.33 5068.98 -7682.3
-2688.46 5049.42 -7737.88
-2629.17 5046.51 -7675.68
-2633.07 5067.82 -7700.9
-2708.12 4975.8 -7683.91
-2587.45 5113.35 -7700.8
-2643.66 5052.17 -7695.83
-2635.58 5069.77 -7705.35
-2590 5090.48 -7680.48
-2626.67 5041 -7667.67
-2619.53 5075.4 -7694.94
-2627.98 5061.25 -7689.23
-2595.36 5089.31 -7684.68
-2614.9 5099.06 -7713.95
-2643.63 5064.7 -7708.34
-2653.27 5030.15 -7683.42
-2632.7 5078.13 -7710.83
-2555.85 5125.27 -7681.12
-2579.96 5142.38 -7722.34
-2632.67 5084.6 -7717.27
-2592.09 5124.52 -7716.61
-2675.23 5065.95 -7741.17
-2707.32 5012.51 -7719.83
-2631.59 5092.01 -7723.6
-2622.81 5064.92 -7687.73
-2622.31 5079.01 -7701.33
-2550.46 5138.97 -7689.43
-2673.1 5059.91 -7733
-2648.92 5061.95 -7710.87
-2598.42 5112.99 -7711.41
-2636.62 5065.41 -7702.03
-2591.79 5097.35 -7689.14
-2549.51 5162.27 -7711.78
-2597.48 5109.18 -7706.66
-2633.35 5086.35 -7719.69
-2669.79 5063.18 -7732.97
-2602.75 5118.48 -7721.23
-2653.16 5089.02 -7742.18
-2634.45 5118.43 -7752.88
-2669.67 5088.27 -7757.95
-2653.6 5130.49 -7784.09
-2640.91 5128.45 -7769.35
-2590.99 5154.99 -7745.98
-2610.66 5097.54 -7708.2
-2628.83 5105.64 -7734.48
-2611.68 5096.16 -7707.84
-2601.93 5082.25 -7684.18
-2614.91 5086.23 -7701.14
-2664.22 5039.45 -7703.67
-2672.37 5076.06 -7748.43
-2638.84 5088.78 -7727.62
-2619.91 5074.08 -7693.98
-2578.6 5132.72 -7711.32
-152303 -144057 -8245.44
-2640.76 5066.12 -7706.88
-2586.94 5077.78 -7664.71
-2664.37 5066.57 -7730.93
-2642.11 5008.6 -7650.71
-2596.74 5064.09 -7660.83
-2661.72 5009.8 -7671.52
-2603.27 5105.14 -7708.41
-3346.42 4391.02 -7737.45
-2734.73 4961.02 -7695.75
-2630.47 5082.65 -7713.12
-4246.63 3474.13 -7720.76
-2994.63 4657.32 -7651.96
-2718.96 4960.46 -7679.41
-2735.99 5032.78 -7768.77
-2626.98 5053.16 -7680.14
-2650.07 5024.1 -7674.17
-2666.83 5043.86 -7710.69
-2663.71 5021.1 -7684.81
-3152.2 4543.74 -7695.95
-2957.69 4683.56 -7641.24
-2661.43 4988.57 -7650.01
-2643.46 5066.39 -7709.84
-2594.6 5085.24 -7679.84
-2600.43 5095.5 -7695.93
-2654.36 5028.36 -7682.72
-2572.84 5101.22 -7674.06
-2614.56 5097.79 -7712.36
-2611.11 5083.81 -7694.92
-2608.89 5074.79 -7683.67
-2615.31 5075.01 -7690.32
-2645.87 5032.18 -7678.05
-2604.25 5076.39 -7680.64
-2565.12 5115.11 -7680.23
-2613.2 5077.77 -7690.97
-2573.18 5115.06 -7688.24
-2653.68 5066.89 -7720.57
-2603.1 5095.71 -7698.82
-2644.98 5096.79 -7741.76
-2671.91 5073.4 -7745.3
-2593.62 5121.91 -7715.53
-2648.18 5087.16 -7735.34
-2631.34 5037.95 -7669.29
-2680.02 5020.18 -7700.2
-2656.19 5036.48 -7692.67
-2602.71 5102.36 -7705.08
-2662.97 5103.71 -7766.69
-2572.71 5154.86 -7727.57
-2603.75 5113.37 -7717.12
-2580.9 5090.77 -7671.68
-2613.73 5105.98 -7719.71
-2629.93 5039.92 -7669.85
-2635.88 5021.93 -7657.81
-2700.61 5019.75 -7720.36
-2678.35 5000.76 -7679.11
-2677.09 5019.98 -7697.07
-2663.6 5012.85 -7676.45
-2678.4 5019.48 -7697.88
-2635.26 5086.19 -7721.45
-2588.04 5118.17 -7706.21
-2660.77 5057.02 -7717.79
-2660.73 5053.23 -7713.96
-2653.91 5048.79 -7702.7
-2623.99 5065.86 -7689.85
-2638.89 5093.39 -7732.27
-2634.01 5052.11 -7686.12
-2627.51 5041.44 -7668.95
-2583.79 5061.3 -7645.09
-2674.53 4981.16 -7655.68
-2593.5 5040.31 -7633.81
-2599.09 5038.65 -7637.74
-2669.48 5006.99 -7676.47
-2659.36 5033.12 -7692.48
-338569 -330390 -8178.57
-2667.94 5023.82 -7691.76
-2626.45 5060.82 -7687.27
-2623.37 5096.5 -7719.86
-2596.05 5129 -7725.05
-2561.4 5098.56 -7659.97
-2589.45 5097.96 -7687.41
-2598.22 5110.8 -7709.02
-2581.72 5138.91 -7720.63
-2636.71 5089.07 -7725.78
-2672.65 5046.37 -7719.02
-2678.87 5090.76 -7769.63
-2618.91 5099.9 -7718.8
-6032.32 1683.55 -7715.87
-3329.4 4302.96 -7632.35
-2848.1 4786.84 -7634.94
-2764.12 4927.5 -7691.62
-2714.23 4973.88 -7688.11
-2629.88 5039.77 -7669.66
-2666.11 5007.1 -7673.21
-2516.86 5122.15 -7639
-2618.1 5029.75 -7647.85
-2583.68 5049.33 -7633
-2643.89 5002.92 -7646.8
-2553.35 5103.01 -7656.36
-2685.37 5015.3 -7700.68
-2637.02 5087.36 -7724.37
-2622.46 5081.3 -7703.76
-2614.38 5079.75 -7694.13
-2627.92 5085.55 -7713.46
-2613.33 5108.97 -7722.3
-2583.46 5102.19 -7685.65
-2641.67 5084.82 -7726.49
-3650.6 4064.59 -7715.18
-3166.39 4488.49 -7654.88
-2951.77 4703.78 -7655.56
-2780.81 4859.66 -7640.47
-2769.67 4913.24 -7682.91
-2726.21 4976.02 -7702.22
-2708.14 5025.49 -7733.64
-2648.98 5075.65 -7724.63
-2709.43 4997.18 -7706.62
-2674 5076.01 -7750.01
-2660.96 5069.21 -7730.17
-2634.01 5077.27 -7711.28
-2653.33 5043.03 -7696.36
-2649.07 5086.6 -7735.67
-2661.32 5033.87 -7695.18
-2611.96 5099.83 -7711.8
-2571.94 5135.07 -7707.01
-2659.83 5054.54 -7714.37
-2657.66 5062.15 -7719.81
-2630.53 5100.05 -7730.58
-2672.65 5091.66 -7764.3
-2640.02 5114.6 -7754.62
-2596.2 5144.73 -7740.93
-3688.74 4041.59 -7730.33
-2822.91 4856.91 -7679.82
-2689.86 5026.91 -7716.77
-2673.84 5047.5 -7721.34
-2582.73 5097.36 -7680.09
-2602.69 5112.68 -7715.37
-2637.84 5071.67 -7709.5
-2683.53 5036.44 -7719.97
-2678.6 5016.18 -7694.79
-2598.52 5131 -7729.52
-2681.09 5057.04 -7738.13
-2643.88 5087.98 -7731.86
-2651.02 5051.83 -7702.85
-2625.65 5084.33 -7709.98
-2687.47 5042.32 -7729.79
-2602.93 5111.35 -7714.28
-2641.53 5075.73 -7717.26
-2651.33 5079.01 -7730.34
-2679.57 5053.26 -7732.83
-2650.99 5032.4 -7683.39
-2620.75 5055.75 -7676.49
-2570.2 5133.68 -7703.88
-2607.88 5084.51 -7692.38
-2554.01 5118.1 -7672.11
-2588.43 5095.76 -7684.19
-2549.68 5084 -7633.68
-2632.56 5043.03 -7675.6
-2614.31 5060.57 -7674.88
-2600.76 5052.31 -7653.07
-2597.7 5068.48 -7666.19
-2605.81 5065.03 -7670.84
-2598.19 5120.94 -7719.13
-2563.33 5148.42 -7711.75
-2586.4 5091.05 -7677.45
-2624.46 5049.69 -7674.16
-2608.62 5085.64 -7694.26
-2561.07 5134.06 -7695.13
-2591.96 5085.03 -7676.99
-2595.38 5081.34 -7676.72
-2627.2 5072.67 -7699.87
-2607.34 5068.1 -7675.44
-109174 -100946 -8227.51
-2630.88 5059 -7689.87
-2603.8 5104.84 -7708.64
-2587.2 5080.53 -7667.73
-2604.74 5045.32 -7650.06
-2591.17 5065.16 -7656.34
-2626.46 5043.73 -7670.19
-2576.59 5093.88 -7670.47
-4487.46 3183.33 -7670.79
-2946.75 4691.42 -7638.17
-2659.91 5004.67 -7664.58
-2589.63 5048.09 -7637.72
-2609.61 5024.78 -7634.39
-2637.8 5004 -7641.8
-2646.35 5019.79 -7666.15
-2542.33 5143.23 -7685.55
-2524.72 5092.67 -7617.4
-2616.96 5065.87 -7682.83
-2632.03 5049.76 -7681.78
-2572.68 5144.77 -7717.45
-2562.4 5134.7 -7697.1
-2534.92 5138.88 -7673.8
-2531.68 5111.99 -7643.67
-2563.54 5106.28 -7669.82
-2629.87 5059.17 -7689.05
-2610.56 5079.5 -7690.06
-2581.84 5115.75 -7697.59
-2631.36 5049.8 -7681.17
-4723.47 2943.67 -7667.14
-2983.06 4701.26 -7684.31
-2653.46 5054.84 -7708.3
-2581.35 5104.21 -7685.56
-2636.49 5097.79 -7734.28
-2588.27 5091.9 -7680.17
-2587.2 5105.01 -7692.21
-2606.24 5137.58 -7743.82
-2611.31 5108.92 -7720.23
-2613.23 5089.45 -7702.68
-2608.38 5098.6 -7706.98
-2620.73 5088.03 -7708.76
-2585.87 5100.67 -7686.53
-2610.63 5141.11 -7751.74
-2561.46 5169.73 -7731.19
-2631.73 5096.38 -7728.11
-2638.28 5091.79 -7730.08
-2647.48 5060.17 -7707.65
-2618.36 5074.56 -7692.92
-2556.97 5131.12 -7688.09
-2571.77 5118.64 -7690.41
-2566.93 5120.52 -7687.45
-2623.62 5103.34 -7726.96
-2620.49 5129.94 -7750.43
-2537.49 5180.77 -7718.26
-2600.07 5128.48 -7728.55
-2603.96 5090.19 -7694.15
-2587.56 5162.61 -7750.17
-2612.39 5113.29 -7725.68
-2605.79 5096.86 -7702.65
-2558.72 5122.58 -7681.3
-2602.69 5091.71 -7694.4
-2637.15 5097.29 -7734.43
-2611.16 5116.11 -7727.27
-2629.31 5116.5 -7745.81
-2620.24 5113 -7733.24
-2584.81 5082.42 -7667.22
-2580.21 5136.13 -7716.34
-2959.82 4743.01 -7702.83
-2691.74 5033.91 -7725.65
-2614.5 5091.04 -7705.54
-2602.57 5088.38 -7690.95
-2622.15 5097.13 -7719.28
-2645.81 5128.59 -7774.41
-2570.88 5163.16 -7734.04
-2540.23 5147.66 -7687.88
-2559.2 5133.95 -7693.14
-2600.09 5137.95 -7738.04
-2566.02 5139.95 -7705.97
-2637.1 5089.77 -7726.88
-2543.87 5144.35 -7688.22
-2640.79 5088.79 -7729.59
-2549.2 5197.23 -7746.43
-2624.04 5155.71 -7779.75
-2600.93 5217.22 -7818.15
-2582.54 5196.54 -7779.08
-2606.02 5163.01 -7769.04
-2597.15 5179.78 -7776.93
-2579.09 5199.84 -7778.93
-2573.62 5191.31 -7764.93
-2630.57 5129.53 -7760.1
-2819.48 4943.07 -7762.55
-2730.57 4989.3 -7719.87
-2620.68 5107.44 -7728.11
-2598.03 5156.59 -7754.62
-2613.11 5161.16 -7774.27
-2597.87 5146.85 -7744.72
-2558.13 5129.94 -7688.06
-2585.01 5114.53 -7699.54
-2565.34 5178.04 -7743.38
-2558.9 5205.7 -7764.6
-2673.75 5056.27 -7730.02
-2555.78 5165.49 -7721.26
-2597.12 5173.21 -7770.32
-2606.71 5172.08 -7778.79
-2588.86 5187.35 -7776.21
-4155.28 3586.84 -7742.11
-3040.86 4675.7 -7716.56
-3114.16 4607.64 -7721.8
-3059.03 4656.27 -7715.31
-3086.41 4636.59 -7723.01
-3083.23 4612.89 -7696.12
-3035.29 4642.56 -7677.85
-3065.78 4650.69 -7716.47
-2913.64 4786.16 -7699.8
-2682.55 5054.27 -7736.82
-2645.7 5055.93 -7701.64
-2644.61 5110.56 -7755.16
-2662.39 5114.14 -7776.53
-2615.09 5116.11 -7731.2
-2603.52 5112.45 -7715.97
-2657.13 5085.05 -7742.18
-2573.04 5152.71 -7725.75
-2582.09 5146.99 -7729.08
-2587.44 5129.99 -7717.43
-2620.62 5100.1 -7720.73
-2619.07 5146.4 -7765.47
-2617.3 5117.7 -7735
-2614.45 5146.04 -7760.49
-2592.75 5133.21 -7725.96
-2590.89 5151.22 -7742.11
-2584.5 5144.96 -7729.46
-2614.13 5113.52 -7727.65
-2593.24 5150.72 -7743.96
-2557.51 5152.61 -7710.12
-2533.33 5189.01 -7722.34
-2607.1 5142.68 -7749.78
-2602.52 5155.31 -7757.83
-2564.33 5175.21 -7739.53
-2644.01 5096.88 -7740.88
-2619.63 5102.65 -7722.28
-2603.96 5162.62 -7766.58
-2583.5 5165.03 -7748.52
-2609.38 5124.62 -7734
-2620.55 5134.66 -7755.21
-2581.5 5173.11 -7754.61
-2553.4 5182.51 -7735.91
-2602.95 5138.05 -7741.01
-2590.2 5124.41 -7714.61
-2601.67 5137.89 -7739.57
-2578.23 5120.1 -7698.33
-2585.97 5120.23 -7706.2
-2632.85 5092.64 -7725.49
-2582.4 5141.38 -7723.79
-2552.4 5152.89 -7705.29
-2575.07 5107.05 -7682.12
-2559.02 5106.1 -7665.12
-2592.75 5123.33 -7716.08
-3765.59 3945.62 -7711.21
-2856.5 4801.55 -7658.06
-2592.27 5142.33 -7734.6
-2565.34 5116.57 -7681.92
-2664.19 5054.02 -7718.21
-2577.26 5108.39 -7685.66
-2583.81 5133.67 -7717.49
-2499.4 5188.19 -7687.59
-2597.16 5140.54 -7737.7
-2577.97 5141.63 -7719.6
-2622.2 5107.67 -7729.87
-2610.11 5108.37 -7718.48
-2617.12 5109.51 -7726.63
-2610.56 5138.38 -7748.95
-2560.15 5148.69 -7708.83
-2605.63 5116.89 -7722.52
-2583.75 5113.31 -7697.06
-2549.41 5162.16 -7711.57
-2573.6 5183.58 -7757.18
-2606.43 5167.1 -7773.52
-2580.67 5154.52 -7735.19
-2579.24 5177.26 -7756.5
-2564.43 5173.03 -7737.46
-2623.74 5123.06 -7746.8
-2592.01 5134.54 -7726.54
-2583 5117.28 -7700.28
-2635.32 5091.05 -7726.37
-2608.94 5121.13 -7730.08
-2548.72 5173.69 -7722.41
-2591.54 5120.73 -7712.27
-2591.97 5164.15 -7756.13
-2616.96 5134.27 -7751.22
-2602.13 5084.49 -7686.61
-3342.88 4388.09 -7730.97
-3009.75 4675.11 -7684.86
-2806.26 4867.21 -7673.47
-2667.75 5060.4 -7728.14
-2639.89 5040.23 -7680.12
-2656.41 5059.86 -7716.27
-2640.36 5098.57 -7738.92
-3844.75 3904.2 -7748.94
-3003.42 4681.96 -7685.38
-2976.17 4732.18 -7708.36
-3014.43 4704.41 -7718.84
-2878.29 4869.37 -7747.66
-2768.69 4974.78 -7743.47
-2632.58 5104.78 -7737.36
-2630.49 5127.08 -7757.57
-2573.3 5116.27 -7689.58
-2600.64 5119.66 -7720.3
-2685.83 5045.16 -7730.99
-2685.66 5045.48 -7731.14
-2650.93 5060.04 -7710.97
-2619.86 5074.27 -7694.14
-2616.61 5063.22 -7679.83
-2641.17 5068.78 -7709.95
-2569.1 5124.29 -7693.38
-4112.48 3576.22 -7688.7
-3087.82 4513.67 -7601.49
-2967.65 4666.33 -7633.98
-2821.01 4783.07 -7604.08
-2788.87 4872.99 -7661.86
-2671.54 5011.34 -7682.88
-2597.13 5094.06 -7691.19
-2570.1 5109.68 -7679.77
-2634.38 5092.8 -7727.17
-2600.62 5112.27 -7712.9
-2590.98 5096.77 -7687.75
-2574.38 5147.76 -7722.14
-2605.22 5115.31 -7720.53
-2632.77 5093.01 -7725.78
-2620.5 5058.19 -7678.7
-2546.31 5133.11 -7679.42
-2679.43 5059.75 -7739.18
-2592 5142.32 -7734.32
-2587.49 5137.13 -7724.62
-2558.97 5141.45 -7700.42
-2592.56 5100.45 -7693.01
-2566.55 5169.07 -7735.61
-2553.54 5147.47 -7701.01
-2562.75 5136.66 -7699.41
-2604.76 5096.38 -7701.14
-2589.32 5092.79 -7682.11
-2577.88 5103.5 -7681.38
-2558.36 5162.04 -7720.4
-2802.44 4897.18 -7699.62
-2728.8 5028.37 -7757.17
-2668.15 5064.3 -7732.45
-2528.51 5176.38 -7704.89
-2539.73 5167.49 -7707.21
-2595.2 5161.74 -7756.94
-2705.95 5039.17 -7745.12
-2588.58 5111.25 -7699.83
-2607.56 5118.89 -7726.46
-2643.25 5071.93 -7715.18
-2626.98 5110.56 -7737.55
-2625.39 5132.64 -7758.03
-2631.83 5128.92 -7760.75
-2692.76 5077.43 -7770.18
-2706.02 5023.24 -7729.26
-2683.15 5033.17 -7716.32
-2674.26 5083.44 -7757.69
-2646.53 5062.23 -7708.76
-2707.75 5039.59 -7747.34
-2768.05 4993.24 -7761.29
-2565.65 5157.23 -7722.88
-2588.35 5129.04 -7717.39
-2566.88 5193.59 -7760.47
-2659.34 5112.03 -7771.37
-2556.98 5167.98 -7724.96
-2601.74 5162.73 -7764.47
-2557.17 5164.59 -7721.75
-2601.69 5150.93 -7752.61
-2617.7 5145.52 -7763.22
-2597.06 5125.43 -7722.5
-2690.16 5054.76 -7744.92
-2669.43 5072.9 -7742.33
-2640.16 5079.71 -7719.87
-2597.96 5068.55 -7666.51
-2559.9 5115.24 -7675.14
-2539.98 5159.79 -7699.77
-2531.41 5176.55 -7707.96
-2583.75 5162.42 -7746.18
-2582.97 5146.41 -7729.38
-4434.2 3296.87 -7731.08
-3016.65 4689.55 -7706.2
-2807.98 4938.27 -7746.26
-250863 -242575 -8287.69
-2610.79 5118.85 -7729.64
-2601.54 5121.68 -7723.22
-2595.13 5172.98 -7768.11
-2595.51 5170.06 -7765.57
-2539.51 5165.98 -7705.49
-2563.96 5130.97 -7694.93
-3599.07 4097.71 -7696.78
-3147.71 4535.15 -7682.86
-3559.67 4071.21 -7630.88
-3196.03 4419.65 -7615.68
-3041.15 4569.9 -7611.05
-3000.83 4634.62 -7635.45
-2858.15 4812.62 -7670.77
-2811.96 4816.4 -7628.37
-4942.59 2682.28 -7624.87
-3181.56 4391.77 -7573.33
-3274.57 4386.66 -7661.23
-3049.37 4583.61 -7632.98
-2902.49 4733.68 -7636.16
-2890.43 4746.16 -7636.59
-2885.27 4740.31 -7625.59
-2890.65 4770.9 -7661.55
-2859.5 4792.05 -7651.54
-2825.97 4877.02 -7702.99
-2776.06 4918.77 -7694.83
-2846.73 4840.8 -7687.53
-2802.54 4895.48 -7698.02
-2818 4890.52 -7708.52
-2765.84 4921.28 -7687.12
-2799.83 4905.35 -7705.18
-2821.56 4897.08 -7718.64
-2821.03 4854.18 -7675.21
-3504.84 4152.28 -7657.11
-3042.86 4599.96 -7642.82
-2945.34 4693.19 -7638.53
-2848.44 4766.59 -7615.03
-2914.9 4752.41 -7667.31
-2936.4 4712.79 -7649.19
-2894.56 4782.94 -7677.51
-2816.61 4844.42 -7661.03
-2829.11 4837.26 -7666.37
-2822.75 4885.29 -7708.04
-2809.95 4866.76 -7676.72
-2795.3 4906.56 -7701.86
-3274.45 4430.65 -7705.1
-2825.53 4882.56 -7708.09
-2835.75 4870.79 -7706.54
-2962.78 4740.74 -7703.52
-2905.79 4757.18 -7662.97
-2799.18 4923.61 -7722.78
-2914.76 4795.46 -7710.22
-2764.13 4928.78 -7692.91
-2815.42 4891.72 -7707.14
-2803.12 4891.97 -7695.09
-2769.46 4919.59 -7689.06
-218667 -210413 -8254.27
-2753.83 4944.76 -7698.59
-2790.43 4937.1 -7727.54
-5743.67 1949.64 -7693.32
-3414.51 4268.07 -7682.58
-2999.44 4671.08 -7670.51
-3025.9 4644.43 -7670.33
-3021.63 4680.54 -7702.17
-2904.82 4790.01 -7694.82
-2854.53 4852.78 -7707.3
-3356.08 4340.16 -7696.24
-3149.11 4493.49 -7642.6
-2967.01 4650.53 -7617.54
-2794.53 4845.59 -7640.13
-2718.6 4910.56 -7629.16
-2825.79 4828.01 -7653.8
-2780.37 4877.49 -7657.85
-2775.91 4855.68 -7631.59
-2867.18 4845.81 -7712.99
-2784.3 4924.48 -7708.78
-2848.31 4878.66 -7726.98
-2853.6 4847.67 -7701.27
-2949.31 4730.36 -7679.67
-2909.81 4771.96 -7681.78
-2908.28 4772.4 -7680.68
-2783.42 4877.71 -7661.13
-2771 4895.87 -7666.87
-2821.36 4855.48 -7676.85
-2749.03 4921.39 -7670.42
-2780.51 4885.58 -7666.08
-2752.36 4938.01 -7690.36
-2811.85 4820.97 -7632.82
-2806.6 4891.82 -7698.42
-2789.87 4927.45 -7717.32
-2764.42 4947.92 -7712.34
-2761.74 4893.43 -7655.17
-2789.81 4878.89 -7668.7
-2790.17 4892.15 -7682.32
-2727.29 4929.83 -7657.12
-2785.25 4871.46 -7656.71
-2725.17 4926.68 -7651.85
-2751.64 4933.74 -7685.38
-2777.38 4891.68 -7669.06
-2744.17 4936.36 -7680.52
-2776.71 4855.59 -7632.3
-2775.47 4879.98 -7655.45
-2756.97 4896.14 -7653.11
-2799.31 4859.52 -7658.83
-2756.33 4872.18 -7628.51
-2813.17 4841.48 -7654.65
-2819.12 4822.34 -7641.45
-2793.54 4837.4 -7630.94
-2756.56 4870.33 -7626.89
-2889.35 4737 -7626.36
-2730.27 4905.23 -7635.5
-2759.72 4874.94 -7634.66
-2763.04 4882.27 -7645.32
-2798.64 4886.38 -7685.02
-3737.39 3919.98 -7657.36
-3131.11 4482.51 -7613.62
-3012.73 4602.62 -7615.36
-3000.63 4620.99 -7621.62
-2962.34 4672.96 -7635.3
-3049.46 4612.18 -7661.64
-2946.24 4710.52 -7656.76
-2863.65 4720.24 -7583.88
-2882.95 4678.38 -7561.34
-2876.38 4698.64 -7575.02
-2771.68 4822.9 -7594.57
-2765.82 4849.1 -7614.92
-2806.32 4811.21 -7617.53
-2809.04 4818.33 -7627.36
-2788.03 4799.16 -7587.18
-2786.71 4799.6 -7586.3
-2796.65 4787.94 -7584.59
-2769.35 4871.76 -7641.11
-2825.87 4808.98 -7634.85
-2718.77 4864.27 -7583.04
-2822.01 4810.15 -7632.16
-2834.5 4798.51 -7633.01
-2781.77 4773.2 -7554.97
-2781.97 4859.44 -7641.41
-2809.77 4825.11 -7634.88
-2829.35 4813.37 -7642.72
-2832.2 4805.08 -7637.28
-2783.62 4853.76 -7637.38
-2744.97 4912.78 -7657.75
-2832.76 4819.69 -7652.45
-2828.46 4791.99 -7620.45
-2784.08 4835.12 -7619.2
-2782.23 4833.44 -7615.67
-2823.4 4756.43 -7579.82
-2762.56 4823.75 -7586.31
-2779.17 4834.91 -7614.08
-2731.73 4874.37 -7606.1
-2730.25 4848.49 -7578.74
-2764.13 4872.38 -7636.52
-2756.91 4855.77 -7612.68
-2778.25 4812.91 -7591.16
-2789.9 4835.43 -7625.33
-2766.81 4861.52 -7628.33
-2734.06 4874.58 -7608.64
-2752.85 4874.14 -7626.99
-2826.76 4767.98 -7594.74
-2827.05 4767.11 -7594.17
-2699.17 4855.81 -7554.98
-3921.23 3687.22 -7608.46
-3226.95 4341.03 -7567.97
-3251.63 4299.28 -7550.91
-3280.99 4296.37 -7577.36
-3169.92 4369.04 -7538.96
-3152.96 4452.6 -7605.56
-3167.82 4449.27 -7617.09
-2972.15 4595.34 -7567.49
-2770.21 4811.35 -7581.55
-2794.7 4814.18 -7608.88
-2788.09 4786.67 -7574.76
-2737.38 4825.42 -7562.8
-2829.64 4738.65 -7568.29
-2835.36 4744.09 -7579.46
-2868.89 4714.38 -7583.27
-4953.23 2544.02 -7497.25
-3305.85 4159.38 -7465.23
-3271.7 4230.17 -7501.86
-3117.2 4417.43 -7534.64
-3209.21 4290.67 -7499.88
-2963.07 4535.25 -7498.31
-2914.27 4594.29 -7508.56
-2864.77 4653.63 -7518.4
-2835.55 4734.93 -7570.48
-2843.4 4727.58 -7570.98
-2802.76 4737.85 -7540.61
-2825.45 4761.36 -7586.81
-2746.79 4834.62 -7581.41
-2772.92 4822.14 -7595.06
-2748.35 4827.61 -7575.97
-2741.15 4805.61 -7546.76
-2728.57 4840.92 -7569.49
-3068.8 4516.85 -7585.65
