-6042.26 -311.662 -5730.6
-6045.01 -323.843 -5721.17
-5992.59 -275.933 -5716.66
-5997.29 -284.16 -5713.13
-6112.83 -412.811 -5700.02
-6034.36 -335.452 -5698.91
-6014.26 -329.168 -5685.09
-6056.12 -345.405 -5710.72
-6023.78 -357.635 -5666.14
-6053.9 -325.86 -5728.04
-6050.77 -326.81 -5723.96
-6036.42 -338.121 -5698.3
-6027.62 -291.928 -5735.69
-6031.61 -295.861 -5735.75
-5990.77 -305.42 -5685.35
-6051.05 -347.571 -5703.48
-6000.66 -295.564 -5705.09
-5972.16 -292.753 -5679.4
-6053.47 -333.782 -5719.69
-6009.12 -311.5 -5697.62
-6013.34 -321.399 -5691.94
-6052.95 -396.533 -5656.42
-6003.44 -319.306 -5684.13
-5986.71 -294.163 -5692.55
-5942.81 -278.672 -5664.14
-5961.63 -291.524 -5670.11
-5986.43 -274.953 -5711.48
-5947.76 -260.18 -5687.58
-5993.94 -276.698 -5717.24
-263875 -257691 -6184.71
-6435.95 -279.189 -6156.76
-6446.63 -294.659 -6151.97
-6011.55 -286.427 -5725.12
-6047.51 -337.698 -5709.81
-6005.41 -316.12 -5689.29
-5974.94 -299.096 -5675.85
-5988.72 -283.202 -5705.52
-6243.15 -549.204 -5693.95
-6000.99 -349.259 -5651.73
-6151.38 -463.341 -5688.04
-6389.52 -676.903 -5712.62
-6067.33 -379.144 -5688.18
-6006.03 -310.547 -5695.48
-5985.29 -253.995 -5731.3
-5999.56 -319.555 -5680
-5997.07 -288.059 -5709.01
-6046.45 -315.482 -5730.96
-5982.94 -258.132 -5724.8
-6009.85 -305.627 -5704.22
-5986.84 -267.66 -5719.18
-5995.07 -281.127 -5713.94
-6045.22 -293.84 -5751.38
-5997.69 -225.591 -5772.1
-6000.54 -267.531 -5733.01
-5943.6 -249.842 -5693.76
-5955.74 -261.997 -5693.74
-6073.01 -362.712 -5710.29
-5974.86 -290.502 -5684.36
-6316.53 -588.895 -5727.64
-6050.7 -337.412 -5713.29
-6082.6 -347.245 -5735.35
-5996.57 -281.841 -5714.73
-6044.97 -303.648 -5741.32
-6029 -320.612 -5708.39
-5951.62 -271.66 -5679.96
-5998.81 -278.412 -5720.4
-6365.42 -650.354 -5715.07
-6188.81 -503.731 -5685.07
-6228.51 -556.575 -5671.94
-6001.37 -313.604 -5687.77
-6010.82 -348.071 -5662.75
-6098.41 -399.905 -5698.5
-6038.38 -333.825 -5704.56
-5997.49 -304.864 -5692.62
-6053.64 -314.1 -5739.54
-5980.69 -285.053 -5695.64
-6305.3 -575.231 -5730.07
-5985.36 -331.425 -5653.94
-6058.94 -343.582 -5715.36
-5990.42 -295.802 -5694.61
-5984.74 -275.351 -5709.39
-5988.04 -277.939 -5710.1
-6000.51 -225.918 -5774.59
-6002.05 -241.28 -5760.77
-5974.54 -227.912 -5746.63
-5963.06 -219.043 -5744.01
-6035.85 -288.707 -5747.14
-5978.42 -241.748 -5736.68
-5967.41 -237.239 -5730.17
-5989.27 -273.646 -5715.62
-5976.73 -262.877 -5713.85
-5958.49 -273.502 -5684.99
-6008.06 -280.637 -5727.42
-5963.64 -266.239 -5697.4
-5972.91 -235.72 -5737.19
-5963.67 -221.89 -5741.78
-5988.35 -227.886 -5760.47
-5905.6 -176.22 -5729.39
-5989.04 -228.975 -5760.07
-5986.42 -179.093 -5807.32
-6010.88 -219.422 -5791.46
-5987.29 -210.888 -5776.4
-6023.8 -205.413 -5818.39
-6008.22 -234.047 -5774.17
-6002.35 -202.203 -5800.15
-6064.17 -257.036 -5807.13
-6059.81 -245.327 -5814.48
-5975.92 -194.848 -5781.07
-5991.84 -215.685 -5776.15
-5953.37 -165.076 -5788.3
-6004.45 -199.999 -5804.46
-6120.01 -330.398 -5789.61
-6047.18 -285.77 -5761.41
-5949.8 -180.554 -5769.24
-5992.45 -219.516 -5772.93
-5993.79 -201.723 -5792.07
-5966.14 -174.547 -5791.59
-5947.98 -157.189 -5790.79
-5996 -167.329 -5828.67
-5980.92 -187.143 -5793.77
-5965.86 -159.231 -5806.63
-5976.9 -187.363 -5789.54
-6007.9 -233.739 -5774.16
-6482.32 -668.944 -5813.38
-6104.29 -337.62 -5766.67
-6047.87 -273.662 -5774.2
-5972.05 -223.614 -5748.44
-5985.92 -207.701 -5778.22
-6129.86 -356.739 -5773.12
-6001.59 -236.381 -5765.21
-6031.11 -237.073 -5794.04
-5981.23 -212.877 -5768.36
-6001.34 -225.409 -5775.93
-5936.65 -189.308 -5747.35
-5934.19 -201.43 -5732.76
-5966.88 -223.03 -5743.85
-6322.47 -599.731 -5722.74
-106844 -100633 -6211.2
-5957.73 -260.001 -5697.73
-5930.85 -206.254 -5724.6
-6004.16 -269.25 -5734.91
-6027.13 -277.987 -5749.14
-5972.33 -211.574 -5760.75
-5950.63 -223.944 -5726.68
-6060.26 -279.781 -5780.48
-5968.61 -205.052 -5763.56
-5993.4 -217.541 -5775.86
-6009.78 -215.961 -5793.82
-5985.98 -211.367 -5774.62
-6000.15 -214.507 -5785.65
-6316.4 -534.376 -5782.02
-6149.72 -444.711 -5705.01
-6160.02 -435.684 -5724.34
-5964.69 -234.538 -5730.15
-5947.52 -211.649 -5735.87
-5981.2 -227.58 -5753.62
-5999.94 -227.812 -5772.13
-5964.79 -177.656 -5787.13
-6138.97 -353.969 -5785
-6060.9 -302.862 -5758.04
-5983.03 -213.903 -5769.13
-6274.46 -507.087 -5767.37
-6170.94 -401.119 -5769.82
-6159.19 -427.863 -5731.33
-6039.65 -295.457 -5744.2
-5917.61 -216.421 -5701.18
-5970.96 -233.009 -5737.95
-5989.28 -238.751 -5750.53
-6065.78 -306.888 -5758.89
-6077.47 -284.362 -5793.11
-5952.2 -229.752 -5722.45
-5931.05 -204.86 -5726.19
-5955.92 -202.035 -5753.89
-6452.59 -691.96 -5760.63
-6180.42 -432.506 -5747.92
-6131.69 -355.357 -5776.33
-6099.71 -351.357 -5748.35
-6072.27 -328.579 -5743.7
-6126.27 -375.493 -5750.78
-6031.45 -325.447 -5706
-5992.59 -223.138 -5769.45
-6073.38 -296.064 -5777.31
-6036.03 -235.223 -5800.81
-5971.35 -179.954 -5791.39
-5975.08 -178.042 -5797.04
-5993.61 -161.813 -5831.79
-5952.78 -174.711 -5778.07
-6454.73 -645.778 -5808.96
-6184.3 -410.481 -5773.82
-6042.69 -261.589 -5781.1
-5998.97 -227.007 -5771.96
-6021.18 -223.711 -5797.47
-5963.59 -161.777 -5801.81
-6085.89 -327.414 -5758.48
-5945.45 -193.948 -5751.5
-5991.3 -217.226 -5774.07
-5968.46 -188.821 -5779.64
-5960.63 -184.119 -5776.51
-6028.27 -229.021 -5799.25
-6255.51 -487.212 -5768.3
-6211.37 -442.756 -5768.61
-6075.93 -346.795 -5729.14
-6179.21 -398.136 -5781.07
-6297.27 -535.241 -5762.03
-6052.31 -264.281 -5788.03
-5992.79 -225.716 -5767.07
-5955.53 -192.955 -5762.57
-6001.14 -261.523 -5739.62
-6267.51 -509.746 -5757.76
-6488.72 -771.215 -5717.51
-6302.39 -534.054 -5768.33
-6323.41 -581.337 -5742.07
-6114.99 -401.452 -5713.54
-6284.3 -575.991 -5708.31
-6213.01 -484.014 -5729
-6038.52 -254.679 -5783.84
-5998.84 -209.408 -5789.43
-5988.16 -226.435 -5761.73
-5989.25 -221.886 -5767.36
-5992.04 -192.478 -5799.56
-5971.06 -194.137 -5776.92
-5980.54 -187.976 -5792.56
-6028.41 -225.596 -5802.82
-6024.21 -215.211 -5809
-5959.99 -151.256 -5808.73
-6060.9 -277.28 -5783.62
-5995.88 -223.045 -5772.84
-6202.66 -408.701 -5793.96
-6024.48 -218.322 -5806.15
-5990.26 -219.938 -5770.33
-6003.35 -217.371 -5785.98
-5975.64 -162.132 -5813.51
-5981.77 -179.461 -5802.31
-5951.19 -141.184 -5810.01
-6021.2 -233.582 -5787.62
-6044.95 -243.635 -5801.31
-6019.59 -195.007 -5824.58
-5962.14 -174.774 -5787.37
-5956.01 -190.271 -5765.74
-6040.05 -247.805 -5792.24
-5984.83 -215.266 -5769.56
-5966.5 -146.794 -5819.71
-5977.11 -170.098 -5807.01
-5962.78 -169.921 -5792.86
-5930.65 -187.98 -5742.67
-5954.98 -199.668 -5755.31
-5955.83 -190.889 -5764.94
-5969.92 -180.157 -5789.76
-6012.64 -206.174 -5806.47
-5948.17 -194.035 -5754.13
-5989.97 -195.721 -5794.25
-5983.44 -200.639 -5782.8
-5929.84 -178.278 -5751.57
-5947.03 -152.641 -5794.39
-5954.15 -148.209 -5805.94
-5934.83 -175.355 -5759.48
-5942.82 -151.689 -5791.13
-5985.06 -214.706 -5770.35
-6014.23 -242.636 -5771.59
-5998.66 -226.901 -5771.76
-6003.9 -211.796 -5792.1
-5956.05 -182.928 -5773.12
-6083.32 -272.987 -5810.33
-6003.54 -207.573 -5795.97
-5993.85 -192.38 -5801.47
-5956.74 -208.585 -5748.16
-6037.05 -244.415 -5792.63
-5989.59 -193.319 -5796.27
-6013.05 -205.827 -5807.22
-5958.83 -180.997 -5777.84
-5967.1 -194.947 -5772.15
-6013.89 -203.997 -5809.89
-5994.21 -192.694 -5801.52
-5977.74 -201.924 -5775.81
-5982.33 -195.948 -5786.38
-5974.57 -183.318 -5791.25
-6214.49 -425.761 -5788.73
-5982.44 -245.261 -5737.18
-6806.29 -1030.56 -5775.73
-6429.93 -657.165 -5772.76
-6456.06 -654.793 -5801.27
-6187.94 -378.537 -5809.4
-6003.59 -211.435 -5792.16
-5980.75 -210.339 -5770.41
-6139.88 -363.661 -5776.22
-6009.84 -217.598 -5792.24
-6021.87 -243.552 -5778.32
-6030.31 -239.502 -5790.81
-6069.96 -253.03 -5816.93
-6216.33 -412.92 -5803.41
-6210.64 -394.492 -5816.15
-6115.75 -356.405 -5759.34
-6060.39 -343.954 -5716.44
-6156.47 -394.565 -5761.9
-6124.35 -342.139 -5782.22
-6141.75 -368.406 -5773.34
-6117.89 -339.987 -5777.9
-6152.27 -389.101 -5763.17
-5987.4 -229.462 -5757.94
-6032.88 -219.97 -5812.91
-6042.79 -242.533 -5800.26
-75599.5 -69310.6 -6288.87
-133853 -127590 -6262.79
-6484.25 -201.552 -6282.7
-6512.35 -226.543 -6285.81
-6424.61 -185.34 -6239.27
-6587.49 -272.138 -6315.35
-6480.84 -200.723 -6280.11
-6759.73 -443.133 -6316.6
-6489.84 -194.737 -6295.1
-6440.07 -153.638 -6286.43
-5956.12 -173.992 -5782.13
-5900.36 -158.922 -5741.44
-6021.57 -207.542 -5814.03
-5999.14 -182.197 -5816.94
-5979.62 -165.159 -5814.46
-5981.31 -195.591 -5785.72
-5996.95 -188.94 -5808.01
-5984.66 -170.32 -5814.34
-5965.93 -174.441 -5791.48
-5923.39 -130.236 -5793.15
-5967.12 -183.877 -5783.24
-5988.24 -168.223 -5820.02
-5981.83 -203.523 -5778.31
-5975.84 -224.439 -5751.4
-5976.83 -192.286 -5784.54
-5975.62 -215.171 -5760.45
-5987.21 -176.052 -5811.15
-5956.07 -194.801 -5761.27
-6122.12 -378.205 -5743.92
-6072.59 -304.651 -5767.94
-6001.25 -233.277 -5767.97
-5922.37 -176.166 -5746.21
-6152.72 -363.187 -5789.53
-6092.77 -322.047 -5770.72
-6094.84 -325.156 -5769.69
-6018.38 -257.126 -5761.25
-5922.13 -161.359 -5760.77
-6157.86 -385.649 -5772.22
-6107.77 -341.724 -5766.05
-6116.05 -370.701 -5745.34
-6141.38 -367.892 -5773.49
-6447.64 -684.118 -5763.53
-6130.91 -413.171 -5717.74
-6438.18 -694.622 -5743.56
-6364.41 -631.022 -5733.39
-6440.18 -738.21 -5701.97
-6095.13 -392.293 -5702.84
-5938.78 -228.26 -5710.52
-5967.73 -245.552 -5722.18
-6006.67 -268.949 -5737.72
-6031.5 -306.178 -5725.32
-6052.33 -336.882 -5715.44
-6035.71 -318.282 -5717.42
-5914.5 -168.341 -5746.16
-5965.62 -233.914 -5731.71
-5982.16 -228.866 -5753.29
-6222.18 -467.875 -5754.3
-5989.06 -252.237 -5736.82
-6005.44 -290.252 -5715.18
-5957.94 -231.251 -5726.69
-5940.87 -216.519 -5724.35
-171281 -165010 -6270.6
-5981.06 -190.747 -5790.31
-5982.57 -217.741 -5764.83
-5939.44 -213.837 -5725.6
-5957.15 -173.728 -5783.42
-5957.73 -196.957 -5760.77
-6010.79 -215.491 -5795.3
-5975.19 -216.204 -5758.98
-6053.55 -268.117 -5785.43
-6260.4 -491.852 -5768.55
-6016.96 -291.942 -5725.02
-5982.64 -228.479 -5754.16
-5991.43 -207.309 -5784.12
-5960.1 -223.66 -5736.44
-6045.24 -264.348 -5780.89
-5992.02 -240.119 -5751.9
-6013.46 -230.026 -5783.44
-6003.84 -215.517 -5788.33
-5983.87 -223.433 -5760.44
-5997.06 -208.636 -5788.42
-5993.57 -187.388 -5806.18
-5998.75 -213.536 -5785.22
-5986.95 -203.337 -5783.62
-5962.85 -188.292 -5774.56
-6141.11 -356.949 -5784.16
-6079.93 -306.781 -5773.15
-5949.67 -182.037 -5767.63
-6072.97 -296.223 -5776.74
-5962.24 -186.526 -5775.72
-5948.4 -171.146 -5777.26
-5953.11 -204.007 -5749.11
-5957.92 -182.799 -5775.12
-5949.73 -188.642 -5761.08
-6257.04 -477.566 -5779.47
-6105.36 -343.677 -5761.68
-5996.59 -249.585 -5747
-5982.17 -195.166 -5787
-5989.54 -226.203 -5763.33
-6005.2 -204.524 -5800.68
-5987.85 -220.666 -5767.19
-5949.14 -156.463 -5792.67
-6034.96 -214.691 -5820.27
-5993.11 -174.332 -5818.77
-5989.33 -205.583 -5783.75
-6005.04 -176.175 -5828.87
-5978.8 -138.657 -5840.14
-5935.89 -159.556 -5776.33
-5991.25 -203.021 -5788.23
-5997.18 -153.72 -5843.46
-6183.38 -373.189 -5810.19
-6024.62 -252.574 -5772.05
-6120.16 -298.088 -5822.07
-6049.68 -259.548 -5790.13
-6211.47 -386.878 -5824.59
-6120.24 -306.76 -5813.48
-6107.01 -284.083 -5822.92
-6076.62 -256.514 -5820.11
-7017.22 -1211.05 -5806.17
-6293.41 -511.337 -5782.07
-6077.42 -278.262 -5799.15
-6079.05 -279.483 -5799.57
-5962.57 -167.963 -5794.6
-5985.54 -145.777 -5839.76
-6008.12 -194.213 -5813.91
-5962.54 -166.332 -5796.21
-6019.04 -179.441 -5839.6
-5985.04 -202.792 -5782.25
-5989.65 -214.447 -5775.2
-5997.48 -232.871 -5764.61
-5981.52 -190.943 -5790.58
-6258.13 -414.062 -5844.07
-5997.99 -191.101 -5806.89
-6021.34 -174.975 -5846.37
-5957.13 -136.654 -5820.48
-6082.93 -254.467 -5828.47
-5937.34 -145.805 -5791.54
-5991.35 -164.565 -5826.79
-5990.42 -181.752 -5808.67
-5982.3 -170.544 -5811.75
-5989.57 -194.876 -5794.69
-6001.58 -171.26 -5830.32
-5983.64 -153.717 -5829.92
-5940.22 -163.605 -5776.62
-5958.67 -176.595 -5782.07
-5917.75 -139.989 -5777.76
-5924.39 -164.647 -5759.75
-5937.76 -167.547 -5770.22
-6000.31 -225.24 -5775.07
-5941.44 -183.295 -5758.14
-5949.22 -192.28 -5756.94
-5963.93 -195.378 -5768.56
-6059.06 -237.906 -5821.16
-6021.26 -231.582 -5789.68
-5944.78 -172.377 -5772.41
-5997.41 -211.047 -5786.36
-6693.24 -907.294 -5785.95
-6365.08 -593.708 -5771.37
-6208.45 -464.56 -5743.89
-5982.11 -235.202 -5746.91
-6024.19 -261.318 -5762.87
-5959.89 -207.48 -5752.41
-5981.8 -221.238 -5760.56
-5944.89 -173.747 -5771.14
-11075.2 -5254.14 -5821.05
-6891.08 -1156.23 -5734.86
-6849.54 -1109.68 -5739.86
-6446.65 -727.11 -5719.53
-6413.29 -666.761 -5746.53
-6464.68 -684.772 -5779.91
-6226.88 -501.155 -5725.73
-6347.03 -585.132 -5761.9
-113268 -107005 -6263.58
-6138.15 -359.219 -5778.93
-6034.78 -253.393 -5781.38
-6057.49 -265.402 -5792.09
-6001.37 -228.47 -5772.9
-5996.54 -224.643 -5771.9
-5993.2 -187.736 -5805.46
-6087.61 -292.429 -5795.18
-5982.16 -181.883 -5800.28
-6006.52 -177.448 -5829.07
-5984.29 -194.725 -5789.56
-5989.11 -177.768 -5811.34
-5941.56 -162.007 -5779.55
-5961.34 -182.984 -5778.35
-5948.67 -173.907 -5774.76
-5953.66 -201.404 -5752.26
-5954.66 -177.78 -5776.88
-5983.11 -225.744 -5757.37
-6000.44 -203.037 -5797.4
-5982.6 -171.992 -5810.61
-5936.62 -184.457 -5752.17
-5968.69 -192.845 -5775.84
-5958.15 -179.377 -5778.77
-5976.62 -204.991 -5771.63
-5931.95 -202.029 -5729.92
-6007.38 -246.219 -5761.16
-5961.16 -179.219 -5781.94
-5945.1 -188.776 -5756.33
-6212.49 -432.502 -5779.99
-6049.49 -316.991 -5732.5
-5966 -222.996 -5743.01
-5919.71 -181.376 -5738.33
-6066.83 -277.165 -5789.67
-6032.17 -288.033 -5744.14
-5936.53 -185.322 -5751.21
-5995.28 -207.559 -5787.72
-5916.93 -112.925 -5804.01
-5907.23 -172.375 -5734.86
-5917.08 -146.159 -5770.92
-5974.8 -202.369 -5772.43
-5911.76 -130.488 -5781.28
-5950.3 -154.619 -5795.68
-5973.74 -181.534 -5792.21
-5983.59 -160.612 -5822.97
-5985 -192.774 -5792.23
-5940.12 -177.689 -5762.43
-5948.86 -165.882 -5782.98
-5914.85 -176.268 -5738.59
-6021.78 -279.414 -5742.36
-6193.18 -438.723 -5754.45
-5982.09 -224.2 -5757.89
-5944.19 -196.025 -5748.16
-5933.3 -180.791 -5752.5
-5983.73 -221.807 -5761.92
-5969.6 -187.619 -5781.98
-5943.35 -179.871 -5763.48
-6030.62 -212.293 -5818.33
-5971.12 -203.995 -5767.13
-6007.27 -229.755 -5777.52
-5906.11 -137.102 -5769.01
-5983.54 -208.79 -5774.75
-5994.28 -186.234 -5808.04
-6116.01 -337.52 -5778.49
-6309.92 -525.691 -5784.23
-6086.6 -333.943 -5752.66
-6106.45 -305.753 -5800.7
-6112.46 -339.668 -5772.79
-6028.63 -267.874 -5760.75
-5969.88 -190.108 -5779.77
-5964.69 -227.596 -5737.09
-5965.79 -198.682 -5767.1
-5921.08 -145.602 -5775.48
-5942.41 -156.48 -5785.93
-5965.66 -194.772 -5770.89
-6022.56 -258.453 -5764.11
-5996.96 -178.911 -5818.05
-5957.16 -159.028 -5798.13
-5976.66 -175.412 -5801.25
-5970.86 -218.923 -5751.94
-5938.96 -184.473 -5754.48
-6266.76 -486.093 -5780.67
-6045.78 -298.782 -5746.99
-5937.14 -174.622 -5762.52
-5995.53 -246.46 -5749.07
-5989.75 -233.406 -5756.35
-6256.55 -504.935 -5751.61
-6010.06 -226.271 -5783.79
-5952.23 -187.379 -5764.85
-5963.31 -205.07 -5758.24
-5975.99 -213.685 -5762.31
-6027 -279.871 -5747.13
-5999.07 -258.47 -5740.6
-5977.51 -224.636 -5752.87
-5951.23 -173.031 -5778.2
-5951.15 -191.989 -5759.16
-5926.61 -190.376 -5736.24
-5930.26 -152.3 -5777.96
-6000.67 -194.484 -5806.19
-5973.3 -196.845 -5776.45
-5962.11 -208.029 -5754.08
-5980.88 -198.588 -5782.29
-6682.78 -915.925 -5766.86
-6151.45 -437.882 -5713.57
-6143.66 -407.889 -5735.77
-6163.23 -423.868 -5739.36
-6147.37 -444.273 -5703.1
-6127.89 -382.925 -5744.96
-6077.05 -318.127 -5758.92
-5951.84 -183.89 -5767.95
-5916.98 -170.537 -5746.44
-6014.53 -273.783 -5740.75
-6004.32 -238.324 -5765.99
-5969.15 -187.341 -5781.81
-5962.09 -213.113 -5748.98
-6024.71 -214.543 -5810.17
-5958.27 -149.565 -5808.7
-5972.04 -201.829 -5770.21
-5944.62 -146.83 -5797.79
-5936.93 -162.985 -5773.95
-5933.95 -156.894 -5777.06
-5940.16 -165.729 -5774.43
-5955.78 -181.233 -5774.55
-5944.81 -127.004 -5817.81
-5940.72 -159.31 -5781.41
-5956.74 -172.387 -5784.35
-91817.8 -85482.4 -6335.43
-5954 -140.494 -5813.5
-5963.01 -144.29 -5818.72
-5990.04 -174.593 -5815.45
-6542.18 -756.752 -5785.43
-6298.62 -536.474 -5762.15
-6295.85 -507.218 -5788.63
-6283.66 -492.339 -5791.32
-6309.08 -516.682 -5792.4
-6294.05 -507.892 -5786.16
-6214.68 -469.367 -5745.31
-6237.75 -477.892 -5759.86
-6047.3 -248.158 -5799.14
-5973.58 -156.454 -5817.13
-5983.06 -177.338 -5805.72
-5961.72 -168.945 -5792.77
-5933.71 -155.993 -5777.71
-6160.99 -399.381 -5761.61
-5998.78 -231.56 -5767.22
-6004.86 -228.014 -5776.84
-6048.1 -228.948 -5819.15
-6037.53 -216.63 -5820.9
-80693.4 -74444.5 -6248.92
-5984.8 -190.745 -5794.06
-5976.52 -167.49 -5809.03
-6030 -229.799 -5800.2
-5975.23 -182.857 -5792.37
-5944.33 -139.116 -5805.22
-5967.55 -225.427 -5742.12
-5922 -160.167 -5761.84
-5957.73 -161.689 -5796.04
-5981.14 -188.721 -5792.42
-6168.08 -388.502 -5779.58
-5989.24 -217.502 -5771.74
-5969.8 -206.418 -5763.38
-5943.68 -148.328 -5795.35
-6428.8 -643.256 -5785.54
-6127.42 -326.623 -5800.8
-6029.08 -265.08 -5764
-6026.9 -214.417 -5812.48
-5964.63 -175.604 -5789.03
-6011.06 -185.945 -5825.11
-5936.37 -150.48 -5785.89
-5944.49 -179.116 -5765.38
-6007.56 -199.307 -5808.25
-5916.65 -151.592 -5765.06
-5966.02 -156.687 -5809.34
-5947.04 -176.783 -5770.26
-5957.73 -197.998 -5759.73
-5923.04 -170.785 -5752.26
-6241.11 -499.845 -5741.27
-6237.44 -420.713 -5816.73
-6101.37 -329.061 -5772.31
-5931.47 -162.098 -5769.37
-5975.67 -187.446 -5788.22
-5982.7 -166.457 -5816.24
-5970.67 -172.157 -5798.51
-5926.66 -128.445 -5798.22
-6001.99 -194.338 -5807.65
-6128.35 -346.395 -5781.96
-6033.41 -283.041 -5750.37
-6045.98 -285.908 -5760.07
-6086.92 -290.536 -5796.38
-5977.95 -196.411 -5781.54
-5963.92 -162.552 -5801.37
-5928.97 -137.592 -5791.38
-6239.73 -453.778 -5785.95
-6207.04 -421.622 -5785.42
-6155.03 -414.434 -5740.6
-5943.84 -180.876 -5762.97
-5996.41 -166.613 -5829.8
-6020.91 -216.027 -5804.88
-5938.49 -171.537 -5766.96
-5976.39 -179.082 -5797.31
-5906.92 -177.078 -5729.84
-5978.27 -189.398 -5788.87
-6178.27 -385.084 -5793.19
-5999.85 -256.363 -5743.49
-5986.51 -192.089 -5794.42
-5990.36 -226.931 -5763.43
-5946.29 -203.355 -5742.94
-5954.22 -176.723 -5777.5
-5958.82 -176.384 -5782.44
-6281.05 -475.344 -5805.7
-6045.6 -236.744 -5808.86
-5991.12 -182.798 -5808.32
-5961.77 -139.235 -5822.54
-5953.82 -133.657 -5820.16
-5969.51 -159.174 -5810.34
-5948.52 -157.98 -5790.54
-5964.8 -161.951 -5802.85
-5995.44 -164.693 -5830.74
-5907.37 -145.765 -5761.6
-5955.96 -173.066 -5782.89
-5989.38 -201.273 -5788.11
-5925.37 -162.921 -5762.44
-6033.42 -246.372 -5787.05
-5973.34 -192.631 -5780.71
-5930.03 -155.197 -5774.84
-5971.13 -188.168 -5782.96
-5961.57 -163.243 -5798.32
-6006.66 -206.405 -5800.25
-5988.41 -196.258 -5792.15
-5966.04 -187.735 -5778.3
-5993.83 -225.774 -5768.06
-5944.51 -170.825 -5773.68
-5963.98 -171.55 -5792.43
-6670.72 -916.337 -5754.39
-6301.57 -585.763 -5715.8
-6259.79 -527.234 -5732.55
-6269.4 -516.484 -5752.92
-6131.49 -394.451 -5737.04
-6191.26 -434.722 -5756.53
-5996 -270.07 -5725.93
-5991.61 -279.58 -5712.03
-5925.66 -216.198 -5709.47
-5946.65 -182.855 -5763.8
-5997.78 -241.832 -5755.95
-5974.43 -191.448 -5782.99
-5978.38 -214.194 -5764.18
-5972.5 -202.152 -5770.35
-6006.6 -230.58 -5776.02
-5984.94 -195.384 -5789.56
-5965.03 -195.499 -5769.53
-5989.43 -228.546 -5760.89
-5963.47 -201.139 -5762.33
-5979 -231.661 -5747.34
-5987.98 -199.828 -5788.15
-5993.36 -182.05 -5811.31
-5991.49 -193.143 -5798.35
-5971.56 -207.436 -5764.12
-5949.95 -189.824 -5760.12
-6020.19 -228.949 -5791.24
-5965.77 -175.476 -5790.29
-5956.67 -174.062 -5782.61
-5941.44 -202.915 -5738.52
-5968.3 -207.024 -5761.27
-5957.19 -243.1 -5714.09
-5985.88 -223.16 -5762.72
-5952.18 -190.86 -5761.32
-5978.93 -197.163 -5781.77
-5937.62 -178.935 -5758.68
-6029.31 -249.098 -5780.21
-5971.04 -191.95 -5779.09
-6005.04 -277.926 -5727.12
-5972.58 -267.289 -5705.29
-5964.64 -214.997 -5749.65
-5960.95 -283.45 -5677.5
-5961.76 -226.444 -5735.31
-5997.67 -263.097 -5734.57
-5976.26 -220.416 -5755.84
-6002.96 -242.183 -5760.78
-5967.31 -189.203 -5778.1
-5963.78 -205.325 -5758.46
-5962.52 -200.178 -5762.34
-5971.82 -224.977 -5746.85
-6053.45 -272.834 -5780.62
-5956.57 -219.417 -5737.15
-5921.99 -177.791 -5744.2
-5960.59 -191.481 -5769.11
-5978.98 -174.072 -5804.91
-5962.88 -170.124 -5792.76
-5961.93 -207.581 -5754.35
-5927.23 -151.977 -5775.26
-5939.47 -151.943 -5787.53
-5973.35 -206.719 -5766.63
-5957.71 -174.313 -5783.39
-5967.08 -156 -5811.08
-490327 -484055 -6271.66
-5942.45 -153.656 -5788.79
-5966.4 -175.639 -5790.76
-5951.54 -174.056 -5777.48
-5968.43 -212.899 -5755.54
-5936.73 -126.424 -5810.31
-9002.09 -3230.25 -5771.83
-7016.79 -1400.92 -5615.87
-6821.44 -1226 -5595.44
-6736.75 -1109.95 -5626.8
-6640.97 -1011.43 -5629.54
-6563.38 -893.023 -5670.36
-6774.79 -1113.22 -5661.57
-6671.59 -995.044 -5676.54
-523448 -517299 -6149.78
-6491.19 -778.967 -5712.22
-14333 -8647.16 -5685.8
-7357 -1680.34 -5676.66
-6423.92 -724.184 -5699.73
-6388.29 -648.052 -5740.23
-6273.77 -585.868 -5687.9
-6272.01 -558.242 -5713.77
-9900.44 -4226.02 -5674.43
-6902.36 -1203.62 -5698.74
-6767.44 -1063.02 -5704.42
-6559.53 -836.827 -5722.71
-6028.96 -244.366 -5784.6
-6009.51 -195.482 -5814.02
-5965.72 -160.39 -5805.33
-102986 -96671.5 -6314.36
-5983.98 -167.835 -5816.15
-5956.79 -168.422 -5788.37
-5952.97 -155.739 -5797.23
-5945.7 -165.031 -5780.67
-6003.23 -227.072 -5776.16
-5949.62 -183.866 -5765.76
-5962.44 -152.322 -5810.11
-5979.34 -201.563 -5777.77
-5963.2 -192.2 -5771
-6078.87 -315.011 -5763.86
-6032.11 -238.93 -5793.18
-5943.59 -190.627 -5752.96
-5932.65 -192.125 -5740.53
-5905.05 -148.178 -5756.87
-5949.34 -172.454 -5776.89
-5925.66 -171.697 -5753.96
-6005.25 -205.278 -5799.98
-5989.46 -193.758 -5795.7
-6116.71 -317.723 -5798.99
-5935.07 -180.5 -5754.57
-5951.05 -160.86 -5790.19
-5980.7 -203.369 -5777.33
-5998.88 -234.353 -5764.53
-5975.13 -207.323 -5767.81
-6023.14 -236.194 -5786.94
-5972.85 -205.398 -5767.46
-5939.15 -157.178 -5781.97
-5934.67 -163.745 -5770.93
-6016.9 -222.731 -5794.16
-5985.41 -215.119 -5770.29
-5955.08 -178.569 -5776.51
-5947.61 -149.948 -5797.67
-5941.83 -182.435 -5759.39
-5960.22 -173.919 -5786.3
-6135.9 -304.762 -5831.13
-6056.14 -265.413 -5790.72
-6001.66 -198.59 -5803.07
-6032.39 -196.017 -5836.37
-6491.67 -631.112 -5860.56
-6055.14 -275.894 -5779.24
-6150.19 -344.27 -5805.92
-6030.54 -214.091 -5816.45
-5945.92 -162.648 -5783.27
-5937.93 -152.598 -5785.33
-5986.64 -168.438 -5818.2
-5996.82 -153.754 -5843.06
-5947.08 -172.045 -5775.03
-5954.64 -135.892 -5818.74
-5943.24 -129.895 -5813.35
-5949.75 -138.546 -5811.21
-5917.57 -117.243 -5800.33
-5990.37 -202.474 -5787.9
-5940.08 -152.844 -5787.24
-6047.2 -270.05 -5777.15
-6057.38 -237.923 -5819.45
-5973.25 -165.436 -5807.82
-5960.71 -166.799 -5793.91
-5965.8 -155.869 -5809.93
-5947.94 -145.565 -5802.37
-6002.46 -211.261 -5791.2
-5981.69 -162.906 -5818.79
-5985.71 -167.849 -5817.86
-5976.43 -140.787 -5835.64
-6015.92 -183.664 -5832.26
-6045.53 -233.475 -5812.06
-6000.4 -182.814 -5817.59
-6019.98 -229.988 -5790
-5999.29 -246.234 -5753.06
-6005.75 -212.324 -5793.42
-5940.44 -165.441 -5775
-5958.92 -157.399 -5801.52
-5916.26 -126.127 -5790.13
-6011.72 -172.759 -5838.96
-5990.23 -139.437 -5850.79
-5969.74 -175.056 -5794.69
-6006.57 -189.076 -5817.49
-5989.19 -156.967 -5832.22
-6007.19 -157.272 -5849.92
-5982.38 -143.038 -5839.34
-5965.47 -149.487 -5815.98
-5955.85 -128.657 -5827.2
-6091.07 -266.125 -5824.94
-5905.81 -121.954 -5783.85
-5941.35 -135.311 -5806.04
-5942.08 -120.41 -5821.67
-5997.38 -162.457 -5834.93
-5984.03 -158.25 -5825.78
-5982.5 -127.418 -5855.09
-5940.65 -152.177 -5788.48
-5964.68 -165.338 -5799.34
-5987.95 -158.95 -5829
-5953.08 -151.553 -5801.53
-5972.01 -147.284 -5824.73
-5988.85 -172.022 -5816.82
-5965.22 -158.796 -5806.43
-6003.31 -190.228 -5813.08
-5966.52 -158.76 -5807.76
-5960.91 -147.497 -5813.41
-5959.41 -137.347 -5822.06
-5947.29 -117.096 -5830.2
-5915.96 -104.487 -5811.47
-5988.1 -147.263 -5840.83
-5988.83 -153.107 -5835.72
-5960.14 -138.426 -5821.72
-5967.4 -136.045 -5831.36
-6005.36 -138.334 -5867.03
-5954.01 -122.185 -5831.83
-5947.87 -116.367 -5831.5
-5915.93 -104.327 -5811.61
-5930.58 -107.251 -5823.33
-21872.8 -16055.7 -5817.16
-8166.77 -2475.22 -5691.55
-7466 -1768.94 -5697.06
-6534.9 -827.77 -5707.13
-6319.08 -595.525 -5723.56
-6202 -454.795 -5747.2
-6107.73 -352.874 -5754.86
-5963.99 -228.162 -5735.83
-6019.34 -255.566 -5763.78
-6003.84 -258.177 -5745.66
-5962.53 -214.659 -5747.87
-6025.14 -228.111 -5797.03
-6014.01 -225.545 -5788.46
-6024.87 -218.046 -5806.83
-5973.27 -198.163 -5775.11
-6007.35 -200.11 -5807.25
-5977.44 -186.349 -5791.09
-5976.86 -173.035 -5803.82
-5892.58 -121.947 -5770.63
-6175.02 -382.831 -5792.19
-6055.83 -238.173 -5817.65
-5969.05 -152.469 -5816.58
-5942.31 -146.534 -5795.78
-5957.45 -121.785 -5835.67
-5933.26 -137.931 -5795.33
-6914.24 -1073.73 -5840.51
-6249.63 -490.182 -5759.44
-6021.56 -270.41 -5751.15
-5916.47 -129.904 -5786.56
-6002.53 -162.423 -5840.11
-6090.03 -286.557 -5803.47
-6113.83 -323.803 -5790.03
-6044.26 -192.77 -5851.49
-6022.55 -165.502 -5857.05
-5939 -146.773 -5792.23
-5965.65 -131.521 -5834.13
-5938.98 -128.352 -5810.63
-5877.39 -88.123 -5789.27
-6088.57 -271.61 -5816.96
-6079.05 -261.331 -5817.72
-5980.9 -163.806 -5817.1
-5980.91 -142.582 -5838.32
-6005.69 -138.599 -5867.09
-5966.49 -127.173 -5839.32
-5962.84 -130.196 -5832.64
-6016.36 -168.523 -5847.84
-802607 -796274 -6333.19
-6211.65 -365.444 -5846.2
-6030.47 -212.942 -5817.52
-5959.83 -157.666 -5802.16
-5976.08 -140.332 -5835.75
-5976.51 -125.01 -5851.5
-6025.17 -171.793 -5853.38
-5963.09 -67.2068 -5895.88
-5912.94 -59.2239 -5853.72
-5978.13 -127.88 -5850.25
-5910.63 -89.5609 -5821.07
-5920.67 -85.2821 -5835.39
-6289.64 -428.157 -5861.48
-6031.25 -188.452 -5842.8
-6578.36 -725.997 -5852.36
-6092.24 -209.877 -5882.36
-5802.07 62.3459 -5864.42
-5742.96 109.584 -5852.54
-6175.46 -281.696 -5893.77
-5888.07 -36.5686 -5851.51
-6032.68 -194.463 -5838.22
-5796.67 23.2721 -5819.95
-5692.98 127.823 -5820.8
-5750.1 137.869 -5887.97
-57413.1 -51067 -6346.06
-5697.42 118.707 -5816.13
-5729.36 130.916 -5860.28
-5739.15 95.539 -5834.69
-5709.55 110.992 -5820.54
-5732.36 131.928 -5864.28
-5695.85 157.858 -5853.71
-5965.95 -82.9245 -5883.02
-5793.55 50.7345 -5844.28
-5718.99 128.542 -5847.53
-5876.28 9.51465 -5885.79
-5798.23 38.5641 -5836.79
-5654.8 159.674 -5814.47
-5711.58 173.202 -5884.78
-5743.55 154.625 -5898.18
-5716.36 181.072 -5897.44
-5773.84 146.439 -5920.28
-5718 148.501 -5866.5
-5736.34 143.119 -5879.46
-5730.54 149.602 -5880.14
-5683.28 194.145 -5877.43
-5739.8 152.478 -5892.28
-5694.36 174.806 -5869.16
-5679.27 205.838 -5885.11
