0.50495 2.15099
0.512 2.33689
0.473333 2.00053
0.445714 1.69261
0.41 1.19469
0.422222 1.32714
0.432 1.45122
0.414545 1.15909
0.406667 0.993289
0.406154 0.94081
0.411429 0.99081
0.416 1.03859
0.4175 1.03859
0.421176 1.08254
0.415556 0.955656
0.416842 0.955656
0.416 0.916279
0.415238 0.878193
0.42 0.951972
0.424348 1.02353
0.428333 1.09301
0.424 0.991695
0.426154 1.02456
0.423704 0.96054
0.431429 1.11656
0.435862 1.2079
0.434667 1.17817
0.44129 1.32343
0.435 1.18139
0.432727 1.12579
0.436471 1.20744
0.429714 1.04747
0.428889 1.02133
0.43027 1.04696
0.434737 1.14756
0.431795 1.07349
0.433 1.09774
0.436098 1.1692
0.435238 1.14579
0.43907 1.23788
0.439091 1.23788
