0.376238 0.257259
0.432 0.721995
0.413333 0.469726
0.428571 0.623686
0.42 0.481424
0.391111 1
0.356 0.379597
0.374545 0.554873
0.376667 0.499607
0.375385 0.394647
0.38 0.394647
0.386667 0.442425
0.3825 0.305107
0.390588 0.393014
0.397778 0.477604
0.395789 0.396053
0.394 0.317299
0.405714 0.507729
0.401818 0.397061
0.401739 0.361284
0.403333 0.361284
0.4016 0.293743
0.401538 0.260881
0.404444 0.292889
0.407143 0.324094
0.406897 0.293647
0.410667 0.353107
0.412903 0.382159
0.41125 0.325342
0.408485 0.241949
0.408235 0.214732
0.411429 0.268058
0.414444 0.320328
0.418378 0.397221
0.416842 0.346923
0.419487 0.396298
0.42 0.396298
0.419512 0.372477
0.415238 0.255408
0.417674 0.301453
0.414545 0.210869
