-456.201 9572.72 -10028.9
-441.082 9630.08 -10071.2
-330.498 9699.82 -10030.3
-332.505 9712.23 -10044.7
-402.851 9670.66 -10073.5
-270.706 9820.77 -10091.5
-335.65 9769.37 -10105
-292.407 9792.33 -10084.7
-162.471 9878.81 -10041.3
-269.709 9808.86 -10078.6
-259.821 9834.06 -10093.9
-157.351 9917.38 -10074.7
-1217.09 8870.7 -10087.8
-481.27 9611.81 -10093.1
-409.281 9722.68 -10132
-305.171 9746.82 -10052
-356.902 9734.9 -10091.8
-272.227 9836.96 -10109.2
-215.284 9901.22 -10116.5
-501.948 9618.14 -10120.1
-242.702 9838.54 -10081.2
-244.346 9861.31 -10105.7
-219.014 9887.54 -10106.6
-213.401 9920.42 -10133.8
-214.862 9926.98 -10141.8
-1515.11 8628.3 -10143.4
-1641.48 8466.94 -10108.4
-613.829 9472.24 -10086.1
-352.264 9750.26 -10102.5
-224.526 9929.29 -10153.8
-253.947 9915.64 -10169.6
-234.188 9868.34 -10102.5
-186.329 9911.02 -10097.3
-244.815 9904.4 -10149.2
-231.225 9896.32 -10127.5
-162.584 9926.61 -10089.2
-2044.79 8030.99 -10075.8
-1053.69 8999.8 -10053.5
-880.292 9129.46 -10009.8
-645.77 9364.12 -10009.9
-458.097 9589.99 -10048.1
-335.938 9721.12 -10057.1
-5017.5 5060.1 -10077.6
-940.321 9018.35 -9958.67
-772.99 9279.97 -10053
-444.676 9620.33 -10065
-61.3588 10011.7 -10073
7.8174 10092.1 -10084.3
6.06582 10117.4 -10111.3
-2339.96 7736.66 -10076.6
-650.665 9413.95 -10064.6
-588.566 9476.38 -10064.9
-524.678 9549.88 -10074.6
-435.845 9615.65 -10051.5
-115.037 9923.93 -10039
49.6735 10159.1 -10109.4
84.3072 10229.1 -10144.8
-59.1916 10118.3 -10177.5
115.166 10298.7 -10183.5
184.393 10372.4 -10188
320.23 10529 -10208.8
298.189 10528.4 -10230.2
371.519 10566.1 -10194.6
300.332 10526.2 -10225.8
346.371 10533.5 -10187.1
410.392 10606.4 -10196
368.227 10540.5 -10172.3
374.415 10562.8 -10188.4
365.313 10608.7 -10243.4
404.469 10629.2 -10224.8
358.534 10577.7 -10219.1
444.165 10669.5 -10225.3
-1000.15 9183.74 -10183.9
-79.8939 10063.2 -10143.1
181.363 10320.1 -10138.8
134.196 10278.1 -10143.9
74.5171 10241.2 -10166.7
148.111 10295.2 -10147.1
214.998 10347.1 -10132.1
210.48 10402.1 -10191.7
200.574 10433.6 -10233
179.128 10445.6 -10266.5
262.794 10483.2 -10220.4
306.56 10487.4 -10180.9
200.311 10396.1 -10195.8
272.306 10433 -10160.7
191.49 10378.3 -10186.8
199.67 10438.6 -10239
-2040.47 8163.82 -10204.3
-310.576 9805.7 -10116.3
-1277.02 8864.53 -10141.5
-89.6263 10054.7 -10144.3
154.205 10370 -10215.8
279.778 10418.1 -10138.3
-663.586 9503.81 -10167.4
-204.88 10022 -10226.9
51.3622 10243.3 -10191.9
-2422.07 7726.9 -10149
-270.555 9871.71 -10142.3
-40.1556 10153.2 -10193.3
21.2483 10207.1 -10185.9
170.93 10345.9 -10175
234.355 10406.9 -10172.5
274.794 10476.5 -10201.7
219.986 10454.4 -10234.4
136.8 10335 -10198.2
279.521 10456.7 -10177.2
-397.772 9808.91 -10206.7
211.536 10357.9 -10146.3
200.43 10417.1 -10216.7
196.09 10355.5 -10159.4
267.808 10448.6 -10180.8
200.562 10434.1 -10233.5
278.269 10485.7 -10207.4
164.034 10367.4 -10203.3
270.402 10434.4 -10164
147.687 10328.8 -10181.1
243.285 10448.6 -10205.3
219.722 10407.4 -10187.6
278.086 10468.4 -10190.3
268.491 10466.6 -10198.1
240.636 10452 -10211.4
238.838 10425.1 -10186.2
209.974 10437.2 -10227.3
-181.276 10012.4 -10193.7
201.928 10405.3 -10203.4
329.506 10506.3 -10176.8
-2815.18 7362.98 -10178.2
-250.067 9918.45 -10168.5
-4.87783 10173.7 -10178.6
2.28023 10228.1 -10225.8
56.633 10262.5 -10205.9
116.571 10264.2 -10147.6
114.553 10301.1 -10186.5
251.527 10469.6 -10218
181.007 10423.8 -10242.7
216.018 10437.6 -10221.5
226.809 10400.4 -10173.6
202.8 10430.3 -10227.5
281.265 10467.1 -10185.9
-2702.39 7511.15 -10213.5
-601.215 9495.18 -10096.4
-71.9083 10004 -10076
150.535 10320.5 -10170
143.191 10309 -10165.8
169.26 10351.4 -10182.1
-944.055 9236.06 -10180.1
-198.289 9926.22 -10124.5
-4627.9 5456.94 -10084.8
-730.444 9324.52 -10055
-248.259 9849.86 -10098.1
-62.1906 10052.1 -10114.3
30.5603 10212.2 -10181.6
-38.1184 10088.3 -10126.4
-156756 -145996 -10760.3
131.164 10249.1 -10117.9
168.309 10294 -10125.7
236.162 10415.1 -10178.9
184.516 10319.6 -10135
278.151 10424.1 -10146
110.724 10288.5 -10177.8
146.676 10337.6 -10190.9
207.597 10356.8 -10149.3
74.9184 10234.3 -10159.4
217.117 10437.2 -10220.1
-462.196 9779.68 -10241.9
-45.2644 10138 -10183.3
110.006 10239.1 -10129.1
145.71 10233.2 -10087.5
142.213 10270.7 -10128.5
98.7739 10287 -10188.3
135.113 10304.7 -10169.5
194.607 10353.2 -10158.6
325.926 10497.6 -10171.7
-481.249 9725.74 -10207
181.312 10342.4 -10161.1
174.067 10353.8 -10179.8
325.965 10494.8 -10168.9
227.909 10437.7 -10209.8
306.567 10476.7 -10170.2
-1383.25 8809.46 -10192.7
-247.769 9949.81 -10197.6
172.549 10338.1 -10165.6
112.922 10338.2 -10225.2
338.591 10528.6 -10190
339.695 10556.1 -10216.4
286.907 10570.3 -10283.4
384.595 10563.7 -10179.1
319.755 10534.8 -10215
310.968 10589.6 -10278.6
-5.37696 10219.9 -10225.2
279.282 10507.2 -10227.9
323.318 10574.9 -10251.6
322.547 10551.4 -10228.9
73.1654 10314.2 -10241
253.839 10521.4 -10267.6
326.351 10557.9 -10231.5
338.021 10569.1 -10231.1
306.198 10544.1 -10237.9
355.632 10613.1 -10257.5
337.743 10586.6 -10248.9
317.009 10574.9 -10257.9
362.563 10568.4 -10205.8
372.778 10614.4 -10241.7
307.898 10581.9 -10274
319.454 10579.8 -10260.4
373.831 10631.4 -10257.6
390.041 10618.9 -10228.9
391.909 10605.3 -10213.4
324.686 10521.7 -10197
217.448 10423.9 -10206.4
309.055 10573 -10263.9
299.409 10513.2 -10213.8
279.974 10535.6 -10255.6
345.252 10537.5 -10192.3
334.095 10588.1 -10254.1
332.578 10583.6 -10251.1
376.99 10573.1 -10196.1
361.958 10592.8 -10230.8
211.336 10487.8 -10276.4
-204301 -193485 -10815.8
331.408 10545.4 -10213.9
377.479 10590 -10212.5
376.25 10613.5 -10237.3
357.669 10557.6 -10199.9
405.744 10638.1 -10232.4
382.185 10617.7 -10235.5
291.587 10530.4 -10238.8
343.692 10543.1 -10199.4
306.46 10508 -10201.6
374.075 10569.2 -10195.1
415.243 10611.6 -10196.3
385.297 10610.9 -10225.6
393.617 10637.2 -10243.6
381.78 10653.7 -10272
411.034 10688.2 -10277.2
364.541 10610 -10245.5
404.91 10646.5 -10241.6
491.507 10714.3 -10222.8
376.07 10636.9 -10260.9
369.883 10604.3 -10234.4
383.779 10656.1 -10272.3
-323.281 9897.75 -10221
-74.4434 10078.3 -10152.7
325.631 10542.8 -10217.2
434.062 10716.9 -10282.9
426.679 10737.1 -10310.4
525.986 10793.6 -10267.6
360.151 10647.5 -10287.4
401.158 10697.6 -10296.4
412.967 10675.1 -10262.1
376.51 10726 -10349.5
412.206 10735.8 -10323.6
386.553 10711.1 -10324.5
425.227 10780.8 -10355.6
432.546 10775 -10342.4
359.925 10691.3 -10331.4
286.087 10584.3 -10298.2
-583.389 9713.89 -10297.3
308.098 10516.5 -10208.4
406.439 10673 -10266.5
340.688 10633.7 -10293
-186780 -175859 -10921.8
57.549 10269.8 -10212.3
-399.389 9852.17 -10251.6
276.252 10486.9 -10210.7
367.828 10588.3 -10220.5
426.589 10645 -10218.4
418.78 10629.2 -10210.5
-511.465 9723.64 -10235.1
177.472 10338.3 -10160.9
313.667 10493.2 -10179.5
377.63 10620.3 -10242.7
282.019 10505.8 -10223.8
418.445 10700.6 -10282.1
429.517 10748.7 -10319.2
454.39 10740.2 -10285.8
472.498 10682 -10209.5
-2288.79 7893.5 -10182.3
-183.239 10042 -10225.2
273.45 10503.6 -10230.1
123.442 10362.7 -10239.3
305.218 10562.4 -10257.2
380.985 10647.2 -10266.2
417.409 10663.1 -10245.7
455.919 10713.4 -10257.5
398.059 10635.6 -10237.5
288.041 10503.4 -10215.4
406.719 10620.1 -10213.4
386.116 10649 -10262.9
363.972 10637.1 -10273.1
430.958 10704.6 -10273.6
417.86 10674.9 -10257
420.076 10683.4 -10263.3
460.461 10731 -10270.6
455.242 10764.1 -10308.8
511.115 10813.2 -10302.1
434.534 10726.2 -10291.6
206.957 10451 -10244
416.682 10686.2 -10269.6
379.692 10653.1 -10273.4
469.815 10753.3 -10283.5
381.405 10683.1 -10301.7
449.245 10711.7 -10262.5
456.254 10727 -10270.8
458.86 10758.8 -10299.9
-1262.56 8983.81 -10246.4
29.1527 10332 -10302.9
247.08 10510.3 -10263.2
440.098 10740.9 -10300.8
481.599 10786.8 -10305.2
518.383 10816 -10297.6
534.054 10808.6 -10274.5
466.583 10758.7 -10292.2
467.515 10731.5 -10264
339.299 10616.7 -10277.4
477.689 10787.1 -10309.4
487.618 10797.4 -10309.7
418.051 10759.5 -10341.4
511.965 10838.9 -10326.9
551.707 10859.4 -10307.7
545.612 10826.9 -10281.2
494.718 10717.9 -10223.2
556.693 10855.6 -10298.9
520.533 10826.7 -10306.2
474.919 10817.2 -10342.3
492.196 10811 -10318.8
472.88 10829.6 -10356.7
477.544 10845.3 -10367.7
551.601 10871.5 -10319.9
509.852 10821.2 -10311.3
487.786 10825.8 -10338
400.966 10737.3 -10336.3
457.111 10801 -10343.8
538.248 10855 -10316.8
487.11 10831.4 -10344.3
365.536 10693.5 -10327.9
405.55 10697.2 -10291.7
426.131 10759.7 -10333.5
469.671 10789.9 -10320.2
511.07 10798.7 -10287.7
525.696 10856.9 -10331.2
541.519 10832.1 -10290.5
452.111 10743.6 -10291.5
479.252 10795.3 -10316
551.726 10846.2 -10294.4
528.645 10870.3 -10341.7
431.717 10729.7 -10298
431.311 10731.1 -10299.8
517.389 10787.4 -10270
532.627 10846.8 -10314.2
520.098 10777.6 -10257.5
-536.388 9800.2 -10336.6
260.538 10547.5 -10286.9
452.324 10787.2 -10334.9
448.977 10831.4 -10382.5
-220.642 10114.5 -10335.1
375.401 10673.2 -10297.8
453.31 10786.4 -10333.1
558.5 10884.1 -10325.6
405.161 10729.3 -10324.2
500.168 10818.3 -10318.1
524.582 10855.1 -10330.5
497.432 10854.7 -10357.2
556.911 10893.7 -10336.8
512.546 10878.5 -10365.9
555.447 10909.1 -10353.6
506.299 10854.5 -10348.2
309.165 10582.6 -10273.4
-1824.44 8479.89 -10304.3
171.284 10475 -10303.7
337.743 10672.1 -10334.4
414.734 10756.6 -10341.8
431.135 10688.3 -10257.2
439.216 10756.4 -10317.2
510.52 10785.6 -10275.1
462.358 10789.9 -10327.5
512.678 10785.1 -10272.4
506.575 10780.3 -10273.7
516.473 10832.8 -10316.3
506.064 10795 -10289
517.521 10822.9 -10305.3
-2693.7 7617.1 -10310.8
8.33232 10315.7 -10307.4
188.289 10507.8 -10319.5
335.937 10646.7 -10310.8
343.349 10680.3 -10336.9
235.306 10570.4 -10335.1
393.461 10728.3 -10334.9
361.81 10678.7 -10316.9
327.464 10651.9 -10324.4
362.128 10678.6 -10316.5
323.363 10610.1 -10286.8
293.076 10595 -10301.9
417.302 10714.7 -10297.4
408.251 10698.6 -10290.4
444.223 10717.6 -10273.3
347.012 10693.3 -10346.3
352.326 10676.3 -10323.9
412.735 10705.5 -10292.8
285.648 10594.5 -10308.9
427.205 10755.2 -10328
347.73 10673.7 -10326
333.974 10670.2 -10336.2
392.23 10701.7 -10309.5
404.184 10692 -10287.8
424.779 10768.2 -10343.5
396.022 10688.6 -10292.6
426.116 10706.3 -10280.2
348.805 10655.9 -10307.1
378.176 10694.6 -10316.5
449.88 10744.1 -10294.2
421.759 10705.6 -10283.9
413.56 10756.9 -10343.4
409.635 10731.6 -10322
391.412 10707 -10315.6
421.329 10758.4 -10337.1
428.901 10719.5 -10290.6
465.124 10770 -10304.9
413.628 10701.1 -10287.4
388.309 10691.6 -10303.3
361.321 10714.3 -10353
496.86 10800.3 -10303.4
135.707 10499.7 -10364
420.729 10768.7 -10347.9
539.711 10915.2 -10375.5
548.045 10878.3 -10330.2
508.354 10835.4 -10327.1
528.922 10836.6 -10307.7
-867.759 9477.84 -10345.6
75.304 10346.1 -10270.8
161.885 10367.8 -10205.9
153.909 10392.2 -10238.3
230.346 10475.6 -10245.2
-272.627 9970.26 -10242.9
283.364 10507.9 -10224.5
405.625 10663.9 -10258.3
446.272 10737.6 -10291.4
518.394 10798.8 -10280.4
457.133 10734.3 -10277.1
472.42 10776.2 -10303.8
461.112 10785.5 -10324.4
500.291 10799.6 -10299.3
535.32 10776.6 -10241.3
278.26 10550.5 -10272.2
492.604 10739.7 -10247.1
472.27 10783.9 -10311.7
501.401 10769.8 -10268.4
532.076 10844.9 -10312.8
529.335 10851.4 -10322
545.415 10851 -10305.6
512.006 10845 -10333
478.648 10818.6 -10339.9
530.03 10848.8 -10318.8
386.631 10735.9 -10349.2
-1796.27 8488.62 -10284.9
-85.9141 10209.9 -10295.8
270.388 10544.8 -10274.5
514.976 10781.7 -10266.7
530.379 10842.8 -10312.4
576.315 10906.1 -10329.8
596.068 10931.8 -10335.7
565.769 10893.8 -10328
556.02 10886.3 -10330.3
512.135 10882.6 -10370.5
509.293 10828.1 -10318.8
461.274 10801 -10339.7
500.68 10861.7 -10361
381.755 10777.6 -10395.9
397.549 10764.8 -10367.3
438.034 10782.8 -10344.8
418.201 10770.1 -10351.9
438.527 10833.6 -10395.1
438.932 10819.7 -10380.8
478.754 10813.2 -10334.5
413.495 10808.9 -10395.4
490.935 10839.5 -10348.6
523.238 10885.5 -10362.2
187.457 10538 -10350.6
370.467 10717 -10346.5
466.646 10813.9 -10347.3
478.235 10822.1 -10343.9
438.768 10821.7 -10383
444.652 10859.1 -10414.4
528.617 10898.1 -10369.4
463.867 10852.9 -10389.1
485.106 10858 -10372.9
520.76 10876.9 -10356.2
494.068 10855.4 -10361.4
502.69 10885.5 -10382.8
476.644 10863.4 -10386.8
516.866 10892.5 -10375.6
499.253 10869.6 -10370.3
476.263 10868.1 -10391.8
513.362 10911.5 -10398.2
430.436 10892.2 -10461.8
458.808 10919.3 -10460.5
-10.902 10414.4 -10425.3
357.505 10787.7 -10430.2
426.756 10901 -10474.2
455.887 10914.8 -10458.9
517.702 10895.7 -10378
486.008 10885.2 -10399.2
497.535 10860.9 -10363.3
523.396 10948.2 -10424.8
532.045 10978.5 -10446.5
-224.188 10145.1 -10369.3
-1421.29 9018.04 -10439.3
-705.372 9643.24 -10348.6
270.235 10626.4 -10356.1
524.824 10897.2 -10372.4
134.624 10510.3 -10375.6
406.522 10803.9 -10397.4
478.505 10906.4 -10427.9
472.818 10920.8 -10448
562.338 10931.3 -10369
458.803 10900.5 -10441.7
556.779 10963.2 -10406.5
551.687 10995.7 -10444
416.996 10822.8 -10405.8
-458026 -447052 -10974.7
-41.0452 10901.8 -10942.8
502.149 10842.7 -10340.5
502.565 10877.1 -10374.6
591.337 10959.2 -10367.9
527.716 10875.1 -10347.4
302.727 10685.4 -10382.6
365.629 10721.9 -10356.2
417.702 10837.4 -10419.7
457.089 10818.7 -10361.6
496.908 10913.1 -10416.2
513.335 10933.4 -10420
513.523 10971.9 -10458.3
529.8 10912 -10382.2
529.107 10901 -10371.9
512.978 10896.9 -10383.9
493.527 10859.1 -10365.5
541.696 10930.5 -10388.8
528.528 10908.3 -10379.7
508.455 10928.9 -10420.5
620.879 11008.6 -10387.8
-111.085 10246.5 -10357.5
406.247 10780.8 -10374.6
548.105 10946.3 -10398.1
387.476 10771.5 -10384
500.275 10901 -10400.7
499.292 10902.3 -10403
484.949 10904.1 -10419.2
543.2 10952.5 -10409.3
542.28 10921.1 -10378.8
531.087 10896.7 -10365.6
522.109 10900 -10377.9
425.063 10836.3 -10411.2
548.967 10916.4 -10367.4
403.921 10791.7 -10387.8
460.272 10871.9 -10411.7
498.947 10847.3 -10348.4
518.288 10887.1 -10368.8
534.304 10871.4 -10337.1
519.968 10898.1 -10378.1
417.81 10842.7 -10424.9
530.477 10931.6 -10401.1
547.213 10929.5 -10382.3
506.561 10915.7 -10409.1
544.345 10953.2 -10408.8
102.716 10590.2 -10487.5
473.326 10887.6 -10414.2
517.318 10934.2 -10416.9
532.957 10956.5 -10423.5
522.822 10968.7 -10445.9
-292.797 10156.1 -10448.9
436.458 10842.7 -10406.2
549.946 11023.1 -10473.2
507.644 10965.5 -10457.9
590.719 11050 -10459.3
286.08 10729 -10442.9
542.969 10955.6 -10412.6
586.916 10983.4 -10396.5
545.671 11005.9 -10460.2
546.032 11010.5 -10464.5
543.578 11031.8 -10488.2
661.552 11116.1 -10454.6
-339.606 10120.8 -10460.4
91.8377 10455.5 -10363.7
545.061 10892.6 -10347.6
570.481 10974.7 -10404.2
602.246 11031.1 -10428.8
584.187 11018.2 -10434
522.062 10989.9 -10467.9
619.32 11002 -10382.7
548.658 10998.3 -10449.6
648.946 11053.2 -10404.2
644.13 11065.8 -10421.7
580.271 11065.6 -10485.4
658.477 11111.3 -10452.8
595.102 11088 -10492.9
167.706 10657.7 -10489.9
352.392 10814.1 -10461.7
507.02 10938 -10431
562.697 11031.7 -10469
555.124 11053.7 -10498.6
628.128 11080.5 -10452.4
602.406 11079.8 -10477.4
590.74 11104.6 -10513.9
578.038 10977 -10399
543.709 10974.4 -10430.7
613.229 11051.3 -10438.1
557.431 11016 -10458.6
606.029 11073.9 -10467.9
591.973 11054.7 -10462.7
601.814 11075.6 -10473.8
591.235 11069.2 -10478
549.709 11017.1 -10467.4
639.134 11080 -10440.8
93.1932 10578.2 -10485
490.604 11006.7 -10516.1
484.076 10977.9 -10493.8
526.604 11046.3 -10519.7
534.058 11070.3 -10536.3
563.93 11075.2 -10511.3
552.709 11063.1 -10510.4
477.528 11007.2 -10529.7
550.157 11052.5 -10502.4
485.166 10991.5 -10506.3
591.631 11047.7 -10456.1
600.407 11043.1 -10442.7
523.896 10975.1 -10451.2
588.02 11048.1 -10460.1
658.697 11176.6 -10517.9
446.715 10990 -10543.3
570.851 11068.7 -10497.9
595.284 11097.5 -10502.2
604.019 11105 -10501
567.528 11060.7 -10493.2
566.712 11039.3 -10472.6
489.198 11011.8 -10522.6
603.353 11052.4 -10449
516.385 10992.5 -10476.1
-451.639 10046.9 -10498.5
355.366 10792.7 -10437.3
478.744 10930 -10451.2
440.152 10895.1 -10455
518.256 10978.2 -10459.9
527.769 11035.4 -10507.7
590.477 11118 -10527.6
581.117 11059 -10477.9
539.093 11035.2 -10496.1
573.155 11069.7 -10496.5
589.071 11118.2 -10529.1
543.001 11044.4 -10501.4
467.288 10986.3 -10519
509.419 11023.9 -10514.5
572.294 11113.9 -10541.6
594.741 11100.7 -10505.9
538.75 11033.8 -10495
-83.028 10413.6 -10496.7
447.985 10932.3 -10484.3
622.401 11151.6 -10529.2
635.38 11162.3 -10527
627.674 11181.9 -10554.3
-575.819 9960.15 -10536
344.441 10873.7 -10529.3
285.615 10829 -10543.4
-1474.58 9033.51 -10508.1
177.351 10668.5 -10491.2
458.095 10981.3 -10523.2
401.222 10945.6 -10544.4
495.35 11022.9 -10527.5
536.105 11053.5 -10517.4
533.657 11089.6 -10556
511.628 11098.9 -10587.2
604.215 11124.3 -10520.1
597.497 11075.7 -10478.2
627.809 11101.2 -10473.4
630.966 11104.3 -10473.3
593.252 11086.1 -10492.9
598.37 11098 -10499.6
658.905 11151.7 -10492.7
616.431 11112.7 -10496.3
635.149 11144 -10508.9
640.563 11099.6 -10459.1
599.101 11107.5 -10508.4
583.782 11113.4 -10529.6
592.896 11143.6 -10550.7
643.7 11156.9 -10513.2
627.65 11147.4 -10519.8
673.936 11139.5 -10465.6
538.34 11029.2 -10490.9
-35.9314 10449.7 -10485.7
481.926 10964.8 -10482.9
645.087 11136.6 -10491.5
577.325 11100.2 -10522.9
634.396 11157 -10522.6
662.497 11147.6 -10485.1
550.27 11049.4 -10499.1
693.114 11131.8 -10438.7
586.698 11145.2 -10558.5
540.592 11077.5 -10536.9
514.114 11047.5 -10533.4
-174439 -163384 -11054.4
651.006 11145.6 -10494.6
648.307 11161 -10512.7
596.813 11097.3 -10500.5
645.837 11155.2 -10509.4
640.105 11220.3 -10580.1
588.992 11124.1 -10535.1
506.524 11029.6 -10523
655.135 11163.1 -10508
635.072 11093.1 -10458.1
629.2 11104.2 -10475
687.481 11190.5 -10503
590.315 11111.3 -10521
569.337 11147.6 -10578.2
578.022 11142.8 -10564.7
311.535 10876.1 -10564.5
504.976 11035.3 -10530.3
590.139 11143 -10552.9
-911.35 9632.46 -10543.8
304.778 10841.3 -10536.5
221.866 10686.6 -10464.7
435.544 10947.6 -10512
-78.938 10432.5 -10511.5
480.81 10956.6 -10475.8
554.895 11054 -10499.1
610.659 11113.9 -10503.3
-13.2881 10509.1 -10522.4
514.924 10988.6 -10473.6
-169067 -157963 -11104
-46.3201 11065.5 -11111.9
603.4 11105.1 -10501.7
609.817 11117.5 -10507.6
579.993 11115.9 -10535.9
588.146 11048.4 -10460.3
581.502 11094.7 -10513.2
512.833 11042.8 -10529.9
598.724 11077.9 -10479.2
683.51 11108.2 -10424.7
643.784 11177.5 -10533.8
613.811 11146.4 -10532.6
567.995 11112.8 -10544.8
653.193 11213.3 -10560.1
654.54 11162.8 -10508.2
578.821 11154.6 -10575.8
614.968 11137.7 -10522.7
654.455 11218.8 -10564.4
593.402 11144.7 -10551.3
656.876 11191 -10534.1
627.894 11144.6 -10516.8
179.585 10657.8 -10478.2
502.428 11040.1 -10537.6
591.418 11082.7 -10491.3
587.735 11123.2 -10535.5
466.956 11003.1 -10536.1
551.817 11133.5 -10581.6
627.107 11197.4 -10570.3
585.233 11149.3 -10564.1
650.951 11195.6 -10544.7
587.678 11088.4 -10500.7
624.1 11155.3 -10531.2
488.76 10971.1 -10482.4
354.658 10899.7 -10545
489.913 10994.1 -10504.2
490.927 10997.5 -10506.6
541.208 11016.4 -10475.1
571.934 11035 -10463.1
558.892 11100.1 -10541.3
-2581.28 7937 -10518.3
-111.978 10387.7 -10499.7
76.9263 10572.9 -10495.9
249.095 10781.6 -10532.5
355.075 10899.7 -10544.7
400.277 10893.1 -10492.8
494.349 11037.5 -10543.1
599.813 11116 -10516.2
533.755 11020.7 -10487
582.236 11123.8 -10541.5
561.81 11087.7 -10525.9
536.653 11080.8 -10544.1
590.508 11154.2 -10563.7
460.285 11035.4 -10575.1
619.471 11163.3 -10543.8
608.222 11113 -10504.8
634.369 11117.7 -10483.3
648.549 11121.8 -10473.3
636.025 11133.6 -10497.6
583.956 11066.9 -10483
621.507 11096.4 -10474.9
625.32 11125.9 -10500.6
596.463 11081.3 -10484.8
630.893 11112.1 -10481.2
603.186 11117.7 -10514.5
632.375 11156 -10523.7
536.848 11047.1 -10510.2
528.111 10977.9 -10449.8
-8.2988 10482.8 -10491.1
446.516 10932.8 -10486.3
577.945 11092.1 -10514.1
569.205 11110.3 -10541.1
637.121 11170.7 -10533.6
619.273 11127.9 -10508.6
619.807 11125.6 -10505.8
-260.203 10251.6 -10511.8
418.276 10949.8 -10531.5
494.673 11031.9 -10537.3
590.153 11106.5 -10516.3
589.408 11106.8 -10517.4
664.744 11206 -10541.3
653.666 11175.1 -10521.4
666.36 11152.6 -10486.2
612.498 11127.2 -10514.7
-1980.23 8484.68 -10464.9
38.1841 10468.9 -10430.7
415.271 10841.3 -10426
207.654 10693.1 -10485.5
481.272 10944.1 -10462.8
595.295 11051.1 -10455.8
651.199 11143.5 -10492.3
658.454 11105.4 -10446.9
628.467 11112.4 -10483.9
634.297 11129.6 -10495.3
627.294 11149.7 -10522.4
641.67 11128.7 -10487.1
597.11 11084 -10486.9
627.205 11104 -10476.8
659.842 11164.6 -10504.8
638.524 11157.2 -10518.7
577.352 11086.3 -10508.9
627.476 11114.4 -10486.9
553.76 11089.1 -10535.3
648.912 11164.4 -10515.5
-14.6579 10485 -10499.6
494.12 10982 -10487.9
463.311 10968.1 -10504.8
617.737 11089.2 -10471.4
592.329 11121 -10528.7
586.851 11160.2 -10573.3
434.491 10949.7 -10515.2
603.756 11162.4 -10558.7
590.758 11113.9 -10523.1
592.724 11068.6 -10475.9
628.472 11092.5 -10464.1
574.981 11042.3 -10467.3
489.974 10953.8 -10463.9
563.756 11054.9 -10491.2
491.222 10978 -10486.8
545.987 11025.7 -10479.7
576.525 11081.7 -10505.2
472.667 10990.7 -10518
340.031 10870.7 -10530.6
573.931 11046.9 -10472.9
605.057 11103.4 -10498.4
266.635 10793.9 -10527.3
461.641 10949 -10487.3
405.878 10905.9 -10500
432.707 10974.4 -10541.7
426.961 10983 -10556
468.006 11009.6 -10541.6
-45.4328 10459.8 -10505.2
379.467 10895.5 -10516.1
517.48 10990.8 -10473.4
247.244 10707.3 -10460
520.968 11054.6 -10533.6
607.641 11121.6 -10513.9
508.959 11004.7 -10495.7
573.452 11092.9 -10519.4
502.369 10992.6 -10490.3
503.729 10984.1 -10480.3
-598.156 9930.26 -10528.4
383.435 10870.9 -10487.5
578.968 11071.4 -10492.4
640.606 11156.7 -10516.1
553.014 11069.2 -10516.2
571.903 11108.8 -10536.9
374.422 10886 -10511.6
576.833 11072.4 -10495.6
600.543 11087.8 -10487.2
531.43 11101.6 -10570.1
356.69 10887.9 -10531.2
456.372 10988.9 -10532.5
641.459 11139.1 -10497.6
604.786 11113.7 -10508.9
600.313 11096.8 -10496.5
-650.008 9864.2 -10514.2
193.835 10620.2 -10426.3
-297.159 10134 -10431.1
382.745 10732 -10349.2
525.858 10951.5 -10425.6
565.852 11050.1 -10484.3
544.143 11033 -10488.9
676.689 11126.3 -10449.6
596.141 11085.6 -10489.4
562.085 11060.9 -10498.8
549.294 11084.6 -10535.4
558.62 11088.9 -10530.3
658.354 11132.7 -10474.3
663.668 11139.8 -10476.1
603.065 11058 -10454.9
568.304 11029.5 -10461.2
631.682 11112.6 -10481
663.041 11155.4 -10492.4
618.913 11122.6 -10503.7
644.688 11164.2 -10519.6
563.182 11030.5 -10467.3
634.609 11113.9 -10479.3
568.139 11103.1 -10535
624.915 11140.2 -10515.3
621.202 11143.2 -10522
647.958 11180.5 -10532.6
615.028 11111 -10496
632.879 11181.3 -10548.4
589.372 11109.5 -10520.2
487.192 11024.5 -10537.3
532.033 11044.2 -10512.2
613.302 11102.1 -10488.8
568.158 11137.5 -10569.4
609.068 11107.4 -10498.3
613.562 11144 -10530.4
533.418 11082.2 -10548.8
630.738 11153.7 -10523
652.232 11185.1 -10532.9
594.442 11141.8 -10547.3
578.087 11122 -10543.9
582.94 11071.4 -10488.5
609.728 11129.9 -10520.2
580.312 11179.5 -10599.2
567.722 11118.2 -10550.5
572.265 11109.7 -10537.4
471.293 10982.2 -10510.9
501.987 11012.9 -10510.9
620.32 11135.1 -10514.8
605.57 11146.6 -10541
636.336 11147.8 -10511.4
630.29 11169.5 -10539.3
715.594 11226.9 -10511.3
651.002 11152.5 -10501.5
661.011 11164.4 -10503.3
612.966 11116.5 -10503.5
572.565 11068.1 -10495.6
681.063 11189.3 -10508.3
641.495 11139.8 -10498.3
618.006 11123.2 -10505.2
575.767 11059.7 -10484
624.248 11139.1 -10514.8
652.155 11154.8 -10502.6
672.795 11184.8 -10512
-6056.03 4448.52 -10504.6
6.43337 10465.2 -10458.8
270.495 10766.1 -10495.6
404.795 10910.8 -10506
578.905 11102.4 -10523.5
564.401 11103.3 -10538.9
629.527 11124.2 -10494.7
637.519 11112.2 -10474.7
-3743.35 6747.38 -10490.7
-309.794 10072.2 -10382
39.6948 10430.8 -10391.1
266.431 10613 -10346.6
441.082 10810.1 -10369.1
-95.878 10269.4 -10365.3
309.074 10677 -10368
529.918 10941.9 -10412
621.212 11017.8 -10396.6
605.469 11012.6 -10407.1
645.728 11100.4 -10454.7
-1467.09 8976.04 -10443.1
-10093.6 336.994 -10430.6
-617.509 9791.54 -10409.1
-216.466 10240.3 -10456.8
15.4863 10517.8 -10502.3
-824040 -812924 -11116.1
-386.144 10708.7 -11094.9
457.578 10892.3 -10434.7
482.764 10922.4 -10439.6
441.333 10876.7 -10435.3
347.521 10796.5 -10448.9
486.811 10946.5 -10459.7
-349717 -338013 -11703.6
582.461 10996.3 -10413.8
587.62 11010.3 -10422.7
595.989 11029.6 -10433.6
655.101 11091.1 -10436
362.44 10809.7 -10447.3
562.141 11030.7 -10468.6
595.976 11079.3 -10483.3
601.698 11090.2 -10488.5
655.333 11055.4 -10400
630.865 11049.2 -10418.3
684.454 11137.5 -10453
675.151 11101 -10425.8
653.578 11138.8 -10485.2
642.287 11129.2 -10486.9
651.233 11102.4 -10451.2
-968.724 9487.6 -10456.3
180.57 10597.2 -10416.6
222.47 10638.4 -10415.9
319.451 10740.5 -10421
357.506 10763.6 -10406.1
339.384 10749.4 -10410
478.157 10877.4 -10399.3
501.221 10926.5 -10425.3
