-4925.53 4886.55 -9812.09
-4850.38 4955.38 -9805.75
-4805.07 4994.38 -9799.45
-4885.68 4941.79 -9827.47
-4880.17 4910.53 -9790.7
-4769.64 4956.55 -9726.19
-4779.1 5008.18 -9787.28
-4861.67 4973.68 -9835.34
-4780.66 5033.3 -9813.96
-4806.95 5020.13 -9827.08
-4682.18 5130.21 -9812.39
-4705.69 5111.09 -9816.78
-4684.25 5171.87 -9856.12
-4609.05 5196.72 -9805.77
-4653 5201.96 -9854.96
-4615.29 5227.84 -9843.13
-4613.13 5233.03 -9846.16
-4639.27 5287.73 -9927
-4701.06 5261.87 -9962.93
-4699.01 5341.62 -10040.6
-4715.77 5306.01 -10021.8
-4659.35 5331.62 -9990.98
-4684.18 5260.47 -9944.64
-4634.74 5357.78 -9992.52
-4706.44 5354.29 -10060.7
-4691.79 5370.97 -10062.8
-4633.36 5411.6 -10045
-4632.41 5378.68 -10011.1
-4265.7 5246.28 -9511.97
-4107.15 5359.94 -9467.08
-4196.57 5323.14 -9519.71
-4153.17 5386.01 -9539.17
-4114.1 5424.04 -9538.15
-4160.56 5439 -9599.56
-4014.69 5549.08 -9563.77
-3913.18 5645.35 -9558.53
-3888.52 5679.63 -9568.15
-3869.52 5717.89 -9587.41
-3850.61 5773.02 -9623.63
-3863.22 5756.86 -9620.08
-3811.64 5821.16 -9632.8
-3889.19 5782.22 -9671.41
-3788.92 5829.35 -9618.27
-3739.32 5852.77 -9592.09
-3743.82 5877.35 -9621.18
-3767.77 5852.49 -9620.27
-3746.41 5879.53 -9625.94
-3731.69 5864.7 -9596.38
-3772.74 5810.26 -9583
-3737.06 5881.37 -9618.43
-3709.11 5864.42 -9573.54
-3723.23 5912.74 -9635.97
-3806.39 5830.37 -9636.75
-3782.4 5829.57 -9611.97
-3762.1 5854.45 -9616.55
-3736.32 5921.93 -9658.25
-3756.51 5885.79 -9642.3
-3697 5928.17 -9625.17
-3729.38 5888.35 -9617.72
-3759.3 5900.8 -9660.1
-3786.25 5894.94 -9681.19
-3765.16 5917.67 -9682.83
-3685.33 5910.52 -9595.86
-3748.5 5859.94 -9608.44
-3694.77 5895.14 -9589.9
-3681.08 5927.17 -9608.26
-3739.21 5882.05 -9621.26
-3744.28 5880.9 -9625.18
-3730.44 5892.67 -9623.12
-3790.06 5853.65 -9643.72
-3633.32 5935.13 -9568.45
-3651.79 5907.66 -9559.46
-3686.21 5919.74 -9605.95
-3701.8 5899.21 -9601
-3704.42 5923.45 -9627.87
-3716.69 5939.82 -9656.51
-3764.39 5860.44 -9624.83
-3760.54 5917.65 -9678.19
-3713.26 5948.81 -9662.07
-3681.27 5968.17 -9649.44
-3719.56 5904.14 -9623.7
-3658.95 5978.57 -9637.52
-3684.72 5984.81 -9669.53
-3704.95 5984.33 -9689.28
-3697.19 6017.61 -9714.79
-3676.5 5998.02 -9674.51
-3693.7 6008.43 -9702.13
-3626.81 6005.87 -9632.68
-3645.09 6033.89 -9678.98
-3653.73 6066.14 -9719.87
-3697.09 6041.13 -9738.22
-3605.56 6068.98 -9674.54
-3638.02 6054.04 -9692.06
-3696.41 6018.33 -9714.74
-3662.04 6067.62 -9729.66
-3712.02 6010.99 -9723.01
-3689.52 6022.14 -9711.66
-5255.84 4418.37 -9674.21
-3889.6 5695.13 -9584.73
-3746.79 5879.99 -9626.78
-3701.27 5909.61 -9610.88
-3637.04 5986.94 -9623.98
-3600.44 6002.61 -9603.05
-3654.42 5994.26 -9648.69
-3639.12 5978.76 -9617.88
-3636.17 5968.92 -9605.08
-3567.52 6024.14 -9591.66
-3604.63 6034.03 -9638.67
-3629.17 6021.71 -9650.88
-3700 5999.51 -9699.52
-3690.08 5969.67 -9659.74
-3738.84 5988.66 -9727.5
-3660.59 6029.79 -9690.38
-3659.17 6063.77 -9722.94
-3685.67 6058.84 -9744.51
-3704.14 6001.2 -9705.34
-3706.34 5996.88 -9703.22
-3631.18 6000.66 -9631.83
-4443.87 5263.77 -9707.65
-3975.68 5676.13 -9651.81
-3956.34 5697.9 -9654.24
-3943.99 5758.99 -9702.97
-3750.55 5929.27 -9679.82
-3678.82 5945.48 -9624.3
-3737.2 5942.51 -9679.71
-3632.86 5985.94 -9618.8
-3597.35 6059.95 -9657.3
-3625.8 6044.08 -9669.88
-3630.96 6066.51 -9697.46
-3533.98 6161.92 -9695.9
-3522.34 6203.98 -9726.32
-3482.02 6252.21 -9734.23
-3626.14 6155.53 -9781.67
-3487.4 6230.14 -9717.54
-3527.89 6214.92 -9742.81
-3491.54 6266.52 -9758.06
-3466.41 6289.53 -9755.94
-3448.14 6329.06 -9777.19
-3417.91 6326.27 -9744.17
-3421.12 6340.69 -9761.81
-3467.23 6291.92 -9759.15
-3381.55 6336.24 -9717.79
-3401.84 6365.03 -9766.86
-3446.44 6324 -9770.44
-3371.05 6410.72 -9781.77
-3361.62 6429.66 -9791.27
-3434.25 6369.99 -9804.24
-3458.05 6368.79 -9826.85
-3432.26 6433.31 -9865.57
-3393.08 6423.76 -9816.84
-3421.84 6396.77 -9818.61
-3487.15 6317.38 -9804.52
-3473.46 6343.37 -9816.83
-3423.61 6412.74 -9836.35
-3445.33 6423.86 -9869.19
-3403.41 6428.69 -9832.1
-3396.15 6472.95 -9869.1
-3425.34 6433.8 -9859.14
-3352.03 6487.65 -9839.68
-3325.42 6474.91 -9800.33
-3288.42 6477.45 -9765.87
-3301.38 6497.69 -9799.08
-3485.96 6293.89 -9779.85
-3443.75 6321.85 -9765.6
-3342.63 6418.19 -9760.82
-3341.06 6423.41 -9764.47
-3371.66 6462.52 -9834.19
-3368.45 6445.3 -9813.76
-3392.46 6403.54 -9796
-3996.56 5769.17 -9765.73
-3636.84 6123.03 -9759.87
-3545.96 6222.84 -9768.8
-3528.84 6204.39 -9733.22
-3385.39 6331.79 -9717.18
-3353.2 6378.66 -9731.86
-3290.02 6481.22 -9771.24
-3280.29 6481.26 -9761.55
-3295.46 6494.35 -9789.8
-3337.04 6512.78 -9849.82
-3325.57 6518.92 -9844.48
-3263.1 6543.57 -9806.67
-3333.24 6500.92 -9834.16
-3349.35 6502.59 -9851.93
-3337.97 6501.67 -9839.64
-3309.83 6591.24 -9901.07
-3361.1 6548.53 -9909.63
-4387.41 5515.83 -9903.24
-3762.1 6125.51 -9887.61
-3752.7 6143.54 -9896.24
-5775.35 4030.93 -9806.29
-3586.61 6268.5 -9855.11
-3481.36 6351.29 -9832.65
-3324.56 6485.64 -9810.2
-3353.25 6481.14 -9834.39
-3264.13 6557.5 -9821.63
-3301.64 6513.93 -9815.57
-3299.14 6525.7 -9824.84
-3283.84 6550.48 -9834.31
-3317.65 6568.57 -9886.22
-3324.22 6599.84 -9924.06
-3305.3 6582.08 -9887.38
-3313.99 6632.03 -9946.02
-3247.2 6732.3 -9979.5
-3310.33 6701.31 -10011.6
-3286.68 6717.97 -10004.6
-3336.07 6701.4 -10037.5
-3319.47 6719.87 -10039.3
-3281.29 6779.59 -10060.9
-3248.6 6828.84 -10077.4
-3223.01 6874.46 -10097.5
-3175.45 6980.22 -10155.7
-3126.52 7029.18 -10155.7
-3377.7 6827.28 -10205
-3086.04 7193.31 -10279.3
-2987.67 7304.43 -10292.1
-3019.23 7280.34 -10299.6
-3227.68 7066.65 -10294.3
-2837.88 7424.44 -10262.3
-2760.1 7587.76 -10347.9
-2679.66 7648.52 -10328.2
-2668.04 7650.81 -10318.9
-2613.98 7732.9 -10346.9
-2619.5 7687.57 -10307.1
-2691.58 7675.95 -10367.5
-2651.81 7688.72 -10340.5
-2610.15 7714.73 -10324.9
-2599.5 7706.46 -10306
-2672.65 7700.18 -10372.8
-2685.04 7707.3 -10392.3
-4578.18 5775.97 -10354.2
-3584.87 6652.02 -10236.9
-3158.41 7046.07 -10204.5
-2967.22 7270.19 -10237.4
-2799.54 7409.36 -10208.9
-2661.31 7535.95 -10197.3
-2620.85 7587.18 -10208
-2667.07 7565.21 -10232.3
-3224.99 7054.56 -10279.6
-2918.7 7307.63 -10226.3
-2823.15 7449.1 -10272.2
-2721.85 7505.68 -10227.5
-2710.66 7518.15 -10228.8
-2669.81 7613.77 -10283.6
-2757.75 7581.91 -10339.7
-2627.08 7624.66 -10251.7
-2622.38 7641.84 -10264.2
-2860.58 7410.59 -10271.2
-2710.86 7584.23 -10295.1
-2629.1 7679.53 -10308.6
-2604.62 7664.91 -10269.5
-2552.08 7737.21 -10289.3
-2596.22 7704.51 -10300.7
-2605.94 7733.78 -10339.7
-2570.5 7771.61 -10342.1
-2576.23 7756.51 -10332.7
-2598.55 7763.75 -10362.3
-2501.68 7827.72 -10329.4
-2499.66 7826.23 -10325.9
-2497.03 7886.25 -10383.3
-3077.42 7309.82 -10387.2
-2744.82 7629.92 -10374.7
-2599.71 7721.96 -10321.7
-2516.6 7884.61 -10401.2
-2533.04 7834.76 -10367.8
-3160.26 7180.77 -10341
-2980.76 7328.07 -10308.8
-2747.69 7547.35 -10295
-5488.1 4776.1 -10264.2
-3066.21 7210.98 -10277.2
-2588.86 7704.09 -10293
-2379.18 7939.23 -10318.4
-2276.52 8007.72 -10284.2
-2274.64 8001.33 -10276
-2293.51 7993.87 -10287.4
-2285.86 8005.55 -10291.4
-2243.44 8015.59 -10259
-2345.03 7933.88 -10278.9
-2304.38 7984.17 -10288.6
-2261.16 8048.58 -10309.7
-2311.91 8017.68 -10329.6
-2289.03 8009.38 -10298.4
-2363.89 7956.28 -10320.2
-2373.19 7926.35 -10299.5
-2314.51 7971.89 -10286.4
-2205.85 8057.44 -10263.3
-2294.07 8042.28 -10336.4
-2235.87 8032.1 -10268
-2267.69 8046.66 -10314.3
-2260.2 8046.67 -10306.9
-2273.78 8062.1 -10335.9
-2253.13 8082.93 -10336.1
-2278.4 8029.45 -10307.8
-2303.15 8022.58 -10325.7
-2328.85 8033.46 -10362.3
-2291.02 8080.89 -10371.9
-2585.53 7734.47 -10320
-2383.25 7916.29 -10299.5
-2259.27 8050.67 -10309.9
-2268.59 8076.18 -10344.8
-2338.56 8038.39 -10376.9
-2311.53 8094.05 -10405.6
-2686.22 7684.26 -10370.5
-2353.26 7978.66 -10331.9
-2333.77 8012.28 -10346.1
-2308.04 8021.17 -10329.2
-2261.3 8090.4 -10351.7
-2308.39 8046.31 -10354.7
-2266.21 8048.04 -10314.2
-2240.69 8072.51 -10313.2
-2299.52 8053.78 -10353.3
-2313.83 8006.87 -10320.7
-2279.28 8070.24 -10349.5
-2324.31 8032.16 -10356.5
-2348.61 8036.48 -10385.1
-2279.7 8098.35 -10378.1
-2290.17 8101.06 -10391.2
-2277.68 8123.09 -10400.8
-2237.66 8110.94 -10348.6
-2292.72 8081.98 -10374.7
-2245.39 8156.44 -10401.8
-2249.91 8179.08 -10429
-2319.09 8112.9 -10432
-2239.93 8156.8 -10396.7
-2229.1 8156.5 -10385.6
-2285.77 8080.23 -10366
-2218.78 8136.81 -10355.6
-2337.6 8095.11 -10432.7
-2386.8 8030.47 -10417.3
-378598 -367615 -10983
-2254.79 8115.3 -10370.1
-2282.05 8063.86 -10345.9
-2200.08 8188.8 -10388.9
-2250.24 8122.53 -10372.8
-2271.96 8109.69 -10381.7
-2284.45 8088.68 -10373.1
-2301.49 8093.64 -10395.1
-2230.22 8157.87 -10388.1
-2171.59 8215.45 -10387
-2222.04 8185.14 -10407.2
-2272.06 8143.75 -10415.8
-2294.31 8125.78 -10420.1
-2273.57 8146.27 -10419.8
-2310.03 8154.97 -10465
-2319.66 8114.94 -10434.6
-2175.35 8205.41 -10380.8
-2224.88 8149.32 -10374.2
-2174.17 8221.73 -10395.9
-2697.33 7715.31 -10412.6
-2427.14 7939.17 -10366.3
-2233.65 8103.42 -10337.1
-2279.8 8084.35 -10364.2
-2191.9 8135.1 -10327
-2220.26 8132.27 -10352.5
-1721 8133.64 -9854.63
-1734.01 8062.13 -9796.14
-1967.68 7873.12 -9840.8
-1755.98 8058.63 -9814.61
-1731.75 8095.97 -9827.72
-1753.25 8041.4 -9794.66
-1695.16 8085.06 -9780.22
-1702.37 8079.15 -9781.52
-1688.54 8102.17 -9790.71
-1675.19 8126.75 -9801.94
-1769.94 8019.78 -9789.72
-1759.51 8056.76 -9816.27
-1751.95 8089.41 -9841.36
-1777.64 8111.29 -9888.94
-1730.04 8143.75 -9873.79
-1765.29 8062.98 -9828.26
-1684.11 8109.06 -9793.16
-69227.6 -58842.1 -10385.5
-2204.77 8137.92 -10342.7
-2230.96 8139 -10370
-2254.51 8139.21 -10393.7
-2246.23 8129.12 -10375.3
-1752.79 8087.57 -9840.36
-1701.03 8109.67 -9810.7
-1741.77 8093.63 -9835.41
-1786.82 8065.77 -9852.59
-1644.22 8151.12 -9795.34
-1734.82 8105.84 -9840.66
-1653.28 8158.75 -9812.03
-1668.1 8179.32 -9847.42
-1698.82 8111.62 -9810.44
-1665.57 8157.66 -9823.23
-1710.64 8129.65 -9840.3
-1711.9 8168.45 -9880.34
-1717.84 8114.39 -9832.23
-1697.09 8103.83 -9800.92
-1743.35 8086.22 -9829.57
-1784.51 8034.22 -9818.72
-1779.13 8037.52 -9816.65
-1711.26 8108.66 -9819.92
-1703.99 8129.01 -9833
-1769.51 8073.56 -9843.07
-1754.3 8119.33 -9873.63
-1736.41 8059.34 -9795.75
-1739.2 8067.68 -9806.88
-1712.65 8125.1 -9837.75
-1686.93 8129.67 -9816.6
-1696.25 8144.78 -9841.03
-1661.61 8158.81 -9820.42
-1657.67 8127.48 -9785.14
-1698.26 8132.35 -9830.6
-1661.48 8171.5 -9832.98
-1703.42 8080.25 -9783.67
-1744.62 8089.49 -9834.11
-1772.96 8026.65 -9799.61
-1665.7 8098.14 -9763.84
-1672.99 8046.97 -9719.96
-1656.63 8106.84 -9763.47
-1668.07 8118.82 -9786.89
-1694.52 8119.08 -9813.6
-4215.87 5556.19 -9772.05
-2369.21 7304.84 -9674.05
-2826.32 6909.14 -9735.45
-1948.49 7783.71 -9732.2
-1753.36 8022.24 -9775.6
-1643.62 8142.79 -9786.42
-1614.2 8158.26 -9772.46
-1646.71 8199.28 -9845.98
-1637.35 8215.45 -9852.8
-1576.56 8271.05 -9847.61
-1656.17 8176.24 -9832.41
-1601.01 8239.64 -9840.64
-1584.66 8223.48 -9808.14
-1602.59 8195.81 -9798.39
-1594.32 8162.32 -9756.64
-1565.44 8222.86 -9788.3
-1934.72 7885.36 -9820.08
-1715.55 8099.73 -9815.28
-1645.44 8188.76 -9834.19
-1650.02 8227.12 -9877.14
-1598.97 8238.73 -9837.71
-1544.75 8300.79 -9845.54
-1602.65 8226.67 -9829.32
-1604.25 8246.41 -9850.66
-1594.87 8243.47 -9838.33
-1622.31 8228.08 -9850.39
-1573.93 8267.27 -9841.19
-1532.19 8300.97 -9833.15
-1563.96 8268.38 -9832.33
-1590.53 8257.74 -9848.27
-1542.95 8309.07 -9852.02
-1607.12 8239.13 -9846.25
-1661.56 8188.91 -9850.47
-1489.28 8320.54 -9809.82
-1611.9 8246.42 -9858.32
-1607.15 8240.81 -9847.96
-2534.18 7335.13 -9869.31
-1790.13 8035.37 -9825.5
-1702.98 8131.34 -9834.31
-1589.84 8294.89 -9884.73
-1607.18 8274.57 -9881.75
-1634.09 8215.45 -9849.54
-1595.19 8271.7 -9866.89
-1579.23 8295.54 -9874.77
-1613.56 8287.97 -9901.53
-1770.32 8154.35 -9924.67
-1890.73 7975.53 -9866.26
-1633.19 8174.83 -9808.02
-1857.26 7987.34 -9844.6
-1597.49 8238.97 -9836.46
-1576.71 8251.26 -9827.97
-1628.47 8224.06 -9852.52
-2970.81 6873.59 -9844.4
-2038.16 7753.24 -9791.4
-1897.11 7899.54 -9796.64
-1881.37 7978.24 -9859.62
-1659.25 8177.77 -9837.02
-1558.59 8243.51 -9802.1
-1593.37 8247.82 -9841.2
-1511.24 8312.79 -9824.03
-1545.71 8296.77 -9842.48
-1568.7 8280.46 -9849.16
-1647.73 8179.14 -9826.87
-1639.87 8177.15 -9817.02
-1627.51 8188.11 -9815.61
-1641.7 8219.83 -9861.53
-2319.34 7545 -9864.34
-1674.97 8158.35 -9833.32
-1635.52 8238.39 -9873.92
-1600.64 8237.05 -9837.69
-1650.65 8215.25 -9865.9
-1549.3 8294.35 -9843.65
-1529.25 8306.93 -9836.18
-1588.13 8251.88 -9840.01
-1557.69 8299.22 -9856.91
-1622.26 8265.3 -9887.56
-1548.77 8313.76 -9862.52
-1520.14 8300.31 -9820.45
-1652.65 8201.55 -9854.2
-1557.47 8270.8 -9828.28
-1561.87 8261.55 -9823.42
-1545.5 8270.06 -9815.55
-1543.87 8319.13 -9863
-1533.25 8306.31 -9839.57
-1576.25 8299.31 -9875.56
-1547.24 8289.71 -9836.94
-1568.7 8253.5 -9822.2
-1521.68 8299.47 -9821.14
-1502.29 8313.06 -9815.36
-1549.82 8332.29 -9882.11
-146054 -135620 -10434.2
-1545.85 8302.99 -9848.84
-1571.39 8276.68 -9848.08
-1542.53 8304.28 -9846.81
-1551.78 8324.73 -9876.51
-1551.29 8290.96 -9842.25
-1597.59 8285.8 -9883.39
-1587.18 8246.67 -9833.84
-1610.71 8299.23 -9909.94
-1638.28 8254.29 -9892.57
-1619.49 8228.8 -9848.29
-1640.11 8207.23 -9847.34
-1604.04 8229 -9833.05
-1608.99 8215.85 -9824.85
-1661.82 8179.86 -9841.68
-1566.11 8274.49 -9840.61
-1543.46 8288.09 -9831.54
-1599.09 8256.8 -9855.89
-1549.1 8267.79 -9816.88
-1558.92 8242.85 -9801.77
-1542.48 8288.88 -9831.36
-1603.33 8268.28 -9871.6
-1553.4 8245.53 -9798.93
-1572.32 8250.38 -9822.69
-1592.35 8244.51 -9836.86
-1524.25 8311.94 -9836.19
-1567.75 8274.11 -9841.86
-1545.81 8314.97 -9860.78
-1562.5 8294.44 -9856.94
-1574.12 8294.19 -9868.31
-1588.28 8288.81 -9877.09
-1584.25 8229.43 -9813.68
-1571.27 8279.84 -9851.12
-1510.39 8324.35 -9834.74
-1553.73 8325.02 -9878.75
-2189.47 7689.52 -9878.99
-1635.43 8204.83 -9840.26
-1660.86 8172.98 -9833.84
-1810.34 8042.68 -9853.02
-1653.65 8163.64 -9817.29
-1675.81 8185.31 -9861.12
-1649.96 8178.13 -9828.1
-1587.08 8235.15 -9822.23
-1853.29 8016.2 -9869.49
-2518.23 7319.17 -9837.4
-1814.82 7940.01 -9754.83
-1685.11 8107.25 -9792.36
-2388 7409.71 -9797.71
-1737.29 8053.27 -9790.55
-1649.78 8152.12 -9801.9
-1625.53 8206.8 -9832.33
-1695.88 8134.47 -9830.35
-1645.11 8193.82 -9838.93
-1582.53 8184.65 -9767.17
-1653.28 8192.27 -9845.55
-1605.81 8211.19 -9816.99
-2003.11 7786.29 -9789.4
-1733.42 8070.01 -9803.43
-1624.25 8131.36 -9755.61
-1608.5 8186.9 -9795.4
-1640.42 8199.24 -9839.66
-1610.17 8228.15 -9838.33
-1614.15 8198.56 -9812.71
-1599.22 8231.03 -9830.25
-1564.09 8235.42 -9799.51
-1664.92 8207.55 -9872.48
-1639.75 8208.62 -9848.37
-4086.78 5759.5 -9846.29
-2264.35 7548.22 -9812.57
-2046.19 7715.44 -9761.63
-2013.39 7765.53 -9778.92
-1881.02 7911.25 -9792.26
-1862.24 7972.79 -9835.03
-1728.76 8073.9 -9802.66
-1726.5 8099.77 -9826.27
-1616.96 8216.93 -9833.89
-1638.3 8217.75 -9856.05
-1603.18 8231.25 -9834.43
-1678.34 8189.2 -9867.53
-1600.42 8253.89 -9854.32
-1648.98 8195.19 -9844.17
-1616.75 8211.09 -9827.84
-1568.97 8247.13 -9816.1
-1587.34 8244.1 -9831.44
-1641.5 8163.94 -9805.44
-1611.81 8246.85 -9858.66
-1675.4 8175.74 -9851.14
-1662.89 8164.47 -9827.35
-2049.18 7759.97 -9809.14
-1792.78 7956.81 -9749.59
-1770.2 7999.91 -9770.11
-1757.12 8017.53 -9774.65
-2036.27 7698.27 -9734.54
-1875.74 7852.98 -9728.71
-1799.75 7917.5 -9717.25
-1732.78 8016.19 -9748.97
-1662.79 8084.62 -9747.41
-1679.17 8105.94 -9785.11
-1641.31 8113.42 -9754.73
-1694.26 8078.53 -9772.79
-1719.79 8047.82 -9767.6
-1689.8 8098.46 -9788.25
-1697.72 8089 -9786.71
-1630.25 8138.35 -9768.6
-1668.64 8113.16 -9781.79
-1627.11 8145.3 -9772.41
-2219.33 7568.93 -9788.26
-1983.63 7864.89 -9848.52
-1871.24 7876.84 -9748.08
-1736.77 8054.82 -9791.59
-1629.02 8159.87 -9788.89
-1663.78 8146.41 -9810.19
-1613.64 8198.2 -9811.84
-1626.86 8209.74 -9836.6
-1632.64 8183.38 -9816.01
-1597.56 8259.74 -9857.3
-1674.26 8228.39 -9902.65
-1599.46 8233.83 -9833.29
-1560.91 8269.27 -9830.17
-1581.09 8225.95 -9807.04
-1588.26 8232.31 -9820.57
-1601.92 8220.21 -9822.14
-1572.46 8277.61 -9850.06
-1564.39 8244.79 -9809.18
-1683.73 8155.16 -9838.89
-1797 8024.21 -9821.21
-1745.43 8065.36 -9810.79
-1654.69 8209.23 -9863.92
-1624.2 8211.84 -9836.04
-1603.19 8279.23 -9882.42
-1681.21 8168.11 -9849.32
-1639.96 8240.81 -9880.77
-1629.32 8263.59 -9892.91
-1517.78 8319.49 -9837.27
-1934.08 7926.35 -9860.43
-1976.5 7836.53 -9813.03
-1751.22 8106.75 -9857.97
-1642.23 8186.96 -9829.19
-1626.14 8185.7 -9811.84
-1583.34 8256.4 -9839.74
-1563.56 8252.99 -9816.54
-1612.15 8217.08 -9829.23
-2190 7625.43 -9815.43
-1699.38 8126.24 -9825.62
-1655.28 8188.66 -9843.93
-1550.04 8251.64 -9801.68
-1655.79 8193.47 -9849.25
-1627.87 8249.67 -9877.54
-1568.72 8197.05 -9765.77
-1661.97 8192.98 -9854.95
-1618.41 8253.42 -9871.84
-1605.86 8237.19 -9843.05
-1583.04 8240.17 -9823.22
-1582.42 8257.1 -9839.52
-2527.87 7327.85 -9855.72
-1760.34 8030.61 -9790.96
-1631.79 8172.28 -9804.08
-3326.16 6459.01 -9785.17
-2270.53 7443.45 -9713.98
-2120.15 7603.16 -9723.31
-1820.61 7934.6 -9755.21
-1831.51 7962.43 -9793.94
-1828.21 8031.33 -9859.54
-1640.19 8222.31 -9862.5
-1603.37 8222.98 -9826.35
-1640.47 8167.19 -9807.66
-1675.01 8182.07 -9857.08
-1618.74 8194.15 -9812.89
-1688.24 8147.7 -9835.94
-1679.8 8130.61 -9810.41
-1660.42 8145.95 -9806.37
-1640.11 8179.05 -9819.16
-1958.13 7874.43 -9832.55
-1683.37 8135.5 -9818.87
-1613.79 8225.14 -9838.93
-1592.28 8237.16 -9829.45
-1663.65 8182.27 -9845.92
-259297 -248851 -10445.6
-1597.99 8305.53 -9903.52
-1625.33 8283.25 -9908.58
-1567.59 8286.84 -9854.43
-1578.9 8315.49 -9894.39
-3243.02 6643.93 -9886.94
-2152.17 7695.61 -9847.78
-1816.58 8067.77 -9884.36
-2014.46 7896.38 -9910.84
-1859.78 8026.61 -9886.39
-1921.49 7974.14 -9895.63
-1738.82 8173.43 -9912.25
-1712.96 8177.12 -9890.08
-2245.52 7622.81 -9868.32
-1863.6 7995.12 -9858.73
-1703.65 8117.55 -9821.2
-1714.3 8128.66 -9842.96
-1685.94 8130.09 -9816.03
-1665.75 8143.39 -9809.14
-3942.85 5843.8 -9786.66
-2258.67 7404.14 -9662.81
-2587.01 7113.61 -9700.62
-2017.13 7715.91 -9733.03
-1901.11 7841.01 -9742.12
-1911.17 7838.3 -9749.47
-1774.09 8000.72 -9774.81
-1766.19 7993.75 -9759.94
-1742.12 8045.76 -9787.87
-1730.2 8106.24 -9836.43
-1713.54 8100.49 -9814.03
-1693.12 8115.27 -9808.39
-487008 -476581 -10426.5
-2300.43 8113.28 -10413.7
-1644.43 8190.58 -9835.01
-2003.01 7856.11 -9859.12
-1753.35 8100.83 -9854.18
-1612.08 8230.6 -9842.69
-1728.7 8155.38 -9884.08
-1691.77 8175.69 -9867.46
-1617.75 8247.68 -9865.43
-1701.65 8137.73 -9839.38
-1590.98 8259.32 -9850.3
-1615.22 8305.73 -9920.95
-1703.49 8195.02 -9898.51
-1610.33 8261.07 -9871.39
-1545.27 8338.61 -9883.88
-1573.15 8291.05 -9864.21
-2698.47 7134 -9832.46
-1780.06 8087.3 -9867.36
-1662.24 8249.92 -9912.15
-1775.36 8105.67 -9881.02
-1662.49 8193.85 -9856.34
-1606.58 8283.51 -9890.09
-1640.86 8289.37 -9930.23
-1576.6 8319.15 -9895.76
-1657.93 8243.93 -9901.86
-1609.07 8297.95 -9907.02
-1675.73 8184.66 -9860.39
-1573.94 8311.44 -9885.37
-1538.04 8340.15 -9878.19
-1516.97 8345.26 -9862.22
-1524.59 8340.76 -9865.35
-1570.72 8314.94 -9885.66
-13239.8 -3349.43 -9890.36
-3336.75 6446.12 -9782.87
-2405.11 7344.79 -9749.91
-1971.66 7801.13 -9772.79
-1675.51 8121.36 -9796.87
-1629.37 8184.71 -9814.09
-1627.16 8205.2 -9832.36
-1632.57 8235.88 -9868.45
-1578.07 8320.23 -9898.3
-1623.99 8222.4 -9846.39
-1534.25 8333.8 -9868.05
-3559.09 6365.23 -9924.33
-1942.43 7868.17 -9810.6
-3350.7 6456.33 -9807.03
-2058.75 7708.6 -9767.36
-1923.77 7868.41 -9792.18
-1855.21 7956.02 -9811.23
-1868.08 8017.53 -9885.61
-1739.36 8115.29 -9854.66
-1690.05 8203.73 -9893.77
-1616.55 8300.27 -9916.82
-2309.7 7556.25 -9865.95
-2296.35 7476.64 -9772.99
-1894.83 7950.46 -9845.28
-1708.86 8103.73 -9812.58
-1562.35 8271.88 -9834.22
-1482.04 8377.36 -9859.4
-1552.85 8336.4 -9889.24
-1533.47 8381.61 -9915.08
-1473.42 8405.21 -9878.63
-1507.19 8396.39 -9903.59
-1500.24 8390.64 -9890.88
-1519.99 8406.34 -9926.32
-1522.82 8370.02 -9892.84
-1454.47 8442.62 -9897.09
-3055.84 6801.84 -9857.68
-2036.52 7810.13 -9846.65
-1670.91 8174.16 -9845.07
-1600.08 8275.11 -9875.19
-1586.18 8332.99 -9919.17
-1559.86 8396.23 -9956.09
-1514.97 8435.36 -9950.34
-1541.41 8427.07 -9968.48
-1516.19 8451.13 -9967.32
-1556.83 8417.83 -9974.66
-1532 8410.99 -9942.99
-1505.81 8420.34 -9926.15
-1484.05 8432.74 -9916.78
-1451.96 8474.98 -9926.93
-1460.43 8469.02 -9929.45
-1490.65 8481.8 -9972.45
-1461.31 8516.67 -9977.98
-3185.79 6795.99 -9981.78
-1785.77 8169.72 -9955.5
-1751.73 8185.95 -9937.68
-1512.39 8460.85 -9973.24
-1609.83 8435.04 -10044.9
-1507.73 8471.55 -9979.28
-1522.89 8434.69 -9957.58
-1474.07 8495.69 -9969.76
-1409.33 8506.28 -9915.61
-1431.79 8518.6 -9950.39
-1527.26 8440.07 -9967.33
-1433.37 8506.43 -9939.8
-1468.29 8471.41 -9939.69
-1497.56 8451.03 -9948.59
-1523.39 8434.17 -9957.56
-1518.63 8422.64 -9941.27
-1542.86 8461.25 -10004.1
-1474.3 8499.93 -9974.22
-1538.56 8486.54 -10025.1
-1412.25 8534.94 -9947.19
-1501.04 8497.77 -9998.8
-1496.75 8478.76 -9975.52
-1427.32 8537.24 -9964.57
-1422.45 8548.47 -9970.92
-1448.55 8531.51 -9980.06
-2241.97 7730.39 -9972.37
-1624.04 8278.07 -9902.11
-1476.85 8448.8 -9925.64
-1484.88 8523.47 -10008.4
-1399 8570.17 -9969.17
-1923.48 8050.38 -9973.85
-1545.2 8375.37 -9920.57
-1543.77 8380.1 -9923.87
-1447.06 8474.22 -9921.28
-1423.64 8536.42 -9960.07
-1400.97 8553.34 -9954.31
-1381.4 8539.77 -9921.17
-1473.49 8509.4 -9982.89
-1436.28 8552.3 -9988.58
-2013.25 7934.9 -9948.15
-1619.69 8368.26 -9987.95
-1561.6 8417.67 -9979.27
-1532.54 8444.29 -9976.83
-1482.37 8489.37 -9971.74
-1543.74 8434.56 -9978.31
-1550.25 8402.65 -9952.9
-1479.23 8435.23 -9914.46
-1499.95 8445.76 -9945.71
-1523.82 8428.83 -9952.66
-1505.36 8433.69 -9939.05
-1486.69 8454.57 -9941.26
-1517.02 8490.77 -10007.8
-1729.14 8315.1 -10044.2
-4187.85 5821.53 -10009.4
-2075.22 7828.6 -9903.83
-129891 -119480 -10411
-1990.68 7844.2 -9834.88
-1855.24 8016.04 -9871.28
-1815.98 8060.42 -9876.4
-1854.24 8014.7 -9868.94
-1710.13 8132.18 -9842.31
-1527.53 8341.34 -9868.86
-1715.48 8199.52 -9915
-1476.71 8411.6 -9888.32
-1510.64 8402.01 -9912.65
-1962.48 7985.59 -9948.06
-2039.21 7909.4 -9948.61
-1585.71 8333.17 -9918.88
-1477.01 8434.13 -9911.14
-1435.81 8465.95 -9901.76
-1755.74 8135.85 -9891.59
-1621.13 8314.59 -9935.72
-1613.98 8312.6 -9926.57
-1627.72 8294.56 -9922.27
-1627.49 8268.25 -9895.75
-1606.19 8303.45 -9909.64
-1756 8138.42 -9894.42
-1700.2 8203.04 -9903.25
-1653.96 8241.16 -9895.12
-1575.04 8371.28 -9946.33
-1507.05 8378.38 -9885.43
-1512.26 8404.69 -9916.95
-1455.81 8472.09 -9927.9
-1502.37 8451.32 -9953.69
-1504.04 8420.62 -9924.66
-1427.98 8521.6 -9949.59
-1433.15 8505.77 -9938.92
-1403.06 8501.3 -9904.36
-1449.62 8510.11 -9959.72
-1481.03 8454.67 -9935.7
-1456.99 8491.15 -9948.14
-1433.11 8445.9 -9879.01
-1447.52 8512.17 -9959.69
-1512.72 8463.22 -9975.94
-1450.2 8493.09 -9943.29
-2369.96 7557.57 -9927.54
-1850.03 8077.78 -9927.82
-1659.11 8276.82 -9935.92
-1467.76 8507.67 -9975.43
-1434.64 8563.6 -9998.23
-1470.12 8507.48 -9977.6
-1457.49 8544.9 -10002.4
-2248.49 7699.93 -9948.42
-1831.01 8125.63 -9956.64
-1715.3 8241.5 -9956.8
-1669.09 8286.61 -9955.7
-1530.24 8456.49 -9986.73
-1546.73 8441.24 -9987.97
-1469.23 8553.3 -10022.5
-5529.88 4465.54 -9995.42
-2335.74 7552.79 -9888.52
-3130.78 6748.45 -9879.23
-1874.84 7995.51 -9870.35
-1496.21 8389.17 -9885.38
-1413.56 8475.02 -9888.58
-1459.56 8485.94 -9945.51
-1463.3 8503.52 -9966.83
-1426.31 8526.16 -9952.46
-1433.51 8549.4 -9982.91
-1439.66 8562.04 -10001.7
-1384.07 8551.09 -9935.16
-1452.02 8524.16 -9976.18
-1358.42 8576.83 -9935.24
-1454.28 8550.52 -10004.8
-1488.06 8484.96 -9973.02
-1438.83 8512.17 -9951
-1446.98 8543.65 -9990.62
-1412.57 8624.35 -10036.9
-1459.22 8569.16 -10028.4
-1382.88 8616.45 -9999.33
-1462.61 8576.95 -10039.6
-3938.89 6060.66 -9999.55
-1822.19 8208.81 -10031
-2002.82 7988.06 -9990.88
-1885.69 8087.39 -9973.08
-1904.49 8077.14 -9981.63
-2491.96 7493.32 -9985.28
-1952.3 7977.43 -9929.73
-1612.26 8385.91 -9998.17
-1534.29 8422.83 -9957.12
-1601.59 8358.82 -9960.4
-1566.59 8383.43 -9950.02
-1565.23 8421.93 -9987.16
-1507.12 8454.83 -9961.94
-1507.06 8479.02 -9986.08
-1463.98 8548.21 -10012.2
-1613.64 8380.91 -9994.55
-1590.7 8434.5 -10025.2
-1534.92 8454.44 -9989.36
-1520.15 8492.15 -10012.3
-1448.99 8537.77 -9986.77
-1363.08 8608.5 -9971.58
-1445.78 8564.56 -10010.3
-1421.26 8564.71 -9985.97
-1473.98 8535.45 -10009.4
-1383.51 8620.86 -10004.4
-1989.29 7999.25 -9988.54
-1717.56 8282.29 -9999.85
-1583.64 8381.46 -9965.1
-1556.11 8494.12 -10050.2
-1548.12 8481.8 -10029.9
-1485.86 8544.95 -10030.8
-1618.81 8393.8 -10012.6
-1479.46 8537.99 -10017.5
-1470.11 8550.41 -10020.5
-1425.48 8559.7 -9985.18
-1432.89 8570.46 -10003.3
-1428.27 8597.76 -10026
-1433.26 8575.43 -10008.7
-1456.47 8547.75 -10004.2
-1445.99 8578.99 -10025
-1412.54 8572.15 -9984.69
-2359.02 7617.39 -9976.4
-1709.9 8246.66 -9956.56
-1617.32 8341.05 -9958.38
-1842.45 8119.09 -9961.54
-1773.96 8197.69 -9971.65
-1758.72 8133.47 -9892.19
-1661.66 8278.69 -9940.35
-1674.92 8268.02 -9942.94
-1582.6 8396.1 -9978.7
-1600.35 8372.24 -9972.59
-2231.99 7747.53 -9979.52
-1860.39 8099.54 -9959.94
-1744.98 8203.46 -9948.44
-1656.59 8302.38 -9958.97
-1763.97 8237.08 -10001.1
-1774.59 8183.62 -9958.21
-1552.37 8438.08 -9990.45
-1519.42 8499.21 -10018.6
-1387.46 8572.59 -9960.05
-1408.93 8543.88 -9952.81
-1402.62 8558.94 -9961.56
-1614.43 8288.95 -9903.37
-1641.51 8341.33 -9982.85
-1562.73 8405.02 -9967.75
-1483.69 8455.59 -9939.27
-1461.99 8518.97 -9980.96
-1459.28 8489.52 -9948.8
-1848.02 8105.18 -9953.2
-1676.62 8271.18 -9947.81
-1692.64 8280.14 -9972.78
-1623.75 8324.18 -9947.93
-1545.76 8428.3 -9974.06
-2226.03 7708.26 -9934.29
