10
10
11
10
16
12
11
16
13
15
15
14
21
15
16
10
10
11
12
13
19
11
11
10
10
10
18
10
13
10
10
13
12
12
14
9
12
12
10
10
11
10
17
10
11
14
12
15
10
15
12
12
18
10
16
10
16
17
10
12
16
28
15
14
17
25
18
14
9
10
11
10
9
10
13
12
12
15
11
13
19
19
16
11
11
18
13
11
14
10
18
10
12
17
10
14
14
12
16
11
16
16
13
18
14
15
13
11
16
13
14
10
16
19
11
14
11
11
11
13
9
10
9
9
11
11
11
12
16
12
11
15
10
17
15
15
13
13
18
9
18
9
16
13
13
15
15
10
10
15
11
21
10
14
18
15
19
14
12
9
10
9
10
9
10
12
9
9
10
11
9
9
9
9
11
13
12
10
11
10
10
10
19
16
14
22
18
12
19
19
23
16
20
16
12
13
9
11
13
20
14
14
14
12
11
15
14
13
12
9
10
10
12
9
13
11
13
10
18
13
16
15
15
11
13
11
13
12
14
12
11
11
11
16
15
10
11
17
10
11
10
10
16
14
19
15
11
18
15
10
9
13
10
9
11
15
16
14
19
10
10
11
13
16
13
30
13
10
9
10
16
10
14
13
11
10
12
15
17
14
12
13
11
13
13
15
11
12
15
11
16
14
16
15
18
13
12
12
12
13
13
15
13
14
12
9
9
13
17
22
13
18
14
15
13
16
11
15
12
15
10
14
14
23
22
18
13
14
11
9
13
15
10
15
14
9
11
13
9
13
14
11
13
15
10
11
9
9
13
25
12
21
11
12
13
11
14
10
12
10
17
13
13
14
19
18
11
20
11
12
13
12
10
10
14
10
14
16
12
23
18
13
10
9
11
9
12
14
10
15
12
10
9
10
16
9
11
11
11
20
16
17
12
14
10
10
9
11
9
14
10
10
20
19
13
10
9
12
10
9
10
21
11
15
12
18
11
11
18
14
17
9
10
12
9
13
19
18
11
17
10
16
14
10
11
10
12
12
11
12
13
12
13
17
12
15
15
14
20
15
10
23
17
13
17
18
13
11
9
12
14
11
13
9
9
13
11
19
10
11
14
12
15
13
11
12
16
21
14
12
10
14
12
21
13
10
11
13
14
14
18
15
10
10
9
9
11
11
13
13
13
10
13
13
10
13
17
15
12
13
16
16
16
11
11
15
14
14
14
14
18
12
9
10
13
14
11
10
10
13
10
9
10
12
11
9
21
16
14
19
10
9
12
11
9
10
10
14
13
12
11
11
9
11
10
12
18
13
10
9
10
17
10
15
10
9
11
12
10
14
14
15
11
12
13
12
14
14
15
15
10
18
17
16
18
14
25
23
16
14
10
9
17
11
9
11
13
13
9
19
19
12
11
9
18
14
12
15
11
9
13
13
9
11
10
17
12
14
13
12
16
11
15
10
12
19
26
12
15
15
11
11
10
14
12
9
13
10
11
15
11
10
11
13
11
11
11
11
11
13
12
12
12
12
12
10
11
15
10
11
13
9
10
9
12
9
10
13
15
13
11
14
11
26
18
12
16
14
16
11
10
11
16
11
11
10
13
12
15
15
18
15
12
14
17
13
12
9
17
16
11
11
11
9
15
10
9
12
18
12
11
16
14
12
14
12
9
12
14
13
11
11
11
12
10
16
13
15
12
13
17
11
15
13
17
15
15
11
22
25
17
16
11
15
16
18
11
14
17
17
17
13
12
15
15
12
13
19
11
9
14
10
10
11
11
13
11
15
11
13
10
12
12
12
9
14
15
12
11
14
10
9
14
11
13
10
12
13
12
11
10
14
10
16
13
10
10
15
14
11
11
9
12
9
9
12
21
24
11
16
14
13
12
12
13
13
10
11
12
11
12
11
13
13
11
11
10
21
18
13
13
20
12
20
17
11
12
15
9
13
10
9
9
12
17
16
14
12
12
13
11
9
13
12
11
13
15
12
12
15
15
13
14
17
15
12
14
10
9
13
9
10
11
9
11
9
11
17
12
13
15
12
12
18
9
12
13
10
11
10
10
16
11
13
20
11
16
16
14
15
11
12
16
10
10
11
9
11
10
9
9
9
10
10
11
9
11
11
14
11
11
9
14
16
16
15
18
16
12
15
12
13
16
13
10
21
17
23
10
11
10
12
10
13
13
12
24
13
12
16
10
11
19
17
22
11
9
10
11
11
15
11
25
18
14
16
16
19
12
11
12
11
18
9
9
9
12
15
22
17
12
17
11
12
14
9
10
10
11
10
