27
32
20
26
26
26
19
19
20
26
25
22
25
26
30
28
24
24
26
23
19
29
24
24
28
27
22
23
20
20
22
18
22
19
19
16
19
16
18
20
29
26
40
27
20
23
35
20
23
28
24
19
24
20
21
27
22
29
22
20
18
21
22
18
24
21
22
21
21
18
15
15
20
15
20
17
17
15
14
19
16
16
15
14
19
14
23
15
22
22
18
17
13
13
21
16
17
15
18
14
15
17
18
13
14
20
20
12
17
16
15
14
14
15
13
12
20
16
14
10
15
10
16
11
13
12
13
11
12
15
14
24
11
15
13
11
14
12
18
15
15
15
11
13
14
14
13
16
16
12
22
13
19
10
13
12
14
15
15
14
15
12
13
14
14
16
12
16
11
14
13
13
13
14
11
18
15
26
12
13
17
15
15
16
11
20
15
15
16
22
15
12
22
12
14
20
16
16
16
11
17
28
16
16
11
15
10
12
16
13
14
12
15
13
15
12
11
17
17
15
10
10
10
10
13
14
12
11
22
13
21
18
20
16
13
15
16
14
12
13
15
19
13
18
13
19
19
12
12
12
12
12
16
20
24
18
19
19
10
14
13
10
14
13
10
10
10
10
13
14
15
10
18
18
14
21
14
14
22
13
16
15
16
13
12
18
12
10
12
12
12
14
15
10
17
15
18
15
11
13
16
11
10
13
27
18
14
15
16
14
13
13
21
22
12
11
13
17
16
15
18
12
11
11
15
18
13
12
13
20
14
12
12
14
15
12
12
16
17
13
22
14
17
18
21
16
21
12
17
14
19
12
14
14
12
11
14
11
10
17
11
12
18
13
11
14
12
15
17
14
15
14
14
14
13
12
20
13
25
14
10
10
12
11
14
11
13
17
16
17
15
12
17
18
17
18
17
21
20
14
17
16
15
13
12
10
13
10
18
14
14
11
12
15
15
12
10
12
15
10
16
16
12
13
17
14
17
13
16
16
27
16
15
26
15
19
13
16
14
16
15
13
13
12
16
17
16
12
16
15
12
13
13
11
15
11
18
11
17
12
12
15
13
13
15
14
14
14
12
13
14
13
18
18
15
14
15
25
17
20
23
16
20
16
22
15
18
16
19
14
18
17
17
25
13
17
12
21
19
13
19
15
14
13
16
12
13
13
12
13
15
13
17
11
18
13
13
14
21
14
15
14
16
16
13
19
17
11
14
17
12
11
12
18
13
21
21
15
19
16
18
20
18
14
17
21
14
15
14
14
13
12
16
12
14
17
14
13
12
16
17
13
17
18
16
12
14
15
15
14
15
14
12
15
15
15
13
11
11
11
13
14
18
21
17
19
12
26
18
14
14
19
19
14
13
14
15
13
16
12
15
16
17
12
15
15
19
16
12
26
21
21
21
14
13
11
19
19
21
20
19
14
11
14
12
13
18
13
18
16
12
15
16
15
21
29
17
17
16
14
14
12
13
16
22
22
17
20
17
14
17
20
21
25
14
12
13
12
14
16
12
20
14
23
14
12
12
11
15
15
14
11
17
12
16
14
16
19
16
21
16
19
16
16
18
18
15
23
17
20
21
14
17
13
16
16
16
14
18
16
14
13
12
15
14
15
19
13
15
14
16
14
15
17
28
16
16
13
11
15
13
12
14
12
19
14
17
13
12
14
12
14
12
12
14
16
16
13
12
14
12
15
13
16
15
14
16
19
17
12
14
12
18
11
17
20
22
13
22
17
23
23
17
18
17
15
17
15
12
22
15
24
23
21
18
16
21
16
16
14
14
16
15
19
21
16
16
15
16
22
11
15
11
12
11
12
14
14
18
12
11
20
12
21
17
15
12
14
13
18
18
19
18
27
23
19
12
21
12
16
17
14
15
14
13
13
19
16
16
29
19
23
12
20
16
13
13
14
16
12
20
16
18
16
13
19
21
19
23
17
20
18
15
20
16
14
17
16
12
12
15
16
13
15
17
11
11
13
15
13
17
20
15
18
19
23
13
14
17
16
14
18
12
15
19
17
13
15
25
11
15
19
15
16
14
11
12
14
12
14
11
20
15
13
13
15
21
11
13
16
17
14
20
17
14
12
17
16
17
14
14
11
14
14
16
14
13
18
14
15
24
22
15
30
19
15
11
17
16
13
18
15
14
14
12
14
20
15
16
16
26
15
15
15
15
14
13
13
16
18
14
19
22
26
19
19
13
17
13
14
19
14
12
11
12
15
19
17
11
16
16
16
13
15
13
17
19
16
18
15
15
12
15
15
13
12
14
12
16
17
