0.540853
0.540853
0.540853
0.540853
0.547063
0.8639
0.745444
0.922272
1.0171
0.721702
0.601389
0.970826
1.07199
1.24939
1.27889
1.15329
1.21712
1.053
0.813791
0.686588
0.711099
0.711099
0.534069
0.12468
0.380262
0.380262
0.545871
0.224125
0.898598
0.729299
0.729299
0.729299
0.489061
0.489061
0.489061
0.489061
0.300729
0.300729
0.276786
0.41245
0.41245
0.41245
0.41245
0.41245
0.745162
0.745162
0.745162
0.745162
0.745162
0.745162
0.745162
0.745162
0.745162
0.457506
0.457506
0.457506
0.457506
0.265394
0.328382
0.328382
0.328382
0.328382
0.328382
0.697917
0.697917
0.697917
0.697917
0.697917
0.697917
1.39849
1.45677
1.45677
1.45677
1.45677
0.785353
0.785353
0.429921
0.429921
0.429921
0.429921
0.856965
0.89442
0.782869
0.652982
0.652982
1.01409
1.01409
0.809574
0.737239
0.643059
0.643059
0.885769
0.885769
0.885769
0.885769
0.885769
0.885769
0.885769
0.5565
0.938323
0.938323
0.734141
0.734141
0.734141
0.734141
0.699056
0.699056
0.699056
0.699056
0.699056
0.699056
0.699056
0.350228
0.408784
0.429744
1.05992
1.05992
1.05992
0.41736
0.360146
0.360146
0.676967
0.564311
0.564311
0.744685
0.617182
1.77212
1.77212
1.77212
0.465817
0.465817
0.465817
0.465817
0.465817
0.465817
1.20035
1.47539
0.80965
0.80965
0.444213
0.302993
0.302993
0.302993
1.05039
1.04733
1.04733
0.82625
0.828994
0.541068
0.541068
0.768602
0.768602
0.789009
0.778122
1.24519
0.884005
0.884005
1.11521
0.459412
0.459412
1.01471
0.513615
0.513615
0.934785
1.02275
1.02275
1.02275
1.09468
0.684509
1.18303
1.18303
1.18303
1.18303
1.18303
1.14215
0.224081
0.224081
0.224081
0.21062
0.21062
0.238532
0.238532
0.417666
0.417666
0.417666
0.417666
0.417666
0.580413
0.580413
0.580413
0.622131
0.622131
0.622131
0.977847
0.977847
0.977847
0.977847
0.977847
0.977847
0.977847
0.977847
0.529297
0.732368
0.732368
0.732368
0.732368
0.45451
0.652708
0.774375
0.774375
0.774375
0.439787
0.439787
0.832661
0.832661
0.832661
0.90732
0.90732
0.81388
0.81388
0.790268
0.953287
0.953287
0.953287
0.953287
0.878081
0.608658
0.608658
0.66606
0.825639
0.825639
0.830703
0.446226
0.358546
1.09413
0.525335
0.525335
0.525335
0.412884
0.818703
0.818703
0.818703
0.504295
0.325377
0.325377
0.24579
0.24579
0.24579
0.24579
0.725071
0.725071
0.725071
0.725071
0.725071
0.725071
0.725071
1.19636
0.144306
0.162041
0.162041
0.162041
0.162041
0.162041
0.162041
0.746109
0.746109
0.746109
0.746109
0.746109
0.746109
0.200812
0.200812
0.52387
0.52387
1.16914
1.16914
0.90715
0.570216
0.570216
0.570216
0.570216
0.841936
0.603618
0.777803
0.777803
0.529592
0.529592
0.383376
0.377831
0.377831
0.377831
0.208387
0.506947
0.506947
0.506947
1.0414
1.57252
1.21503
1.20262
1.20262
1.20262
0.442163
0.54519
0.54519
0.54519
0.54519
0.757632
0.757632
0.757632
0.757632
0.757632
0.757632
0.757632
0.478897
0.726255
0.635706
0.635706
0.635706
0.635706
0.635706
0.635706
0.635706
0.635706
0.579204
0.579204
0.579204
0.579204
0.579204
0.579204
0.579204
0.579204
0.579204
0.579204
0.97806
1.09141
1.09141
1.10285
1.10285
1.10285
0.663115
0.663115
1.35372
1.35372
1.35372
0.706516
0.706516
1.48555
0.263309
0.263309
0.482305
0.46514
0.86724
0.3806
0.879671
0.879671
0.529941
0.529941
0.529941
0.362738
0.50301
0.50301
0.771372
0.771372
0.771372
0.771372
0.771372
0.771372
0.68755
0.637823
0.637823
0.637823
0.637823
0.637823
0.915236
0.529736
0.835767
0.835767
0.835767
0.835767
0.835767
0.835767
0.344164
0.344164
0.836889
0.836889
0.836889
0.836889
0.836889
0.798479
0.798479
0.798479
0.798479
0.882309
0.882309
0.882309
1.26984
0.436902
0.436902
0.60408
0.60408
0.52518
0.546754
0.546754
0.940942
0.940942
0.940942
0.7963
0.7963
0.7963
0.7963
1.06317
1.06317
0.262584
0.262584
0.262584
0.653419
0.95626
0.95626
0.95626
0.95626
1.52442
1.40116
1.30127
1.30127
1.32162
1.32162
1.32162
1.32162
1.32162
0.210632
0.210632
0.456349
0.456349
0.533638
0.66992
0.853697
0.853697
0.52939
0.52939
0.52939
0.52939
0.391491
0.535768
0.535768
0.535768
0.535768
0.618568
0.618568
0.618568
0.618568
0.618568
0.618568
0.618568
0.618568
0.803414
0.803414
0.803414
0.803414
0.803414
0.803414
0.803414
0.485889
0.464118
0.464118
0.464118
0.463073
0.463073
0.74327
0.810916
0.810916
0.810916
0.810916
0.810916
1.07123
1.07123
0.958503
1.15398
1.41967
1.25608
1.25608
0.297609
0.297609
0.306449
0.306449
0.306449
0.800371
0.662758
0.639345
0.520524
0.520524
0.588666
0.411173
0.411173
0.411173
0.639643
0.639643
0.639643
1.12361
0.57292
0.733721
0.733721
0.733721
0.974358
0.974358
0.974358
0.91369
0.427511
0.427511
0.811287
0.997529
0.621864
1.09636
1.09636
0.88815
0.672989
0.414075
0.414075
0.414075
0.778912
0.778912
0.778912
0.424298
0.424298
0.629507
0.629507
0.629507
0.629507
0.519916
0.519916
0.599837
0.599837
0.599837
0.511443
0.640508
0.640508
0.640508
0.712162
0.779543
0.779543
0.779543
0.779543
0.497396
0.497396
0.497396
0.497396
0.65902
0.65902
0.65902
0.631701
0.631701
0.370184
0.370184
0.462262
0.462262
0.462262
0.518572
0.371207
0.338137
0.338137
0.338137
0.338137
0.59532
0.59532
0.499404
0.499404
0.499404
0.499404
0.499404
0.499404
0.499404
0.499404
0.870536
0.870536
0.553441
0.553441
0.553441
0.565587
0.565587
0.565587
0.565587
0.565587
0.299622
0.169377
0.169377
0.201423
0.201423
1.27223
1.27223
1.35239
1.35239
0.246539
1.31922
1.26302
1.42212
1.42212
1.42212
0.935424
0.807599
0.807599
1.12288
1.12288
1.58995
1.27252
1.27252
1.27252
1.27252
0.931473
0.801632
0.449342
0.338743
0.338743
0.956731
0.957287
0.957287
0.759907
0.759907
0.759907
0.759907
0.759907
0.759907
0.759907
0.759907
0.760948
0.459931
0.459931
0.950807
0.950807
0.550431
0.550431
0.550431
0.550431
0.550431
0.550431
1.25709
1.25709
1.25709
1.78893
2.28519
1.89457
1.89457
0.914072
0.87153
0.87153
0.87153
0.87153
1.0691
0.362917
0.323365
0.299571
0.299571
0.299571
0.61691
0.375104
0.375104
0.688538
0.688538
0.688538
0.513035
0.513035
1.12769
1.39808
1.39808
0.78836
0.78836
0.78836
0.336809
0.336809
0.336809
0.336809
0.336809
0.336809
0.336809
0.336809
0.221937
0.221937
1.25052
1.25052
1.02782
1.02782
0.387734
0.387734
0.387734
0.387734
1.01865
1.01865
0.911133
0.911133
0.613146
0.585883
0.525441
0.349946
0.349946
0.349946
0.349946
0.349946
0.349946
0.349946
0.349946
0.349946
1.16011
0.988304
0.988304
0.340735
0.781895
0.796746
0.85615
0.457694
0.597046
0.597046
0.597046
0.597046
0.597046
0.597046
0.597046
0.597046
0.898236
0.898236
0.898236
1.12609
0.759294
0.683453
0.683453
0.572249
0.572249
0.572249
0.572249
0.572249
0.711628
0.711628
0.667458
0.667458
0.667458
0.529884
0.529884
0.529884
0.529884
0.529884
0.529884
0.327972
0.327972
0.327972
0.327972
0.327972
0.511458
0.511458
0.466703
0.466703
0.450692
0.450692
0.450692
0.450692
0.634039
0.634039
0.634039
0.634039
0.364804
0.53016
0.53016
0.723733
0.780215
0.824968
0.824968
0.693548
0.693548
0.693548
0.693548
0.693548
0.803351
0.803351
0.63539
0.768493
0.768493
0.986418
0.70889
0.70889
0.70889
0.70889
0.70889
0.70889
0.961667
0.961667
0.961667
0.961667
0.724525
0.724525
0.724525
0.412206
0.426326
0.538142
0.38343
0.789348
0.7008
0.7008
0.702149
0.702149
0.647734
0.647734
0.647734
0.647734
0.647734
0.647734
0.647734
0.647734
0.873687
0.253851
0.253851
0.253851
0.251105
0.305952
0.305952
0.305952
0.305952
0.712347
0.712347
0.712347
0.94467
1.14813
1.31461
1.31461
0.807095
0.807095
0.807095
0.807095
0.806996
0.806996
0.806996
0.672866
0.89575
1.35736
1.35736
0.453135
0.371556
0.452427
0.452427
0.452427
0.452427
0.329287
0.249644
0.953283
0.953283
0.953283
0.953283
0.953283
0.844337
0.995441
0.712221
0.766827
0.766827
0.766827
0.766827
0.766827
0.729298
0.347548
0.347548
0.686598
0.686598
0.686598
0.513398
0.680874
0.629484
0.629484
0.629484
0.629484
0.629484
0.912215
0.912215
0.576603
0.393705
0.805551
0.805551
0.805551
0.805551
0.818535
0.818535
0.818535
0.818535
0.883472
0.883472
0.883472
0.883472
0.883472
0.883472
0.883472
0.883472
0.883472
0.883472
0.883472
0.588455
0.588455
0.632133
0.632133
0.53895
0.292281
0.694686
0.694686
0.694686
0.412755
0.412755
0.554235
0.574602
0.930471
0.930471
0.930471
0.968368
0.592974
0.592974
0.34606
0.74676
0.74676
0.74676
0.74676
0.74676
0.639016
0.639016
0.639016
0.239124
0.4471
0.4471
0.4471
0.4471
0.4471
0.4471
0.916481
0.553098
0.553098
0.950401
0.950401
0.278828
0.278828
0.278828
0.278828
0.381441
0.793646
0.793646
0.793646
0.766615
0.581899
0.581899
0.581899
0.581899
0.581899
0.581899
0.350313
0.350313
0.669347
0.669347
0.975029
0.975029
1.16811
1.07937
0.671509
0.671509
0.671509
0.671509
0.671509
0.827427
0.827427
0.390089
0.390089
0.482896
0.482896
0.646435
0.646435
0.351713
0.320628
0.320628
0.320628
0.497279
0.497279
0.497279
0.497279
0.194828
0.607824
0.859039
0.29052
0.441101
0.441101
0.441101
0.441101
0.441101
0.417
0.417
0.417
0.417
0.417
0.601065
0.455513
0.455513
0.455513
0.455513
0.455513
0.349074
0.349074
0.349074
0.349074
0.349074
0.349074
0.349074
0.349074
0.310458
