0.0957751 0.274205 0.202836 0.166182 0.113712 0.0529061 0.0938073 0.000435896 3.41975e-05 4.63668e-05
0.10615 0.27995 0.153585 0.203073 0.106806 0.0511974 0.0977466 0.000369254 0.000674048 5.74202e-05 0.000162321 0.000126704 9.29784e-05
0.107762 0.274223 0.163448 0.193458 0.0626197 0.100781 0.0976529
0.110464 0.277216 0.154574 0.195918 0.0585504 0.106558 0.0966164 1.02016e-05 4.94364e-05 2.24935e-05 1.55008e-06 9.10946e-06 5.79553e-06 1.26318e-06
0.0948964 0.154127 0.277516 0.196506 0.0624765 0.118338 0.0959445 0.000108026 2.56072e-05
0.087398 0.145955 0.27422 0.206338 0.0665009 0.105919 0.112802 0.000796782 5.38718e-05 2.96245e-06 1.10357e-05 1.42344e-06
0.153483 0.0965445 0.269292 0.1942 0.059018 0.114395 0.11292 5.2523e-05 9.38182e-05
0.103894 0.148966 0.278848 0.199076 0.0687342 0.0921504 0.108329
0.0866206 0.157778 0.189326 0.275812 0.0650437 0.112903 0.112015 0.000364182 9.31955e-05
0.0918374 0.161817 0.250208 0.194732 0.0645517 0.107834 0.128619 0.000261832
0.0913645 0.268183 0.155673 0.202642 0.0502468 0.106497 0.12539
0.100405 0.243943 0.159927 0.202891 0.0726185 0.125729 0.0943167 0.000105504 4.00894e-05 2.78381e-07 8.11621e-06 2.73625e-06 6.92559e-06
0.102608 0.161172 0.261369 0.196068 0.0551854 0.117605 0.105379 0.000204295 3.11826e-05 0.000260846 1.94006e-05 1.90722e-05 3.17707e-05 2.46244e-06 1.23209e-05
0.106868 0.275148 0.144093 0.19196 0.0531824 0.113297 0.114655 0.000433568 0.000265914 4.41566e-06 4.17301e-05 3.57476e-05
0.108022 0.262714 0.157369 0.204517 0.0675254 0.115432 0.0839661 0.000304137 8.77299e-07 0.000137014
0.268365 0.104863 0.141261 0.200855 0.0595124 0.123253 0.101041 0.000811049 3.64869e-05
0.250461 0.150718 0.104838 0.217743 0.070446 0.108535 0.0965803 0.000670718
0.257207 0.155192 0.0927713 0.213491 0.0622785 0.108632 0.110178 0.000241502
0.262106 0.165078 0.22039 0.096312 0.0550417 0.108312 0.0927181
0.265643 0.153477 0.205228 0.11106 0.0590555 0.0858378 0.118642 0.000209392 0.000320892 0.000457383 5.86508e-05
0.151004 0.254545 0.221509 0.103875 0.0624751 0.0956278 0.110469 0.000176684 0.00028341
0.154161 0.245636 0.214442 0.113076 0.0940404 0.0567009 0.12174 0.000202317
0.155981 0.215416 0.265366 0.0913098 0.0981857 0.0556057 0.118132
0.148751 0.206121 0.272486 0.11024 0.0924934 0.0561202 0.113687 8.16798e-05 1.0592e-05 7.35681e-06
0.220116 0.154391 0.256383 0.0908272 0.104533 0.0597383 0.11401
0.162467 0.200544 0.263662 0.0883576 0.0937601 0.0683763 0.122815 1.36814e-05
0.201676 0.144272 0.270422 0.100071 0.102867 0.06274 0.117766 9.11523e-05 1.60269e-05 1.61115e-05 2.7038e-05 1.87187e-05 6.98641e-06 7.04433e-06
0.196704 0.173145 0.265429 0.0937539 0.097277 0.0662664 0.10728 9.88477e-05 4.04231e-05 2.9133e-06
0.15317 0.194387 0.271595 0.0993987 0.0968038 0.0595561 0.124505 0.000439107 0.00014081
0.206569 0.162839 0.257196 0.0879532 0.0917552 0.0698623 0.123776
0.215743 0.153185 0.241656 0.103071 0.0990832 0.064325 0.122358 2.10591e-05 0.000336221 4.45494e-05 5.21517e-05 8.49747e-05 2.00355e-05 1.17985e-06 1.97559e-08 1.82711e-05
0.208236 0.168379 0.253135 0.0899558 0.0942096 0.122969 0.0630446 5.2412e-05 1.33992e-06 1.45636e-05
0.208426 0.165624 0.267761 0.0815506 0.0990327 0.113945 0.0636092 4.85335e-05
0.208702 0.151584 0.275696 0.0889179 0.092988 0.117756 0.0640546 0.000237201
0.203038 0.154241 0.290393 0.0957067 0.107143 0.0929557 0.0563686 1.231e-05 0.00014109
0.153338 0.209298 0.255719 0.0945339 0.124897 0.102988 0.0591968 2.93902e-05
0.15465 0.202692 0.262181 0.101332 0.0878866 0.129403 0.061803
0.155316 0.272156 0.212344 0.0998406 0.0899895 0.112317 0.0580149
0.150178 0.265329 0.216617 0.100303 0.094548 0.114288 0.0582607 9.32505e-05 0.000349486
0.158662 0.265498 0.206605 0.102014 0.0967104 0.0572795 0.113229
0.166114 0.258598 0.213914 0.101866 0.0891964 0.0604444 0.109819 1.43598e-05 1.22972e-05 8.52307e-07 2.46098e-06 9.09724e-06 2.93018e-06 5.50928e-06
0.266322 0.152503 0.21802 0.0813006 0.101458 0.0673812 0.11259 0.000345343 7.26266e-05
0.160225 0.275644 0.197671 0.0964641 0.103097 0.0579491 0.108709 0.000201592
0.168661 0.260766 0.190581 0.0961182 0.0916388 0.0697965 0.122368
0.156178 0.263047 0.203329 0.108106 0.0885648 0.117034 0.0634052 4.83984e-05 0.00017571 0.00011039
0.156519 0.263216 0.202234 0.100112 0.103753 0.104094 0.069907 1.64281e-07 5.1041e-05
0.151573 0.266841 0.0872916 0.218155 0.0933728 0.118287 0.0643693 9.41055e-05
0.152939 0.261796 0.202927 0.0942167 0.104072 0.115978 0.0679231 3.85433e-05 3.79946e-05 6.18919e-05
0.161137 0.274178 0.189882 0.105469 0.0912741 0.117714 0.060126 0.000197525
0.159681 0.271925 0.19481 0.0970227 0.0968663 0.122887 0.0558644 0.000220647 0.000687165
0.138491 0.273747 0.212198 0.0940927 0.0974895 0.118122 0.0658165
0.14878 0.220639 0.249965 0.0911835 0.105806 0.111084 0.0719426 9.53397e-05 0.000116589 0.000172626 0.000184094
0.163336 0.213487 0.263762 0.0897597 0.0970325 0.0552454 0.117364
0.151234 0.217532 0.259951 0.0963166 0.097691 0.113416 0.0637326 0.000117799
0.144308 0.207669 0.266077 0.104364 0.102346 0.116611 0.0586216
0.154649 0.206719 0.264372 0.0987697 0.115741 0.100366 0.0590682 0.000190534 8.663e-05 9.7964e-07 3.44317e-05
0.16091 0.212811 0.247472 0.126659 0.101339 0.0879243 0.0617583 0.000501928 0.00026766 0.00019396 0.000125944 1.93096e-05 1.02308e-05 1.78856e-06 2.96794e-06
0.153133 0.272441 0.199129 0.122231 0.10315 0.0848691 0.0650056
0.156197 0.259946 0.111201 0.208794 0.110246 0.0878383 0.0653373 0.000159386 6.96779e-05 5.9757e-05
0.157383 0.276645 0.110305 0.203608 0.106354 0.0900353 0.0546048 4.22005e-05 0.000276001 3.1492e-06 0.000598823 0.000113181
0.167084 0.260911 0.191641 0.119834 0.110689 0.0923433 0.0556964 0.00107722 0.000415931 1.83223e-05 5.66242e-05 1.30806e-05 2.87495e-05 4.34188e-05
0.158888 0.256417 0.211484 0.11476 0.119469 0.0563207 0.0825437
0.152261 0.203906 0.284832 0.0931719 0.101207 0.0633691 0.100744 5.93842e-05 2.63176e-05 0.000272789 8.53429e-05 4.7596e-05
0.158042 0.208457 0.116037 0.272069 0.102847 0.0555336 0.0867767 9.88991e-05 2.00046e-05 0.000106751
0.201879 0.15065 0.128255 0.251616 0.110391 0.0617179 0.0946677 0.000194625 0.00025574 3.84866e-05 0.000158845 2.68097e-05 1.16501e-05 8.81114e-05 1.07255e-06 4.07923e-06 2.49657e-05 7.01939e-06
0.202309 0.165811 0.116429 0.261924 0.103416 0.0542707 0.0957184 5.48909e-05
0.216521 0.160305 0.121709 0.257093 0.0522766 0.102688 0.0878973 0.00048761 0.000473259 0.000126086 0.000129224 2.66751e-05 0.000153967 7.59088e-05
0.151431 0.21567 0.115565 0.254312 0.060123 0.107518 0.0941836 0.000372953 0.000492244 5.15219e-05 0.000202845 7.73023e-05
0.152967 0.200543 0.1149 0.26108 0.111256 0.06861 0.0905988
0.159925 0.210298 0.108314 0.249115 0.122263 0.0570043 0.0927746 0.000170702 3.28457e-05 6.52832e-05
0.137981 0.198686 0.124322 0.259378 0.0648066 0.120103 0.094607
0.148152 0.187672 0.112532 0.267376 0.0620941 0.122362 0.0989959 0.000218858 0.000300183 0.000239208
0.162113 0.20811 0.0965976 0.247769 0.121952 0.0686007 0.094781 1.48065e-05 6.03755e-05
0.156796 0.197963 0.102022 0.256501 0.117471 0.0983207 0.070456 0.00024841 7.30106e-05 6.67089e-05 4.17803e-05 2.00935e-05 8.02501e-06 3.61383e-06 8.18602e-06
0.146574 0.201687 0.251009 0.109568 0.126629 0.0980098 0.0662421 6.29872e-05 6.29599e-05 1.15768e-05 1.20523e-05 6.02866e-05 2.77013e-05 1.0537e-05 1.33971e-05
0.20576 0.152937 0.250212 0.107987 0.116162 0.106591 0.0590282 0.000182814 1.01174e-05 0.00100131
0.206957 0.157924 0.258486 0.0975174 0.116279 0.0984993 0.0641837 0.000125759
0.211664 0.155668 0.0900608 0.247558 0.125974 0.101062 0.0679131
0.192857 0.163735 0.114912 0.241437 0.12752 0.0903705 0.0689787 1.26035e-05 0.000105901
0.20074 0.166309 0.105216 0.256592 0.11061 0.0962801 0.0633592 0.000244072 0.000364521 0.000124718 6.37117e-05 1.11706e-05 1.49418e-05 4.28537e-05 8.41789e-06
0.195727 0.107397 0.155676 0.25185 0.117346 0.100874 0.0708974 0.000189281 2.77079e-06 2.51218e-05 1.36695e-05
0.19306 0.102707 0.154109 0.117077 0.267856 0.100754 0.0644255
0.198581 0.111772 0.156902 0.118363 0.246018 0.0547273 0.113349 2.22521e-05 0.00017426 8.93159e-05
0.194942 0.160193 0.103114 0.132858 0.258391 0.0577942 0.0924173 0.000213211
0.200632 0.168511 0.109705 0.100627 0.250551 0.0584015 0.111084 0.000188403 9.44457e-06 4.1909e-05 0.00023503
0.199065 0.156811 0.104062 0.102663 0.253175 0.0606797 0.123416 2.2234e-05 9.52025e-05
0.212199 0.146477 0.102838 0.100503 0.268565 0.0636333 0.104441 0.000613145 0.000111545 0.000328482 9.11584e-05 0.000188621
0.193477 0.153303 0.105185 0.0984496 0.258227 0.0614258 0.129759 9.54733e-05 3.28207e-05
0.198532 0.101722 0.173268 0.102231 0.249716 0.0549348 0.119563
0.202959 0.102812 0.166576 0.0958871 0.251361 0.118321 0.0616915 0.000150183 0.000237801
0.199534 0.104796 0.16822 0.264205 0.10101 0.107698 0.0543663 1.22161e-05 0.000152521
0.203834 0.158035 0.110385 0.253859 0.0981278 0.114667 0.0608901 8.01288e-05 9.45974e-05
0.19206 0.150846 0.100592 0.268219 0.10406 0.119806 0.0637328 0.000131509 0.000541425
0.204313 0.105702 0.164538 0.244472 0.0950297 0.126204 0.059724
0.196137 0.110664 0.169378 0.0928905 0.251379 0.113665 0.0654157 0.000110655 9.08065e-05 7.05345e-05 0.000126542 5.5776e-05
0.106521 0.19257 0.163031 0.0958022 0.268996 0.110068 0.062663 2.16488e-05 2.99325e-05 8.10785e-06 0.000271716
0.100831 0.152336 0.207335 0.100427 0.253893 0.11986 0.0651849 0.000100495
0.102031 0.159786 0.201792 0.262481 0.10119 0.120218 0.0522557 6.7847e-06
0.154177 0.110994 0.206201 0.257148 0.0866506 0.125235 0.059591
0.150756 0.0896871 0.262393 0.217692 0.101866 0.11441 0.0629798 0.000142488 1.62359e-05 2.70544e-05 2.29386e-05
0.159478 0.112572 0.208431 0.256556 0.0956325 0.10304 0.0641606 9.36169e-05 1.60237e-05 8.74186e-06
0.150174 0.216499 0.106629 0.265121 0.0943605 0.102361 0.0647026 8.08324e-05 1.28671e-06 1.70077e-05
0.1506 0.201095 0.0998366 0.262275 0.109798 0.107798 0.0681519 0.000361274 2.59376e-06 2.93099e-05 5.30481e-05
0.160668 0.210518 0.246189 0.0937126 0.12603 0.1072 0.055142 0.000320443 7.2179e-05 3.69589e-05 6.77434e-05
0.158851 0.247239 0.206451 0.0949758 0.135801 0.0951453 0.0611619 7.62159e-05 1.45667e-05 0.000103639 1.09082e-05 3.52796e-06 1.59314e-06 6.79248e-05 2.3339e-05
0.14698 0.202703 0.272328 0.0983914 0.130018 0.0921561 0.0571255 0.000292025
0.21036 0.15284 0.241018 0.102281 0.126094 0.103394 0.0635096 0.000150034 1.15669e-05 2.75101e-05 0.000200747 5.51721e-05
0.20429 0.160891 0.244251 0.128439 0.0938575 0.0934919 0.0740203 0.000119083 8.03804e-05 0.00022246 0.000317161
0.144054 0.217272 0.2577 0.116655 0.0967359 0.102068 0.0651985 1.88163e-05
0.158683 0.187333 0.288163 0.0982108 0.113768 0.0926967 0.0605126 0.000177453 0.000125268 4.61259e-05 0.000209642 1.54986e-05 4.68079e-05 1.02472e-05
0.160784 0.21295 0.246892 0.103198 0.0855486 0.128641 0.0611509 0.00057983 8.84311e-05 3.99483e-05 4.14205e-05 1.00312e-05 5.25928e-05 9.54523e-06 1.18454e-06 2.93908e-07 7.09568e-06
0.159446 0.258851 0.220752 0.10121 0.0969522 0.111548 0.050936 0.000119375 3.31323e-05 1.42789e-05 8.79753e-05
0.149104 0.257926 0.215901 0.0887329 0.0974756 0.124125 0.0665239 0.000176795
0.148356 0.21977 0.261855 0.0950115 0.08907 0.118543 0.066947 1.5915e-05 0.00041869 6.4788e-06 5.25104e-06
0.15596 0.200861 0.242314 0.105084 0.107637 0.124831 0.063194 6.4153e-05 2.99019e-05 1.71938e-06 2.21094e-05
0.162449 0.207734 0.268871 0.105671 0.0920725 0.108936 0.0542408
0.207605 0.180456 0.241857 0.0926735 0.0947622 0.123999 0.0586401 3.93348e-06
0.166146 0.194267 0.264064 0.102554 0.101291 0.122326 0.0489476 0.000125265 0.000187328 8.7892e-05
0.149268 0.20012 0.268998 0.108233 0.106858 0.107802 0.0587141
0.151452 0.200043 0.259005 0.107847 0.101011 0.1202 0.0592311 0.00082213 0.000372031 1.44611e-05 1.79086e-06
0.146338 0.211197 0.278894 0.108171 0.107498 0.0961064 0.0517631
0.149579 0.210114 0.267352 0.123712 0.0899844 0.0969379 0.0622314 4.95955e-05
0.204922 0.163366 0.255184 0.120546 0.0947471 0.0982034 0.0626111 0.000391731
0.200548 0.166257 0.118718 0.251533 0.100802 0.0987116 0.063353 5.17314e-05 1.01234e-05
0.159632 0.193692 0.112729 0.249892 0.106986 0.111215 0.0657531 2.51757e-05
0.152058 0.182863 0.124247 0.275784 0.111325 0.0988173 0.054531 0.000368231
0.210158 0.14408 0.126444 0.277984 0.0982789 0.0884763 0.0543912 2.05873e-05 7.7231e-05 1.15923e-05 3.99045e-05
0.19633 0.15991 0.12516 0.259153 0.105819 0.0545144 0.0989869
0.206609 0.152718 0.126155 0.257096 0.107317 0.0691344 0.0807211 0.000199834 4.76729e-05
0.201452 0.156273 0.118016 0.267298 0.0959988 0.0957799 0.0646755 0.000493437
0.203485 0.167607 0.111531 0.103492 0.274453 0.0857399 0.0535919 6.69469e-05
0.200155 0.14164 0.112981 0.111554 0.276971 0.100091 0.0564693 7.38316e-05 6.28538e-05 1.94964e-06
0.207719 0.164298 0.0983298 0.109948 0.263872 0.0943733 0.0598146 0.00116277 5.93595e-05 0.000180786 8.12027e-05 0.000120662 1.72388e-05
0.209712 0.103429 0.152987 0.114597 0.264753 0.0918219 0.0619672 0.00047555 8.71083e-05 1.52339e-05 0.000100148
0.224676 0.0965435 0.160794 0.252432 0.12754 0.0801636 0.0576606 4.32324e-05 6.0485e-05
0.209993 0.158277 0.106482 0.252668 0.117862 0.0950921 0.058989 0.000130958 0.000258092 0.000155839
0.205437 0.153089 0.0965279 0.270399 0.114597 0.104622 0.0544973 0.000461918 0.000159232 0.000139969 2.21843e-05 5.09548e-06 3.74391e-05
0.198197 0.160609 0.105207 0.273968 0.118185 0.0878362 0.0553637 0.000132764 0.000461648 2.10701e-05 3.75591e-06
0.210746 0.162805 0.11858 0.24727 0.122372 0.0588587 0.0789258 0.000122717 0.000162742 1.31389e-06 8.80709e-05 3.51437e-05 2.32076e-05 4.96795e-06
0.153203 0.206891 0.129937 0.254704 0.107425 0.0556572 0.092007 0.000144167
0.151021 0.215285 0.271591 0.109698 0.102094 0.0679534 0.0821164 0.0001218 2.32201e-06 0.000116622
0.210444 0.151561 0.256283 0.117508 0.103939 0.0691705 0.0910498
0.200725 0.169935 0.259817 0.104329 0.0637532 0.113022 0.0881475 0.000199248 6.00368e-05
0.213315 0.282711 0.139364 0.113893 0.0580199 0.102417 0.0895277 3.63539e-05 0.000336997 0.000157102 8.58396e-05 0.000124906
0.204932 0.264116 0.158411 0.113241 0.059533 0.100581 0.0977184 0.00143794
0.217174 0.24291 0.157469 0.124173 0.106393 0.0583277 0.093481 5.62704e-05
0.276903 0.20448 0.156993 0.112511 0.102165 0.0583375 0.088464 6.78816e-05 2.12006e-05 2.83189e-05 6.69086e-06 1.43337e-05 4.92537e-06 3.77508e-06
0.256334 0.209007 0.162031 0.108907 0.124258 0.058823 0.0804529 0.000184723
0.265784 0.198387 0.156311 0.114583 0.108139 0.0685473 0.0876835 0.000192977 7.12903e-05 0.000198837
0.262494 0.167666 0.202988 0.116228 0.0943748 0.0725975 0.0832265 2.35886e-05 0.000400143
0.263802 0.14947 0.212075 0.112949 0.104119 0.0866344 0.0706479 0.000172146 4.86422e-05 4.77431e-05
0.265318 0.153067 0.116762 0.20587 0.108109 0.0905269 0.0601771 0.000165335
0.25518 0.149467 0.116033 0.205004 0.0917119 0.118785 0.0637584 5.74637e-05
0.268311 0.120162 0.152375 0.195329 0.0959754 0.110666 0.0571627 1.38961e-06 9.41447e-06
0.290442 0.110773 0.157094 0.184256 0.112223 0.0811885 0.0639073 9.88272e-05
0.249685 0.130418 0.198362 0.16983 0.0996105 0.0935069 0.0582751 0.000161408 0.000144341
0.282789 0.108334 0.192418 0.168563 0.105735 0.0841717 0.0573683 0.000272787 0.000337972
0.272886 0.122869 0.14137 0.207871 0.108538 0.0864106 0.0600177
0.265569 0.111261 0.169076 0.192486 0.090423 0.106621 0.0629267 0.000313371 7.25832e-06 0.00117595 8.57554e-05
0.258549 0.108512 0.165532 0.0989085 0.215303 0.0937529 0.0593211 7.48694e-05
0.110878 0.27295 0.152103 0.0855906 0.207064 0.115603 0.0557502
0.129585 0.251798 0.168141 0.0864358 0.206618 0.10282 0.0545332 6.67604e-05
0.132394 0.255738 0.158885 0.0875205 0.0986216 0.202521 0.063949 0.000335562
0.111072 0.281786 0.141934 0.115649 0.0738722 0.2194 0.0560377 0.000229456 1.77975e-05
0.124266 0.258049 0.114509 0.168375 0.0694571 0.214567 0.0507318
0.12456 0.262958 0.11365 0.157875 0.0710652 0.214668 0.0551252 9.41768e-05
0.115136 0.27046 0.162982 0.119216 0.0740758 0.201994 0.056043 6.72875e-05 2.49182e-05
0.121867 0.249831 0.159058 0.114301 0.0909807 0.214497 0.0489747 0.000256547 6.20167e-05 0.000113116 3.81451e-05
0.116418 0.153992 0.260614 0.110005 0.0875651 0.216002 0.0552824 6.63285e-05
0.120401 0.154805 0.253328 0.110473 0.0868458 0.219806 0.0541445 2.72497e-05 0.000120611 4.51243e-05
0.126829 0.177186 0.254169 0.105401 0.0839257 0.203677 0.048447 0.000286844 4.55811e-05 6.60579e-06 1.5401e-05 2.70548e-07 5.12937e-06 4.68252e-06
0.130818 0.245683 0.152727 0.114263 0.0985212 0.205566 0.0523271 1.56012e-05 4.93338e-05
0.11299 0.267449 0.155657 0.10502 0.0955064 0.211338 0.0508619 3.41311e-05 0.000930067 8.96675e-05 9.27634e-05
0.124988 0.252567 0.15264 0.109285 0.211915 0.0964621 0.0519124 3.02429e-05 1.28619e-05 6.23584e-05 2.65709e-05 3.11792e-05 5.2118e-05
0.112579 0.245042 0.170279 0.115504 0.195868 0.0952474 0.0648215 0.00019403 0.000137411 8.20296e-05 3.729e-05 2.47656e-05 0.000124298 2.82075e-05 1.18143e-06 1.73137e-05 6.14388e-06
0.130588 0.263043 0.161729 0.10535 0.196265 0.0923049 0.0494658 7.30127e-05 0.000726253 0.00012808 0.000181686 1.91588e-05 3.78969e-05 7.31954e-05
0.117019 0.266057 0.156351 0.0948736 0.206968 0.0994905 0.0586711 0.000221123 0.00016681 4.95533e-05 4.65981e-05 1.88188e-06 3.11158e-05 1.15574e-05 2.6276e-05 5.08705e-06 6.40445e-06
0.112017 0.253239 0.160286 0.104085 0.210289 0.102876 0.056599 0.000508109 6.76609e-05 3.19804e-05
0.115161 0.263165 0.109535 0.157562 0.205702 0.0985422 0.050299
0.117374 0.252453 0.154254 0.1146 0.209889 0.0939318 0.0574961
0.111152 0.157918 0.263778 0.107874 0.20748 0.0887807 0.0629996 1.42087e-05
0.123632 0.158433 0.253767 0.10789 0.203773 0.0954576 0.0567082 0.000262069 7.57213e-05
0.120478 0.158863 0.260883 0.104964 0.196078 0.10177 0.056869
0.121895 0.166662 0.100781 0.260327 0.193511 0.100004 0.0562583 4.87339e-05 0.000416178 9.02818e-05
0.152387 0.120348 0.1106 0.257341 0.204704 0.0932584 0.0610107 8.19309e-06 7.7168e-05 8.82257e-05 0.000137138
0.151494 0.10968 0.105768 0.253952 0.0988147 0.206156 0.073717 7.17602e-05 8.52564e-05 0.000149394 1.17226e-05 5.13969e-05
0.159047 0.125215 0.0992208 0.258746 0.203135 0.0877138 0.0667104 0.000212207
0.147834 0.119651 0.27601 0.100089 0.192475 0.101066 0.0625189 0.000353317
0.175619 0.11204 0.243973 0.0997348 0.202942 0.0962268 0.0694639
0.146374 0.122038 0.25183 0.0982132 0.220644 0.0692161 0.0916769
0.125083 0.154875 0.252952 0.0992018 0.201814 0.058009 0.107875 5.2263e-05 0.000136839
0.122255 0.152544 0.253572 0.111727 0.196387 0.0972459 0.065822 0.000279934 6.20602e-05 2.99071e-05 5.95812e-05 1.03148e-05
0.10385 0.15876 0.260418 0.118052 0.198444 0.0976811 0.0616379 0.00110248 2.32373e-05
0.128363 0.157095 0.0943085 0.266122 0.19874 0.0949761 0.0597074 0.000658544 2.46138e-05
0.129556 0.16323 0.24838 0.11532 0.196027 0.086749 0.0606476 6.86889e-05
0.127117 0.263272 0.14996 0.106513 0.197262 0.101835 0.053763 0.000266368
0.124981 0.256955 0.159646 0.109599 0.184456 0.103403 0.0609267
0.120372 0.255118 0.155848 0.110341 0.199047 0.0962249 0.0627775 0.000267973
0.117939 0.266223 0.154107 0.109232 0.192739 0.0999665 0.0597931
0.114123 0.254 0.111493 0.162224 0.201955 0.0898785 0.0662053 7.1704e-05
0.114824 0.274661 0.108373 0.15704 0.183757 0.101407 0.0598744 5.79766e-05 4.37232e-06 2.58469e-06
0.117932 0.256327 0.168283 0.11398 0.192367 0.0804624 0.0697043 5.10395e-05 0.000888331
0.122691 0.151204 0.272491 0.108011 0.179621 0.0981906 0.0677178
0.115011 0.15901 0.258751 0.11264 0.195444 0.0990167 0.0595643 0.000216453 3.12614e-05 0.000260456
0.126786 0.143969 0.259819 0.102526 0.219096 0.0850891 0.0623575 7.83019e-05 0.000131735 0.000134103
0.13443 0.249532 0.156695 0.104256 0.2022 0.0946969 0.0579878 0.00014307 4.37009e-06 2.57134e-05
0.124333 0.266596 0.15117 0.112421 0.192536 0.0926985 0.0598801 4.14125e-05 9.87845e-05 0.000175166
0.138384 0.154507 0.243991 0.108674 0.204478 0.0906912 0.0592316
0.135984 0.265538 0.14832 0.108759 0.190161 0.0960102 0.054757 0.000380536
0.123205 0.254129 0.156114 0.105212 0.0980405 0.196693 0.0665362 3.55152e-05
0.115643 0.264512 0.15707 0.103682 0.10684 0.195567 0.0561783 8.75316e-05 0.000328852 3.11044e-05 5.9153e-05
0.121558 0.271144 0.155559 0.103858 0.0844391 0.198442 0.064994
0.118667 0.259337 0.160421 0.103524 0.197368 0.0977244 0.0625463 7.32363e-05 8.38526e-05 0.000209468
0.120383 0.271351 0.148135 0.0961144 0.212716 0.0954519 0.0554054 0.000405919
0.24295 0.129664 0.166859 0.0984583 0.205123 0.0885745 0.0683255 2.05108e-05 1.2549e-05 3.15276e-08 9.95778e-06
0.270831 0.129258 0.0945766 0.159694 0.196828 0.0925455 0.0559805 0.00013367 6.50113e-05 3.78577e-05 1.88273e-05 1.0079e-05 1.57269e-05
0.263526 0.114858 0.160749 0.0997816 0.205959 0.0995897 0.0553107 3.25421e-05 0.000111603
0.260965 0.132276 0.156565 0.110474 0.200341 0.0863037 0.0528336 0.000153566 7.76558e-05 7.14779e-06 3.20939e-06
0.261188 0.162257 0.104691 0.114738 0.194602 0.106434 0.0560652 4.13271e-06 1.95073e-05
0.261234 0.15644 0.111085 0.126973 0.188336 0.0978609 0.0580398
0.248105 0.11756 0.147293 0.113004 0.211257 0.0987942 0.0637211 6.31814e-05 9.26312e-05
0.245034 0.112676 0.161837 0.115678 0.198511 0.10332 0.0616406 0.000981455 5.55589e-05 0.000158968 5.07848e-05 3.30931e-07 5.21799e-06 4.67823e-05
0.263784 0.113686 0.162766 0.118665 0.195074 0.0909347 0.0545009 0.00038638 2.98531e-05 0.000111647 2.71606e-05 3.10092e-05
0.0965047 0.258449 0.16177 0.111159 0.212692 0.09464 0.0642238 0.000347173 0.000171126
0.107688 0.163274 0.275711 0.113333 0.188283 0.0930656 0.0576573 0.000736171 3.94024e-06 1.23014e-05 0.000157228 4.76989e-05
0.114412 0.247568 0.162453 0.112038 0.191585 0.106556 0.0652105 7.97161e-06 4.09881e-06 0.000100547 2.51973e-05
0.0926221 0.262096 0.120495 0.166242 0.189242 0.108103 0.0593312 0.000611181 2.3121e-05 0.000420035 8.19969e-06 0.000225382 0.000190624 0.000202531 3.72304e-05
0.109011 0.265515 0.128818 0.163785 0.105325 0.168774 0.0580292 2.14701e-06 0.000729008 8.76589e-06 6.81325e-07 4.44043e-07 1.26288e-06
0.105964 0.117505 0.272073 0.145773 0.101942 0.197327 0.0580036 0.000626561 0.000527704 0.00024667
0.132455 0.10587 0.278114 0.142838 0.0970751 0.192533 0.0510735
0.11958 0.258454 0.106593 0.154674 0.103172 0.20093 0.0563772 0.000110766 0.000100948
0.109137 0.254394 0.124962 0.160431 0.195744 0.0932294 0.0619488 3.13785e-05 7.6007e-07 7.07831e-05 2.3738e-05
0.123654 0.261566 0.113402 0.200725 0.148557 0.105215 0.0464141 6.42459e-05 0.000326272 4.63835e-05
0.11549 0.26251 0.204323 0.118992 0.14255 0.0975163 0.0585967
0.127576 0.250483 0.1094 0.195719 0.158933 0.101419 0.0558809 9.28082e-05 0.000479995
0.107885 0.262036 0.185268 0.107795 0.166506 0.104677 0.0654214 6.02588e-05 0.000349737
0.122872 0.252577 0.20329 0.100389 0.149834 0.111528 0.0594451
0.115916 0.261873 0.209444 0.155403 0.107912 0.0961224 0.0527522 0.000519081
0.117891 0.214357 0.266281 0.155249 0.0882182 0.0953278 0.0626123 1.58903e-05 1.47824e-05 8.05887e-06 8.78836e-06 2.92042e-06
0.113626 0.206905 0.261772 0.158796 0.0986123 0.0967134 0.0632451 2.69497e-05 0.000129254 5.56075e-05 1.44034e-05 4.55087e-05
0.121887 0.191243 0.2591 0.157345 0.097355 0.118061 0.0546605 0.000229114 7.97635e-06 2.91272e-05 7.53986e-05 2.40396e-06
0.203068 0.124832 0.25755 0.16272 0.101337 0.0952297 0.0545924 0.000180212 3.48894e-05 0.000151475 0.000234081 2.22904e-05 2.07739e-06
0.20575 0.132475 0.255627 0.147271 0.0946492 0.0994392 0.0636601 0.000601728 0.000419763 7.34002e-05
0.214008 0.107621 0.259651 0.111411 0.149251 0.0954763 0.0612981 0.000369346 0.000126075 0.000391746 5.40776e-05 2.38685e-05 4.79498e-05 0.000182512 6.47625e-06 4.00353e-05 7.57274e-07 9.62828e-06 1.10825e-05 7.38776e-07 1.88146e-07 1.15561e-05
0.223604 0.119643 0.259276 0.135257 0.107275 0.0918998 0.0627993 0.000134776 1.09037e-05 5.13737e-05
0.207138 0.11563 0.263258 0.166125 0.103611 0.0877956 0.0551033 0.00128652
0.111845 0.2041 0.275673 0.162434 0.1025 0.0911267 0.0522357 8.50633e-05
0.118514 0.260378 0.189136 0.170902 0.10869 0.0946033 0.0574881 0.000166873 6.21698e-05 4.30592e-06 4.51081e-05
0.126487 0.26113 0.211093 0.151839 0.0964235 0.0925721 0.0601965 9.3871e-05 0.000162219
0.105674 0.274648 0.217 0.149234 0.0999164 0.0852853 0.0677727 0.000278775 0.000150762
0.110261 0.217718 0.268313 0.150032 0.0980581 0.102422 0.0530726 6.79518e-05
0.114686 0.267608 0.197416 0.14358 0.105116 0.102217 0.0692354 3.60854e-05 6.99473e-05
0.251115 0.12841 0.200473 0.160694 0.096202 0.102262 0.0608049
0.260878 0.124892 0.187 0.154098 0.103416 0.105198 0.0640796 0.000432215
0.268819 0.124934 0.191042 0.138194 0.10808 0.0930609 0.0757831 8.46549e-05
0.274011 0.115623 0.2063 0.159176 0.106109 0.0830357 0.0555918 8.43089e-05
0.265335 0.11478 0.148824 0.214132 0.105598 0.0903932 0.0606157 0.000109889 8.2744e-05 3.45535e-05 1.71903e-05 1.71329e-05 5.41207e-05
0.120345 0.267905 0.137454 0.201706 0.104894 0.104503 0.0608914 0.000741787 0.00122739 0.000200259 5.28207e-06 1.20328e-05
0.122784 0.249846 0.152975 0.21186 0.106189 0.0955115 0.0604532 0.000361719
0.130756 0.269756 0.179448 0.159358 0.109477 0.0843941 0.0664009 0.000289459 2.44468e-05 9.51492e-05
0.114657 0.252355 0.20851 0.155984 0.117785 0.0898167 0.0607426 0.000150184
0.129331 0.261932 0.205001 0.109131 0.145775 0.0920695 0.0566635 9.17735e-05
0.111621 0.265675 0.199391 0.105568 0.160618 0.103065 0.0537439 0.000250093 6.10384e-05
0.11165 0.271549 0.20327 0.093489 0.150502 0.100867 0.0684467 7.3501e-05
0.115194 0.262352 0.189632 0.105245 0.166602 0.0555519 0.105339 2.62322e-05 5.58266e-05
0.118473 0.267198 0.189652 0.0991587 0.169961 0.0582163 0.0969525 0.000112749 0.000166601 6.81198e-05 3.50744e-05
0.109745 0.280301 0.187965 0.10571 0.155495 0.0965499 0.0641483 6.19616e-06 4.92291e-05
0.106094 0.26067 0.214855 0.154524 0.0991014 0.103356 0.0610992 0.00018725 0.000110443
0.111351 0.262184 0.211127 0.150138 0.110568 0.097039 0.0574233 1.79978e-05 0.000142533
0.115236 0.252382 0.198991 0.110206 0.151441 0.104787 0.0669094 1.73031e-05 8.20115e-06
0.0990819 0.259522 0.218777 0.152371 0.110241 0.0978828 0.062077 3.10645e-05
0.133848 0.262754 0.179953 0.156792 0.100003 0.107544 0.0589871 6.42286e-05
0.117249 0.258076 0.154079 0.203493 0.114218 0.105677 0.0468089 0.000175334 0.000173891 1.45301e-05 8.38398e-06 2.13107e-05
0.116426 0.2571 0.152258 0.106556 0.198311 0.115497 0.0535328 0.000134 0.000178147 3.00939e-06 1.63273e-06 2.16133e-06
0.123647 0.258935 0.0952541 0.157295 0.203873 0.109475 0.0514827
0.114458 0.256312 0.101426 0.148167 0.214548 0.0966524 0.0677011 0.000190611 7.50524e-05 0.000290254 2.10458e-05 8.91169e-05 1.79707e-05 3.68315e-05 9.37906e-06
0.123276 0.248983 0.101208 0.152928 0.207121 0.0678659 0.097973 0.000239263 4.21377e-06 2.76074e-05 7.16683e-05 0.000110084 0.000169433 2.17927e-05
0.24094 0.115703 0.10369 0.165953 0.206439 0.0648952 0.102257 8.02668e-05 1.6002e-05
0.257131 0.109917 0.155602 0.103291 0.206905 0.069789 0.0966431 0.000422472 0.000154572 3.76603e-05 4.11938e-05 6.45933e-05
0.255703 0.152952 0.120295 0.10473 0.201514 0.0685966 0.0958197 2.87546e-05 1.94495e-05 0.000261635
0.256038 0.139861 0.123721 0.119296 0.19141 0.0578018 0.110459 0.00129465 6.22971e-05
0.24098 0.122795 0.155143 0.114356 0.209866 0.0685238 0.0879755 0.000272554 6.32827e-05
0.267919 0.103006 0.153644 0.104875 0.207602 0.0998256 0.0627307 0.00015421 9.11577e-05 2.92679e-05 8.20859e-05 2.93464e-05
0.25696 0.123312 0.145426 0.102299 0.199245 0.106477 0.0660128 0.000167601 5.25009e-05
0.127528 0.262796 0.145729 0.103666 0.199483 0.103147 0.0576324
0.123594 0.269934 0.147411 0.0999019 0.191651 0.111914 0.0550581 0.000135595 7.92749e-05 3.85475e-05 7.68406e-05 3.57155e-05 6.52417e-05 3.56911e-05 2.43984e-05
0.129368 0.269094 0.151859 0.198618 0.0991076 0.0981862 0.0529418 0.000549131 9.36528e-05 0.000171673 8.16698e-07 4.3079e-06 3.10069e-06 4.22202e-07 1.39949e-06 1.06172e-06
0.12017 0.273799 0.189039 0.146513 0.107568 0.0976446 0.0645476 0.00051364 6.43963e-05 3.54634e-05 4.51939e-05 3.6486e-05 1.97129e-05
0.254301 0.11981 0.185663 0.164587 0.10902 0.108772 0.0565984 0.000135019 0.000117431 0.000480582 0.000259311 0.000253097
0.25593 0.208977 0.112293 0.148887 0.10546 0.107091 0.0603509 5.53999e-05 0.000902649 2.65087e-05
0.281147 0.194812 0.117346 0.143834 0.116265 0.09988 0.0460964 6.18962e-06 6.38556e-05 0.000176512 0.000202177
0.187758 0.265927 0.126898 0.160155 0.104555 0.0999637 0.0546223 4.89027e-05 5.85044e-05
0.272461 0.197271 0.115821 0.141976 0.109146 0.103896 0.0591663 0.000220275
0.270638 0.193482 0.108982 0.149685 0.108909 0.104507 0.0637827 6.34661e-07 1.21752e-05
0.196696 0.251113 0.101104 0.165107 0.113947 0.104843 0.0671857
0.258249 0.212373 0.105703 0.148913 0.119603 0.0987731 0.0562622 4.65175e-05 5.93612e-05
0.269469 0.191238 0.105732 0.155295 0.120622 0.0960429 0.0604346 0.00109824 3.22134e-05
0.247222 0.219143 0.139601 0.102049 0.125791 0.103416 0.0627141 5.87387e-05
0.190335 0.265932 0.157006 0.113258 0.119303 0.0907943 0.0632851 4.72195e-05
0.194852 0.261244 0.168674 0.114328 0.0963184 0.104404 0.0599612 0.000143485 6.97149e-05
0.199342 0.249217 0.150136 0.109623 0.128514 0.100617 0.0623584 8.81805e-05 2.22111e-05 1.5377e-05 1.88653e-05 1.70493e-05 1.11323e-05 1.1423e-05
0.252812 0.202356 0.155031 0.108989 0.118989 0.103546 0.0581874 5.02401e-06 1.83381e-05 5.70082e-05
0.25738 0.207184 0.150482 0.119755 0.109761 0.0885591 0.0665569 9.01106e-05 0.000135986 9.10097e-05
0.274706 0.201164 0.163057 0.108858 0.11265 0.0571919 0.0823691
0.261591 0.197311 0.16018 0.104609 0.122703 0.0587756 0.0936486 0.000984965 7.16317e-05 1.95538e-05 0.00010269
0.207471 0.257787 0.154996 0.110304 0.123554 0.0591436 0.0865149 0.000114042 9.06283e-06 8.757e-05
0.273114 0.208714 0.159127 0.103065 0.111071 0.0558521 0.0886409 0.000340769
0.256492 0.212205 0.159508 0.101057 0.120277 0.0601846 0.089731 0.000280122 0.000169077
0.252975 0.202467 0.160301 0.127093 0.101923 0.0626772 0.0925227 3.33028e-05
0.269448 0.210099 0.147218 0.105823 0.105343 0.0996208 0.0620767 0.000318666 2.47559e-05
0.260162 0.204767 0.15388 0.115022 0.102007 0.0755835 0.0884373 7.90316e-05 5.90233e-05
0.243845 0.22292 0.111994 0.16212 0.0955278 0.0581511 0.104902 0.000301067 0.000233934
0.265438 0.19995 0.125202 0.150376 0.060073 0.100775 0.0981715
0.264342 0.215159 0.109296 0.157895 0.0595951 0.0942021 0.0995106
0.211568 0.258219 0.115187 0.16178 0.0648228 0.0915698 0.096825
0.210202 0.253068 0.123847 0.158481 0.0540335 0.111793 0.0883088 0.00026744
0.222402 0.253831 0.123994 0.150036 0.0615616 0.10422 0.0838014
0.198304 0.249172 0.151123 0.132786 0.0728756 0.104513 0.0912262
0.194419 0.158488 0.259266 0.124514 0.0671994 0.109583 0.0863105 3.32726e-05 7.87801e-05 1.47094e-05 8.07681e-05 8.13421e-06 4.68706e-06 1.0321e-06
0.209193 0.148385 0.260489 0.116717 0.064414 0.102572 0.0981947
0.217362 0.142123 0.253804 0.121331 0.0595667 0.102792 0.102796 8.59314e-05 1.40652e-05 6.10688e-06 2.88244e-05 1.05561e-05
0.230287 0.148405 0.258783 0.111822 0.0881582 0.0560566 0.105931 0.000110933 0.000382009 6.32624e-05
0.20303 0.143709 0.264197 0.103953 0.130039 0.061967 0.0924883 0.000561759
0.209087 0.150062 0.269799 0.109094 0.0841392 0.0663878 0.110635 0.000582844 9.68485e-05 9.55971e-06 1.78814e-05 4.38258e-06 7.8292e-05
0.155912 0.218941 0.262994 0.121969 0.090814 0.0544616 0.0944495 0.000159667 0.000264052
0.142736 0.218204 0.27088 0.121258 0.0892447 0.0985614 0.0590838
0.155791 0.218513 0.26025 0.128606 0.0954045 0.0900832 0.0512754 2.19723e-05 2.14638e-05 6.1012e-06 1.03462e-05 9.64578e-06 4.84884e-06
0.15426 0.201239 0.24924 0.126268 0.11064 0.0626574 0.094911 0.00036112 4.8753e-05 0.000248035 7.91655e-05
0.139287 0.216363 0.258312 0.1246 0.100894 0.0532556 0.107133 1.6539e-05 9.13991e-05 4.28197e-05
0.154969 0.268017 0.200305 0.118267 0.101448 0.0563838 0.10012 0.000307804 0.000112043 6.18512e-05
0.136147 0.271643 0.220867 0.112561 0.0954969 0.100123 0.0629579 0.000203961
0.150096 0.208459 0.264358 0.115297 0.0985479 0.105243 0.057032 0.000868806 7.25714e-05 2.19014e-05
0.155653 0.206571 0.249494 0.0919507 0.123769 0.11029 0.0622672
0.157059 0.216171 0.259085 0.123703 0.0873027 0.0971973 0.0589927 5.59664e-05 4.2491e-05 0.000378654
0.163337 0.201637 0.119889 0.25471 0.0940148 0.0922402 0.0728201 0.000185934 0.00064472 9.1481e-05 7.63744e-05 0.00029478 2.90573e-05 1.52306e-05 3.72526e-06 5.94945e-06
0.185958 0.157603 0.124578 0.273861 0.0984264 0.10343 0.0556988 3.14916e-05 0.000126483 9.277e-05 3.96286e-05 4.08037e-05 1.53457e-05
0.213324 0.142652 0.121436 0.0937085 0.272781 0.0976643 0.0573163 0.00108045 2.84411e-05
0.16652 0.19833 0.128907 0.0856618 0.26144 0.094987 0.0627851 0.000213897 0.000291476 5.28838e-06 0.000143273 0.000329897 0.000213222 0.00012236
0.158949 0.209164 0.135644 0.24907 0.0910502 0.0967809 0.0583818 0.000239222 0.000419307 0.000212212 4.68235e-06 6.26169e-05
0.155827 0.112476 0.196914 0.277889 0.0895849 0.0936192 0.0734173 2.29719e-05 7.97003e-05 0.000116982 2.26482e-05
0.150818 0.116787 0.209396 0.255889 0.0983731 0.108821 0.0595677 3.13199e-05 5.97905e-05 0.000191642 5.48811e-05 7.93093e-06 1.31353e-06
0.149916 0.123262 0.254286 0.203073 0.103773 0.107686 0.0575442 4.96194e-05 0.000195639 0.000204915
0.166965 0.120987 0.267426 0.190538 0.097731 0.0978877 0.0583943 1.19627e-05 4.08131e-06 9.29877e-06 7.68721e-06 1.83801e-05
0.148647 0.266414 0.119262 0.201573 0.101221 0.0936153 0.068105 0.000290635 0.000296828 0.000207687 0.000287611
0.149719 0.270425 0.116053 0.105035 0.205726 0.0994135 0.0535978
0.145282 0.116714 0.266845 0.109952 0.20355 0.0957791 0.0616874 8.35611e-05 6.17104e-06 4.79396e-05
0.11569 0.145466 0.247683 0.110327 0.211914 0.0989797 0.0688511 0.000919701 0.000159521
0.125716 0.158341 0.243417 0.102748 0.210982 0.0983239 0.0604288
0.0966575 0.267073 0.154232 0.0981567 0.203386 0.109075 0.0706545 0.000624759 4.53419e-06 3.47046e-05 9.66824e-05
0.117971 0.27294 0.139605 0.104729 0.196914 0.0990366 0.0687958
0.123061 0.250131 0.154853 0.110028 0.205258 0.0947463 0.0617729 5.70596e-05 1.81525e-06 4.96525e-05
0.265955 0.126282 0.145639 0.0992846 0.215633 0.0868346 0.0603672
0.253602 0.127277 0.152726 0.113352 0.205217 0.0625124 0.085281
0.261752 0.120383 0.150723 0.0962926 0.208424 0.0667464 0.0952953 0.000150656 8.00755e-07 0.000195743 2.96731e-05
0.269513 0.147694 0.117686 0.099572 0.204875 0.0614923 0.0984704 0.00017395 0.000248083 2.679e-05 2.542e-05 0.000205682
0.250245 0.157368 0.12484 0.0973873 0.199458 0.0640169 0.105217 6.12088e-05 0.000669113 5.51983e-05 0.000112196 1.76882e-05 0.000347668 4.62004e-05 2.98378e-05 6.18853e-05 5.33359e-06 2.16629e-05
0.273255 0.149436 0.118311 0.193128 0.113677 0.0574439 0.0945142 2.70405e-06 0.000173699 4.12246e-05
0.25139 0.160899 0.103861 0.214541 0.0647636 0.108664 0.0952382 0.000164238 0.000234735 8.45605e-05 6.04118e-05 9.76333e-05
0.25934 0.160813 0.127399 0.199017 0.0977919 0.0637852 0.0913309 0.00015516 0.000154581 7.0785e-05 0.000133616
0.267963 0.156275 0.116298 0.206738 0.100876 0.0978186 0.054021
0.266489 0.140731 0.123803 0.213599 0.0909991 0.105146 0.0585223 0.000441709 0.000255498
0.273479 0.15512 0.11819 0.202731 0.0975371 0.0982737 0.0539078 0.000248254 0.000264947 0.000239611 4.09533e-06 5.09897e-07 2.23153e-06 8.17217e-07
0.27579 0.112596 0.152325 0.200817 0.0967806 0.089951 0.071698
0.249398 0.108194 0.206017 0.170279 0.100694 0.107232 0.057339 0.000838127
0.262327 0.106527 0.21626 0.155726 0.0980128 0.094794 0.066075 9.94028e-05 0.000121064
0.271478 0.113548 0.14336 0.208082 0.0909953 0.104944 0.0671088 0.000136578 0.000178572 1.66133e-05 1.18017e-05 0.000126103
0.103961 0.282992 0.150703 0.201354 0.101694 0.0929974 0.0656783 0.000369898 0.000171922 7.37633e-05 2.68217e-07 2.90392e-06
0.106117 0.272208 0.16274 0.196035 0.0994757 0.10288 0.0594417 0.000169037 0.00034598 0.000333586 4.31956e-05 0.000123193 7.3738e-05
0.274851 0.122956 0.162293 0.185004 0.0958807 0.102423 0.0558817 9.69201e-05 4.26103e-05 0.000505417
0.256161 0.121116 0.209948 0.14825 0.101609 0.096461 0.0660277 0.000304358 1.92481e-05 8.32408e-05 5.05125e-06 3.74808e-06 4.58482e-06 3.33504e-06
0.26496 0.113387 0.204466 0.162301 0.101306 0.0978012 0.0557283
0.252692 0.116415 0.213374 0.155082 0.105835 0.0606694 0.0952115 0.000490583 0.000169968
0.275112 0.195088 0.113576 0.16297 0.100196 0.0577912 0.0948295 0.000179997 0.000114219 6.45884e-05 7.70744e-05
0.263588 0.185108 0.109193 0.0995337 0.164222 0.0713404 0.106521 0.000398582
0.26604 0.204854 0.0890997 0.112147 0.145631 0.0755609 0.106544 0.000118385
0.261796 0.216511 0.110472 0.083657 0.161379 0.0682206 0.097664 0.000204725 2.06093e-05 6.22448e-05 7.17921e-06
0.202224 0.281584 0.107003 0.0860444 0.148397 0.0686175 0.106122
0.203516 0.269037 0.112167 0.0963982 0.148733 0.0711938 0.0988969 8.84504e-06 3.85774e-05
0.218382 0.25867 0.122003 0.150954 0.0855745 0.0675359 0.0955061 0.00132703
0.209494 0.252773 0.163601 0.116267 0.0902274 0.0653035 0.101693 0.000284189 0.000127292 0.000164253 2.55268e-05 3.05253e-05
0.209317 0.274723 0.11488 0.140537 0.0982958 0.062941 0.0991611 6.44724e-05 1.96541e-05 7.53124e-06 9.49769e-06 2.10782e-05 3.365e-06 1.11086e-05
0.257248 0.198693 0.127797 0.15686 0.102775 0.0683827 0.0876814 0.000518916
0.256889 0.204275 0.161519 0.120502 0.103585 0.0542231 0.0988551 0.000106657 5.15417e-06 2.85286e-05 1.14278e-05
0.252049 0.193597 0.163432 0.124399 0.102796 0.0616462 0.102069
0.263856 0.199671 0.116263 0.16518 0.0849358 0.0655217 0.104318 2.36475e-05 0.000220605 2.56695e-06 8.13459e-07 5.57659e-06
0.260635 0.118702 0.199072 0.153239 0.103094 0.0609339 0.103659 4.23195e-05 0.000317337 1.21906e-05 6.59779e-05 0.000157023 6.5079e-05 1.8189e-06 8.31605e-07 1.79142e-06
0.261897 0.116441 0.209724 0.150218 0.0921111 0.0604591 0.10903 2.88341e-05
0.270978 0.103947 0.159044 0.205704 0.0996382 0.0661653 0.0942431 0.000234568
0.263393 0.131261 0.147695 0.0843127 0.207769 0.0585908 0.106768 4.67981e-07 0.000209363
0.265507 0.150777 0.123932 0.0994324 0.202014 0.0597148 0.0985846
0.251092 0.159331 0.108662 0.112648 0.200277 0.0525915 0.115255 0.000140822
0.278452 0.0966452 0.153152 0.112362 0.194653 0.0564665 0.107884 0.000211684 4.74219e-05 2.16411e-05 6.18693e-05 3.01085e-05
0.258023 0.0921172 0.164115 0.118611 0.198937 0.0648317 0.102773 0.000256457 6.54226e-05 0.000144223 1.83044e-05 2.89588e-05 3.94806e-05 3.16598e-06 2.61046e-05 7.79014e-06 7.39603e-07 1.50364e-07 4.74814e-07
0.273062 0.0999934 0.157408 0.196002 0.107587 0.0637062 0.102212 6.70766e-06 1.93921e-05
0.272017 0.0946678 0.20305 0.162749 0.111507 0.0628937 0.0924974 5.6808e-05 4.52982e-05 0.000171523 4.5942e-05 0.000136068 0.000105388 7.70452e-06 3.32268e-05
0.272486 0.10214 0.196071 0.160246 0.1138 0.0942572 0.0601073 0.000181479 0.000291627 0.000105974 4.95649e-05 1.37934e-05 6.02526e-05 4.66882e-08 2.69277e-05 5.57958e-05 5.03592e-05
0.249479 0.0922388 0.208576 0.169717 0.0955547 0.117083 0.0659119 0.000568164 0.000276559 0.000526978
0.255635 0.108855 0.209672 0.148439 0.0978603 0.106359 0.0724963 0.000301467 3.5906e-05 0.000313918 1.17506e-05 6.32498e-07 1.74546e-05
0.254503 0.0996007 0.207192 0.166155 0.120819 0.0957135 0.0559 6.58382e-05 2.54692e-05 4.85154e-07 1.76939e-06 2.12154e-05
0.266766 0.203081 0.101107 0.147922 0.126272 0.08903 0.0653938 0.000112376 0.000127022 0.000112079 1.37482e-05 2.20825e-05 2.26751e-05
0.25804 0.211632 0.0959244 0.158099 0.114138 0.103568 0.0576081 1.49823e-05 0.00070887 9.17666e-05
0.260342 0.205037 0.096923 0.164553 0.110494 0.0969653 0.0645043 0.000104579 0.00065811 0.000328225 3.11025e-06 3.18012e-05 1.38329e-05 2.96902e-05 7.00732e-06
0.26639 0.204993 0.105301 0.149429 0.0989144 0.117187 0.0573493 0.000122181 1.69202e-05 0.000100414 0.000128057
0.203064 0.268399 0.100873 0.154478 0.0932338 0.120824 0.058503 0.000147751 2.0296e-05 0.000229673 6.07028e-05 0.000110419 2.85159e-05
0.196889 0.269305 0.103317 0.142981 0.101313 0.12428 0.0617978
0.212462 0.25423 0.106028 0.143269 0.121683 0.102186 0.0594979 0.000283993 0.00017687 8.85844e-05 3.38644e-05 2.06937e-05 3.17914e-05
0.214818 0.249237 0.106845 0.147442 0.11595 0.0991426 0.0664731 9.02973e-05
0.216412 0.258315 0.15267 0.093726 0.115765 0.0962111 0.0659374 0.000494641 0.00015076 0.000227302 2.94099e-05 4.03021e-05
0.197412 0.264782 0.171419 0.103288 0.109331 0.096231 0.0570307 0.00011133 0.00036354
0.248639 0.208345 0.160221 0.109979 0.111808 0.0975391 0.0630726 0.000244922
0.284254 0.197037 0.154552 0.116642 0.0918428 0.0995862 0.0549604 0.000624342 0.000409516 3.41827e-05 5.44426e-05
0.23944 0.15986 0.202086 0.113289 0.117157 0.108063 0.059934 5.91445e-05 4.2346e-05
0.145326 0.271411 0.196022 0.119453 0.103575 0.10372 0.0604456
0.148488 0.277832 0.206134 0.107298 0.100525 0.100367 0.0587336 0.000173762 1.51429e-05 0.000403007
0.157747 0.223915 0.249066 0.114931 0.0958853 0.0995899 0.0586051 0.000151374 6.11943e-05
0.153032 0.213907 0.256518 0.126563 0.099119 0.0940521 0.0567977 3.74261e-06 8.53299e-06
0.139746 0.209552 0.258349 0.10455 0.128493 0.0885035 0.0707098
0.15331 0.199854 0.250393 0.113679 0.119277 0.105394 0.0566444 0.00084981 0.000589413
0.164516 0.207628 0.244648 0.108866 0.0917487 0.122739 0.0594237 0.00029255 0.000129366
0.215791 0.154595 0.270409 0.104518 0.0952989 0.101284 0.0573458 0.000658536 7.0944e-05 2.28715e-05
0.145207 0.208813 0.282348 0.107286 0.0860081 0.112963 0.0573674
0.152191 0.202493 0.285416 0.0930689 0.107539 0.0996395 0.0593486 3.92589e-06 0.000296189
0.154339 0.205132 0.255529 0.112831 0.109515 0.0643935 0.0965815 0.000193673 0.00125268 0.000180187 1.38405e-05 1.18778e-06 1.08164e-06 5.05435e-06 2.65339e-06 2.55203e-05
0.200521 0.14958 0.259302 0.100354 0.123605 0.0677241 0.0967556 0.0010476 0.000112684 0.000408295 0.000330572 4.40703e-05 4.50163e-05 0.000138283
0.191421 0.158235 0.106522 0.278575 0.108887 0.059365 0.0967317 3.61637e-05
0.219683 0.153415 0.101698 0.26451 0.099791 0.0698197 0.0910439
0.204951 0.14259 0.102565 0.259879 0.123375 0.0680588 0.0985805
0.216402 0.146849 0.265415 0.105776 0.109568 0.0632197 0.0923751 0.000210834 0.000132227
0.198664 0.261059 0.156696 0.102835 0.114851 0.0726008 0.0930849 0.000191598
0.201441 0.259949 0.105541 0.150455 0.110732 0.0630835 0.107912 0.000349241 8.7244e-05 1.71956e-06 0.000119951 1.77868e-05 0.000290476
0.206066 0.0848303 0.242253 0.157682 0.132021 0.075968 0.101081 7.24785e-05 1.70442e-05 8.39029e-06
0.215305 0.0949104 0.254344 0.128051 0.146727 0.0603796 0.0997457 0.000478545
0.214317 0.0994307 0.255129 0.110247 0.155026 0.0645731 0.100624 0.000643543
0.0963375 0.208943 0.249527 0.117592 0.168786 0.0666971 0.0919502 0.000119818 4.58457e-05
0.105716 0.207688 0.258978 0.113903 0.163088 0.0951592 0.0546711 0.000133075 6.51664e-05 0.000409815 0.000142788 1.08074e-05
0.203951 0.0953956 0.268663 0.115043 0.160776 0.100837 0.0550675 0.000189816
0.19934 0.0998371 0.267998 0.163787 0.119139 0.0940431 0.0554606 0.000374414
0.201092 0.277329 0.095035 0.163287 0.110559 0.0952542 0.0568458 0.000137786 0.000382624 4.45148e-05
0.196404 0.286338 0.0971278 0.14939 0.113332 0.0948671 0.0617689 0.00055569 0.000105174
0.20518 0.270936 0.0911892 0.161947 0.0982148 0.117067 0.0553319 4.97498e-05 1.68399e-05
0.241598 0.208176 0.103235 0.171676 0.0979248 0.114606 0.0620783 2.65189e-05 6.11684e-05 0.000297632 6.20091e-05 6.39853e-05 0.000100849 4.45969e-05
0.266507 0.193658 0.161519 0.10303 0.100934 0.113935 0.0593214 4.32441e-05 0.000492554 0.000422657 0.000124167
0.265918 0.203346 0.154231 0.102536 0.107979 0.10699 0.0588359 0.00015803
0.264082 0.205962 0.149074 0.115179 0.102278 0.104596 0.0585702 0.000185569 7.15894e-05
0.25901 0.223595 0.153855 0.101911 0.102746 0.0964197 0.0624117 2.07008e-05 3.07554e-05
0.263728 0.19896 0.165177 0.104315 0.112571 0.0982804 0.0566813 5.17291e-05 0.000228666
0.21778 0.258139 0.154463 0.0936 0.118045 0.099322 0.0576445 0.00045222 0.000542364
0.224819 0.255122 0.148218 0.127052 0.0980155 0.0870642 0.0593712 6.77097e-05 0.000152795 5.79952e-05 2.52152e-05 1.88344e-05
0.255442 0.210094 0.161564 0.106806 0.092303 0.100173 0.0722168 8.6461e-05 0.00112912 0.000154715 2.32878e-05 6.48389e-07 2.96946e-06
0.270762 0.205544 0.160002 0.105359 0.100514 0.10078 0.0569478 2.22471e-05 2.30705e-05 9.87919e-06
0.267907 0.212864 0.149156 0.11304 0.101635 0.102129 0.0531095 0.000140056 8.18281e-07 8.86969e-06 9.00684e-06
0.262052 0.206889 0.154953 0.102906 0.116227 0.0928067 0.0641319
0.211008 0.25713 0.159912 0.101128 0.108743 0.0970643 0.0646089 7.64224e-05 0.000250642 4.86172e-05
0.195532 0.273784 0.153917 0.101525 0.115159 0.0923872 0.0668661 0.000817581
0.211348 0.245336 0.155887 0.117118 0.112766 0.0965946 0.0608786
0.278878 0.202001 0.154189 0.102599 0.103966 0.0960838 0.0622728
0.200354 0.28534 0.148161 0.101865 0.110387 0.0938531 0.0590072 0.000946535 4.91078e-05
0.199127 0.270086 0.173201 0.109549 0.0971076 0.0899019 0.060306 0.000635014 6.36929e-05
0.214387 0.263735 0.161655 0.115487 0.0843648 0.103878 0.0563849 7.74572e-05
0.187376 0.27578 0.146651 0.116992 0.106602 0.101096 0.0651989 0.000144108 3.5649e-05 1.44444e-05 3.04287e-05 2.301e-05
0.27452 0.199784 0.155352 0.102974 0.100578 0.104421 0.0620183 6.14732e-06 0.000315777
0.269164 0.202386 0.139658 0.114017 0.111795 0.0974097 0.0651258 0.000288143 4.65662e-05 4.64024e-05 1.31589e-05 1.61938e-05 2.12702e-05
0.271545 0.208991 0.144878 0.110477 0.108219 0.0899846 0.0654115 6.52669e-05 0.000117196 8.56516e-05 0.000173796
0.200493 0.274576 0.159448 0.104461 0.110852 0.0821419 0.0679858 2.25943e-05 1.57893e-05
0.207497 0.278442 0.147581 0.107538 0.0891138 0.10501 0.0644336 8.10964e-05 0.000193428 3.46911e-05 1.31263e-05 4.5244e-05
0.20829 0.148262 0.263691 0.100713 0.0976051 0.111329 0.0696015 0.000444795 4.56208e-05
0.202505 0.273992 0.150059 0.102422 0.0953212 0.111093 0.0642361 1.17121e-05 0.000310454 1.50424e-05
0.209068 0.259218 0.149289 0.102374 0.108346 0.114621 0.0569725 9.60769e-05 1.58359e-06 2.07856e-06 6.65916e-06
0.201882 0.257323 0.14726 0.105549 0.10613 0.125447 0.0550119 0.000417708 3.56549e-05 0.000228265 0.000269172 0.000133058 5.70412e-06 5.67382e-05 4.50957e-05 0.00012068 4.76652e-05 1.43188e-05 2.72335e-07 1.64863e-05 3.23391e-06 2.5542e-06 1.70517e-07 3.18155e-07 7.66429e-07 3.87324e-07
0.273557 0.210313 0.151744 0.0933403 0.101279 0.110634 0.0580468 1.56689e-05 0.000253392 0.000323197 2.08341e-05 0.000393847 5.47174e-05
0.264532 0.205943 0.160974 0.0994419 0.0899676 0.0641489 0.114428 0.000325477 5.62617e-05 0.000170539
0.206295 0.259669 0.156237 0.0955438 0.0996768 0.0585617 0.12392 2.74826e-05 3.97085e-05 2.25266e-05
0.211495 0.256394 0.160731 0.0923741 0.101626 0.062944 0.114396
0.203525 0.254667 0.151132 0.0925617 0.107494 0.0656847 0.124725 0.00015432 1.6066e-05 3.24399e-05
0.195628 0.268059 0.166935 0.103315 0.0676619 0.0845454 0.113779 2.58612e-05 7.5727e-06
0.205927 0.250016 0.158845 0.0959606 0.0679278 0.107838 0.113366 6.04736e-05 2.48079e-05 1.68137e-05
0.221561 0.270829 0.152275 0.101319 0.105126 0.0664733 0.0816134 0.000793096
0.218668 0.257548 0.145556 0.0961498 0.117647 0.107126 0.0573044
0.199808 0.265731 0.147384 0.108515 0.110474 0.101027 0.066953 8.03764e-05
0.205882 0.27006 0.154559 0.0911741 0.111569 0.064575 0.102144 3.23253e-06 3.15821e-05 2.87034e-07 1.31809e-06
0.217753 0.256835 0.154343 0.0982327 0.112642 0.0636706 0.0962483 3.70109e-05 0.000102718 8.8811e-06 3.80123e-05 2.63041e-05
0.267133 0.208951 0.153394 0.0990996 0.110325 0.0590858 0.100999 0.000885893 8.33678e-05 4.45038e-06 3.7458e-05
0.264256 0.201195 0.152519 0.108365 0.0647921 0.115426 0.0931938 7.27163e-05 9.97234e-05 5.42058e-05 2.13063e-05
0.252442 0.197686 0.146896 0.103544 0.058038 0.134664 0.106166 0.000526253 2.02102e-05
0.203467 0.255154 0.146811 0.0925314 0.0648943 0.130212 0.106224 0.000544712 3.15367e-05 1.66686e-05 7.31433e-05 2.25711e-05
0.277185 0.200718 0.166016 0.0970671 0.0578842 0.109707 0.0913288 8.42064e-05
0.270448 0.205527 0.149994 0.100678 0.106578 0.0578551 0.108849
0.201277 0.25264 0.154494 0.101878 0.125416 0.0516713 0.112263 0.000197344 5.06812e-06 4.36634e-05
0.205855 0.266805 0.168219 0.11706 0.105676 0.0492141 0.087054 8.38885e-05
0.278567 0.204205 0.145857 0.115969 0.105837 0.0626453 0.0868009 3.12073e-05
0.251936 0.206965 0.161988 0.119493 0.0980381 0.0607848 0.100118 0.000251632 0.000224629 6.47574e-05 6.42184e-05 1.95072e-05
0.269614 0.210176 0.156349 0.115166 0.0985712 0.0635323 0.0860273 0.00012234 0.000418912
0.25673 0.206899 0.177121 0.118358 0.0882227 0.0918211 0.0603172 1.10589e-05 7.98507e-05 0.000243638 6.11278e-05 7.56308e-05 1.07268e-05 3.92282e-05
0.247332 0.216348 0.158877 0.107891 0.117537 0.0909084 0.0603532 0.000416571 0.000198481 7.57564e-05 3.52474e-05 4.14959e-06
0.268431 0.201589 0.106935 0.149494 0.12351 0.0948208 0.0549618 9.78243e-05 0.000109148 5.87438e-06 2.25727e-05 1.96949e-05
0.254326 0.195069 0.15055 0.113555 0.132099 0.092881 0.0615127
0.270797 0.19622 0.165811 0.114993 0.10185 0.0932539 0.0561095 0.000220035 0.000277928 0.000461625
0.264753 0.205549 0.12473 0.145521 0.107906 0.0885532 0.0623991 0.000555781 1.22516e-05 2.73994e-06 2.02642e-06
0.264986 0.208702 0.108693 0.103323 0.157435 0.0936099 0.0631589 6.21373e-05
0.271663 0.191552 0.113898 0.107344 0.162881 0.0594819 0.092798 0.000228255 2.79153e-05 7.98786e-05
0.264139 0.198032 0.106329 0.117102 0.155589 0.0630406 0.0956257 5.74808e-05 6.75578e-05
0.202337 0.267554 0.103871 0.126186 0.144674 0.0598148 0.0951597 0.000253694 0.000133584
0.207023 0.249438 0.104363 0.1553 0.115789 0.0695343 0.0985026
0.201893 0.262998 0.117037 0.145922 0.125727 0.091892 0.0545147 1.52815e-05
0.2028 0.257763 0.111911 0.157174 0.0978677 0.111727 0.060603 5.63273e-05 6.0323e-05
0.201657 0.262513 0.112012 0.147171 0.111759 0.102485 0.0621075 0.000156317 9.00411e-05 3.87874e-05 6.26311e-06
0.213177 0.266364 0.140532 0.105087 0.103894 0.101501 0.0694008 1.35707e-05 2.22849e-05 7.39463e-07 6.19058e-06
0.190484 0.262494 0.158988 0.102332 0.116413 0.0761546 0.0920464 9.40066e-05 0.000741052 8.54707e-05 2.64567e-05 0.000131258 9.76558e-07 4.89506e-07 7.83261e-06
0.201581 0.159205 0.264393 0.10371 0.113344 0.0596284 0.0979158 0.000137918 4.39671e-05 3.2736e-05
0.203717 0.152069 0.266318 0.10701 0.0996948 0.0592286 0.110324 0.000338683 0.00102379 0.0002092 1.9552e-05 4.34822e-05
0.190153 0.155674 0.120893 0.272822 0.108599 0.0577169 0.0938843 0.000203583
0.207882 0.155061 0.27543 0.104799 0.103324 0.0662379 0.0866409 0.000249381 0.000159213 3.87235e-05 6.79486e-05
0.201326 0.149386 0.114691 0.267058 0.102531 0.0606331 0.104022 4.13481e-05 0.00015099 6.40238e-05 8.81625e-05
0.214454 0.149512 0.105455 0.269675 0.101788 0.0525643 0.105241 0.00117687 2.46646e-05 7.96952e-06 2.07211e-05 5.15008e-05 2.26879e-05
0.20543 0.159529 0.260272 0.109789 0.101901 0.0669107 0.096015
0.200954 0.267312 0.14678 0.121574 0.0984075 0.0626165 0.102313 3.00222e-05 1.27993e-05
0.243866 0.206665 0.16307 0.124609 0.100951 0.0680053 0.0923325 7.00028e-05 1.58056e-05 0.000285319 4.6314e-05 2.23967e-05 1.25389e-05 4.05718e-05
0.251835 0.198369 0.154321 0.121119 0.112961 0.059644 0.101697 1.52982e-05 1.14643e-05
0.260204 0.150767 0.193004 0.120946 0.114699 0.0627089 0.0965765 0.000829967 0.000124856
0.270919 0.146012 0.197781 0.124332 0.0993915 0.103443 0.0579295 5.05509e-05 0.000129549
0.262704 0.156157 0.186458 0.127249 0.111783 0.0561199 0.098915 0.000438341 6.58529e-05
0.262338 0.192233 0.158724 0.125816 0.102291 0.0604552 0.0979148 9.3297e-05 3.6523e-05 9.65823e-05
0.254082 0.19863 0.171824 0.116207 0.105064 0.0915264 0.0614116 0.000270628 0.000134165 0.00084651
0.259272 0.200027 0.162824 0.112671 0.113137 0.0944829 0.0574405 0.000129194 7.39806e-06
0.259489 0.199306 0.116948 0.157295 0.112038 0.0999715 0.0545115 0.000252793 0.000138991 2.63555e-05 1.11225e-05
0.222981 0.241267 0.11334 0.15932 0.10965 0.0944103 0.0581864 0.000767423 8.94421e-06 6.81644e-05
0.200634 0.10696 0.262986 0.185936 0.0992603 0.0854825 0.0585949 2.75066e-05 4.32862e-05 2.34977e-05 1.35873e-05
0.117279 0.195967 0.285616 0.148398 0.107924 0.0866327 0.0569601 0.000383782 0.000654696 0.000103187 2.50282e-06 4.44656e-05
0.129473 0.258634 0.192209 0.160161 0.113588 0.0893793 0.0562841 0.000110108 1.30157e-05 4.22679e-06 0.000102178
0.114308 0.255312 0.225015 0.100324 0.155562 0.0945437 0.0548723
0.121192 0.233547 0.208663 0.169936 0.112436 0.0950819 0.0580215 0.000298866 0.000344065 2.97807e-05 5.08259e-05 4.52507e-05 3.88278e-05 0.000286817 2.75577e-05
0.118617 0.264535 0.149323 0.200685 0.0999329 0.0936395 0.0727013 0.000142387 9.11929e-05 0.000281975 1.83063e-05 5.00968e-06 5.62007e-06 2.55823e-06 1.33928e-05
0.252202 0.116011 0.158262 0.210494 0.102721 0.0903048 0.069305 0.000230259 6.22968e-05 0.00034726
0.249238 0.112626 0.158613 0.207953 0.115983 0.086624 0.0661525 0.000601582 0.000426179 0.00133465 0.000255132 1.27953e-05 5.50321e-05 2.30029e-05 4.89796e-05
0.243473 0.124889 0.169257 0.198883 0.0936069 0.113445 0.0557026 0.000370061 0.000102897 8.79406e-05 7.67145e-05 3.68596e-05
0.264092 0.119644 0.155865 0.208427 0.0962691 0.103962 0.0513292 0.00019248 8.43217e-05 3.57708e-05 4.53709e-06 6.53344e-05 2.86847e-05
0.262623 0.114429 0.164343 0.0890135 0.200446 0.110069 0.057712 0.00103054 0.00011934 7.67217e-06 0.000192634
0.25827 0.118085 0.148972 0.0988311 0.2051 0.106417 0.0638354 0.000185671 0.000123666 0.00015783
0.271236 0.113956 0.153096 0.20244 0.0979754 0.10439 0.0567963 3.18278e-05 4.55961e-06 7.04426e-05
0.117886 0.250462 0.163557 0.213666 0.0882839 0.107315 0.0582028 0.000189536 0.000251039 7.60439e-05 2.1148e-05 8.31374e-05
0.126832 0.250856 0.197624 0.161952 0.0971996 0.106493 0.0580269 0.000555312 0.000229805 0.000202204
0.116769 0.274726 0.20602 0.150549 0.0933414 0.095632 0.0625042 0.000270087 0.000120509
0.266741 0.118783 0.205753 0.1531 0.0977886 0.0964678 0.0613216 2.71407e-06 3.80773e-05
0.266614 0.111455 0.189115 0.157372 0.110579 0.101102 0.0635669 4.93952e-05 6.57534e-05 2.27478e-06 5.54186e-05 4.63049e-06 1.0254e-05 5.4891e-07 7.89255e-06
0.261388 0.11565 0.208987 0.153553 0.106452 0.0943479 0.0593148 0.000135183 0.000106872 5.63975e-05 6.46716e-06 2.77617e-07 1.88721e-06
0.27299 0.102657 0.206133 0.163999 0.0974646 0.0901823 0.066526
0.259207 0.118984 0.204041 0.161778 0.0987171 0.0901793 0.0654815 0.000828618 7.76417e-05 4.89996e-06 0.000291403 0.000141708 3.48676e-05 6.25959e-05 0.000155702
0.243987 0.219608 0.132997 0.161387 0.0888224 0.0900508 0.0621751 0.000853288 7.45403e-05
0.21281 0.281337 0.114338 0.144238 0.0818194 0.0974207 0.0672509 0.000679834 7.55739e-05
0.214741 0.275401 0.112406 0.158422 0.0895911 0.0909828 0.0582229 0.000124141
0.208632 0.257838 0.118094 0.166392 0.0857994 0.0988742 0.0637701 0.000427831 6.17389e-05
0.220099 0.252759 0.164679 0.116791 0.090337 0.098422 0.0562805 0.000195227 0.000116859 1.65551e-05 5.68233e-05 0.000132564 6.55555e-05 2.90344e-05 1.92217e-05
0.207859 0.253559 0.150743 0.122672 0.0974792 0.0969483 0.0704865 0.000233567
0.269747 0.198244 0.16496 0.117222 0.0978672 0.0887688 0.0631815
0.250401 0.157467 0.208956 0.10515 0.112856 0.0903967 0.074772
0.270437 0.159339 0.196375 0.102748 0.120977 0.0929126 0.0572127
0.264196 0.140398 0.196938 0.111149 0.116357 0.102054 0.068885
0.262961 0.155021 0.200731 0.10617 0.101868 0.110744 0.0621657 0.000281895
0.267233 0.155614 0.204042 0.0900975 0.111179 0.104562 0.0670632 0.0001416 6.50056e-05
0.275324 0.149871 0.217981 0.111601 0.0884528 0.0980793 0.0586744
0.271575 0.184819 0.145975 0.128947 0.110103 0.091568 0.0669878
0.207419 0.27102 0.152821 0.122419 0.0914483 0.0931407 0.0607312 0.00100044
0.283816 0.206275 0.151485 0.119749 0.101228 0.0857663 0.0516726
0.258062 0.198373 0.128308 0.158618 0.106516 0.0971058 0.0529673
0.253025 0.200232 0.125116 0.165996 0.0928159 0.101923 0.0606544 0.00012026
0.197804 0.246521 0.114105 0.163715 0.102766 0.109077 0.0659975
0.209738 0.258041 0.110095 0.149983 0.101984 0.0983628 0.0714531 4.5425e-05 0.000180358 0.000108131
0.187087 0.275482 0.126441 0.154666 0.0837454 0.106649 0.0656032 7.84619e-05 9.17488e-05 4.14959e-05 9.08294e-05
0.190049 0.269612 0.126547 0.150126 0.105825 0.0838595 0.0732503 0.00032705 0.000365494
0.242626 0.192102 0.123542 0.162866 0.108127 0.106282 0.0639271 0.000457612
0.207007 0.266641 0.121693 0.149102 0.102523 0.0922013 0.0604298 1.68863e-05 0.000221878 0.000112877 5.12814e-05
0.191832 0.270707 0.113474 0.158838 0.105108 0.107227 0.0527624 4.14648e-05
0.202683 0.130805 0.262757 0.145905 0.100079 0.105864 0.0517067 6.08417e-05 4.69611e-05 1.01133e-05 2.98625e-05 5.15615e-05
0.222238 0.112065 0.253589 0.146731 0.0968758 0.104371 0.064067 3.8712e-05
0.215682 0.124213 0.259305 0.153796 0.0986508 0.0832489 0.0650718 9.90197e-06 1.07673e-05 9.33972e-08 1.09853e-05
0.119876 0.20584 0.259271 0.151771 0.102816 0.10142 0.0590043
0.12264 0.20377 0.248545 0.152259 0.0958408 0.115983 0.0607147 0.000164829 5.41284e-05 1.21699e-05
0.111401 0.198324 0.158178 0.269791 0.0956301 0.109604 0.056808 0.000117687 0.000113678 1.94939e-05
0.118218 0.21568 0.151572 0.266641 0.0858179 0.102373 0.0592524 0.000136692 0.000159241 0.000132333
0.118828 0.207186 0.152358 0.257375 0.0939774 0.10812 0.0614314 0.00050926 0.000196156
0.11557 0.215905 0.165956 0.264022 0.0961327 0.0848845 0.0574467 2.81678e-06 2.18548e-05 4.24423e-05
0.107745 0.215524 0.15995 0.263413 0.0972632 0.0954628 0.0602367 5.5496e-05 0.000183335 6.54817e-05
0.117621 0.215047 0.151293 0.260172 0.096274 0.0571043 0.102291 9.1265e-05 2.8017e-05 2.43815e-05
0.125928 0.226099 0.255397 0.137936 0.0838197 0.063297 0.107051 8.09639e-05 0.000296271 8.36872e-05
0.122019 0.213783 0.259695 0.152982 0.0998594 0.0939349 0.056933 0.000376798 0.000311346 5.77982e-05 2.4225e-06 3.55226e-05
0.113643 0.259561 0.195575 0.15945 0.107978 0.108824 0.0542476 0.00059945 8.31786e-05 2.66111e-05 1.93189e-06 5.73592e-06
0.11608 0.203112 0.268643 0.155502 0.0908639 0.110211 0.0555674
0.103117 0.215358 0.262424 0.15967 0.0867549 0.0645696 0.108084
0.215885 0.112182 0.253405 0.151346 0.0975358 0.0590688 0.110515 5.48011e-05
0.110675 0.197304 0.2815 0.145712 0.0977099 0.0672317 0.0992997 0.000139184 0.000427484
0.134494 0.196642 0.255417 0.101657 0.15256 0.0528011 0.106407
0.125506 0.208741 0.248453 0.15342 0.0987802 0.0595185 0.105582
0.122548 0.193921 0.255828 0.16758 0.0607636 0.0957911 0.103502
0.116512 0.267305 0.205209 0.157006 0.0581589 0.0833748 0.112429
0.118874 0.206155 0.273153 0.150108 0.0703262 0.0865591 0.094824
0.121616 0.194789 0.27124 0.154856 0.0621975 0.104605 0.0903663 6.07722e-05 0.00026891
0.214853 0.120867 0.255458 0.155202 0.0618723 0.102648 0.0887351 6.25328e-08 0.00022335 0.000129898
0.207535 0.117513 0.152656 0.26246 0.0563295 0.109739 0.0937108 5.26469e-05
0.131336 0.204814 0.15809 0.270869 0.0554221 0.0926472 0.0863656 0.000242675 0.00020231
0.119391 0.157321 0.198696 0.269754 0.0658115 0.098493 0.0904233 0.000105207
0.11578 0.197713 0.159693 0.264048 0.0573883 0.101749 0.10349
0.119682 0.207777 0.158271 0.244092 0.10893 0.0553398 0.105608 2.21346e-05 0.000120841 0.00010881 7.31281e-06 3.49712e-05
0.12212 0.198175 0.152681 0.263374 0.1093 0.0635456 0.0907013
0.122929 0.203862 0.144528 0.256107 0.111595 0.102701 0.0580155 0.000219627
0.206798 0.116231 0.170138 0.246186 0.104606 0.103831 0.0521072 5.55822e-06
0.214326 0.115729 0.161935 0.266572 0.094526 0.0940592 0.0525315 8.13593e-06 3.89365e-05 0.000147736 0.000124133
0.204947 0.123028 0.151586 0.254701 0.105259 0.102078 0.0581861 0.000184288
0.216766 0.126164 0.159589 0.256 0.0900499 0.104992 0.0458654 0.000443845 0.00012999
0.212987 0.1311 0.16121 0.251405 0.101797 0.0893492 0.0520707
0.212305 0.137242 0.157283 0.246452 0.104507 0.0910709 0.051138
0.212831 0.14555 0.138884 0.255962 0.0950258 0.0902393 0.0615051
0.144953 0.219224 0.12891 0.254514 0.0983129 0.098594 0.0554699
0.160451 0.124667 0.220663 0.253322 0.101153 0.0838951 0.0547562 0.000483512 0.000238595 0.000367739
0.129406 0.155972 0.204753 0.257945 0.102658 0.0916792 0.0574902 3.33617e-05 6.25705e-05
0.118687 0.140986 0.215912 0.106545 0.271505 0.0860838 0.0602581 1.345e-05
0.112336 0.159713 0.198217 0.104372 0.268444 0.0928946 0.0638152 0.000103944 9.39215e-05
0.116594 0.201211 0.139078 0.128485 0.261585 0.091337 0.0615607 7.87317e-05 5.59169e-05 9.88626e-06 2.72151e-06 2.15343e-06 4.37139e-07
0.220809 0.115326 0.14285 0.0987877 0.257915 0.101295 0.0620337 0.00031781 8.86947e-05 0.000420869 4.3553e-05 0.000102557
0.234351 0.10315 0.153412 0.105299 0.255199 0.0927471 0.0557165 8.0959e-05 3.01282e-05
0.11498 0.217428 0.144611 0.0979163 0.276833 0.0895499 0.05856
0.12102 0.156499 0.201051 0.112579 0.260437 0.0897558 0.0586422
0.107187 0.163477 0.195501 0.270413 0.103314 0.0981828 0.0619242
0.115898 0.153103 0.21562 0.267653 0.0983685 0.0823182 0.0666017 0.000353095 6.05918e-05 8.99849e-06 1.10522e-05
0.128315 0.143794 0.259609 0.211621 0.10283 0.0960657 0.0576542
0.109371 0.168602 0.203135 0.259081 0.097587 0.0916608 0.0697013 0.000839838
0.123003 0.148159 0.201886 0.264985 0.09647 0.0971608 0.0681753 3.73138e-05 0.000117428
0.126136 0.214032 0.169 0.245165 0.0853312 0.0965213 0.0637205 7.13952e-05
0.106717 0.217345 0.158804 0.270244 0.0861583 0.0955833 0.0651423
0.11206 0.210804 0.152888 0.257047 0.110643 0.0855383 0.0709483 7.13417e-05
0.115441 0.211477 0.144485 0.259698 0.0934595 0.111899 0.0633606 8.59138e-05
0.11865 0.213438 0.153287 0.262004 0.0901931 0.103692 0.0585258 9.04742e-05 8.71107e-05 2.02279e-05
0.119389 0.205535 0.248971 0.151644 0.101269 0.104218 0.0687697 0.000146062 2.36267e-05 2.11164e-05
0.107848 0.204707 0.156839 0.267042 0.0854815 0.112158 0.0653397 6.08088e-05 0.000381695 0.000131558
0.116126 0.197152 0.261671 0.144632 0.0904268 0.115817 0.0731152 0.000982038 7.62157e-06 3.17801e-05
0.114694 0.208603 0.260838 0.153331 0.112399 0.0892923 0.0605984 2.4728e-05 0.000108383 6.19849e-05 1.19009e-05 2.62463e-05
0.115695 0.269125 0.203746 0.151782 0.102582 0.092361 0.0646996
0.105939 0.216854 0.255181 0.164309 0.107835 0.0884304 0.0605038 0.000468255 2.06586e-05 0.000146902 0.00012107 0.000146389
0.21234 0.107424 0.267467 0.146409 0.111478 0.0995328 0.0550436 0.000268569 1.2205e-06 7.72844e-07 2.04983e-05
0.21956 0.254128 0.120024 0.14749 0.102347 0.0948908 0.0612677 0.000106575 7.68547e-05 2.64352e-05 9.17572e-07 1.94663e-05 4.60053e-05 9.83189e-06
0.258921 0.195139 0.120648 0.162407 0.0974858 0.0905565 0.0746367 0.000193221 7.38693e-06 3.04963e-06
0.263964 0.204157 0.114614 0.151033 0.105941 0.0615967 0.098545 0.000111522 1.79451e-06 3.15205e-06 2.19515e-05
0.253783 0.212735 0.118679 0.163351 0.100926 0.0632114 0.0872033
0.249598 0.211296 0.125098 0.151095 0.102374 0.0683935 0.0920518 9.25604e-05
0.275424 0.195093 0.159837 0.112055 0.0917143 0.0704585 0.0954124
0.202219 0.26386 0.159172 0.115134 0.0952661 0.0598336 0.10441 5.83948e-06 4.3145e-05 1.15697e-05 2.28958e-05 1.87907e-05
0.199845 0.161255 0.256952 0.11723 0.104263 0.0633694 0.0967243 0.000128074 0.000118948 7.29065e-05 2.85508e-05
0.162264 0.175421 0.278057 0.112403 0.111949 0.0615038 0.0983752
0.152446 0.206911 0.265407 0.129031 0.0534401 0.0956062 0.0967472 0.000307064
0.165367 0.277222 0.18931 0.111517 0.0588065 0.111481 0.0862208
0.151014 0.281811 0.193081 0.0577657 0.125351 0.0951925 0.0954795 8.99058e-05 0.000152982
0.158321 0.258438 0.205288 0.130475 0.0584851 0.0993491 0.0896104 1.55552e-05 6.19948e-06 9.84037e-06
0.145498 0.267568 0.207452 0.112258 0.0565994 0.111431 0.0987837 3.46594e-05 7.13664e-05 0.000210987 4.36976e-05 5.91786e-06 3.9512e-05
0.264623 0.137555 0.216517 0.121121 0.0571149 0.0979499 0.105071
0.243764 0.159051 0.121586 0.211994 0.0577101 0.0926794 0.113132
0.268608 0.156185 0.118164 0.182318 0.1072 0.0615965 0.105334 0.000128042 0.000130025 9.29014e-05 0.000142746 7.60998e-05 1.08096e-05 8.987e-06 2.16481e-06 2.4927e-06
0.2507 0.125527 0.146863 0.19963 0.116464 0.0639805 0.0963155 0.000310102 4.78009e-05 4.87489e-05 0.000108566
0.24964 0.108376 0.160327 0.200354 0.108373 0.0974958 0.0738826 0.00066097 0.000620657 0.000226704 1.71789e-05 2.00451e-05
0.264625 0.120991 0.148389 0.1988 0.0936414 0.10654 0.0670084 5.13266e-06 6.1818e-08 5.73321e-07 8.35789e-08
0.275834 0.115562 0.154128 0.205208 0.0968573 0.0975895 0.0541954 0.000602638
0.264441 0.119534 0.154425 0.205308 0.103958 0.0974718 0.0536334 0.00122829
0.269349 0.113249 0.167611 0.188173 0.103628 0.092546 0.0649445 0.000380687 3.27717e-05 8.1793e-05
0.265384 0.11722 0.165397 0.201544 0.108381 0.0886039 0.0534544
0.270611 0.126078 0.150887 0.195416 0.106121 0.058652 0.0919146 8.36997e-06 0.000297843
0.239074 0.124483 0.154154 0.117592 0.20945 0.0600125 0.0951962 1.40204e-05 1.99147e-05
0.268802 0.124358 0.146116 0.0974227 0.0736664 0.191264 0.0982224 0.000146543
0.253115 0.151698 0.120636 0.119687 0.0662988 0.199742 0.08833 0.000361575 0.000120039
0.269153 0.156476 0.118058 0.10742 0.195749 0.0592215 0.093895
0.256859 0.150258 0.107334 0.101855 0.209489 0.0663713 0.105364 0.000841711 6.59201e-06 0.000739522 0.000234938 2.74748e-05 0.00033989 0.000228988
0.254417 0.150076 0.116906 0.106688 0.206821 0.107925 0.0571561
0.260558 0.15944 0.124554 0.105144 0.194237 0.102365 0.0522823 0.000943713 5.85864e-05 0.000276831 6.94653e-05 4.3894e-05
0.260467 0.153023 0.112698 0.103043 0.110259 0.203344 0.0571246
0.264375 0.162832 0.120757 0.107555 0.097196 0.190321 0.0556914 0.000387461 0.000615802 5.94896e-05 7.04829e-05 5.93143e-05 3.27128e-05
0.271462 0.119105 0.160351 0.110807 0.0867005 0.200564 0.0483839 0.000508242 0.00165297 0.000150018 0.000281865
0.248815 0.116293 0.145242 0.112958 0.10988 0.198456 0.0683123 3.66082e-05 3.95874e-06
0.260897 0.109003 0.173059 0.107232 0.191166 0.102637 0.0557764 0.000145705 6.00702e-05 2.338e-05
0.251074 0.127645 0.144016 0.0989345 0.214022 0.0627007 0.100551 0.000595139 0.000263858 4.80382e-05 6.41312e-05 3.32347e-05 8.45725e-06
0.270809 0.112032 0.159557 0.104843 0.05697 0.202249 0.0932585 1.72135e-06 0.00010569 0.000132639
0.265982 0.123594 0.0990077 0.164115 0.0570815 0.190374 0.0994717 6.81171e-05 0.000129556 0.000115031
0.279645 0.104611 0.113237 0.162655 0.060665 0.175064 0.103559 0.000488941 2.95105e-05 1.57104e-05 2.06737e-05
0.268179 0.121844 0.103316 0.166173 0.0603343 0.194566 0.085474 4.16719e-05 2.97689e-05
0.273891 0.117689 0.0985537 0.150665 0.061727 0.206013 0.0911803 0.000126194 9.11056e-05 2.80098e-05 3.28767e-05
0.275982 0.103778 0.100698 0.0629707 0.153842 0.21062 0.0920508 3.30735e-05 4.43242e-06 2.11506e-05
0.274506 0.0921219 0.123917 0.060558 0.166144 0.183722 0.0977555 0.00106691 0.00011326 3.44159e-05
0.253774 0.100328 0.112621 0.0663308 0.206882 0.152858 0.106734 8.02595e-05 8.34015e-05 0.000267209
0.281237 0.112425 0.115354 0.061851 0.141897 0.176868 0.109993 0.000358525
0.266466 0.0905922 0.130787 0.152398 0.0724288 0.190005 0.0971867 0.000125258
0.265002 0.100937 0.160577 0.125066 0.0603148 0.18649 0.101336 0.000256878
0.268457 0.115958 0.15676 0.103426 0.07035 0.188268 0.0965488 0.000222681
0.268279 0.1047 0.157735 0.110901 0.195396 0.0632676 0.0997181
0.26855 0.0987056 0.147812 0.115626 0.199041 0.0706145 0.0995195 0.000126576
0.273963 0.154268 0.108578 0.0959428 0.19614 0.0629401 0.107821 1.70759e-05 4.64394e-05 0.000147367 4.0088e-05 3.77563e-06 1.40985e-05 1.38644e-05 1.54145e-05 2.43214e-05
0.26726 0.156105 0.105456 0.109904 0.194197 0.0706719 0.0962478 0.000110772 1.57778e-05
0.261447 0.152671 0.113583 0.117612 0.196953 0.0646771 0.0921971 0.000309605 0.000475598
0.280989 0.155003 0.100388 0.125789 0.197659 0.0773827 0.0620103 0.00065258 2.2713e-05 2.11384e-05 7.76892e-05
0.279437 0.153075 0.0930094 0.106688 0.212139 0.0910825 0.0644786
0.281207 0.107129 0.164948 0.119169 0.17007 0.0971193 0.0595496 0.000184843 0.000508132 3.78236e-05 1.56409e-05 2.61171e-05 2.80056e-06 6.77101e-07 2.35768e-05
0.254086 0.108507 0.159384 0.113786 0.209178 0.0590449 0.0957416 0.000132769 8.98459e-06 6.98534e-05 1.79737e-06 1.31098e-05 5.99944e-06 2.35978e-05 1.17124e-05 5.89952e-07 3.90398e-06
0.274572 0.0992641 0.155565 0.199076 0.114348 0.0641381 0.0922916 0.000219268 0.000406987 1.74646e-05 3.12055e-05 5.55155e-05 2.40035e-06 7.74989e-06 3.69616e-06
0.263433 0.102104 0.157129 0.206729 0.118347 0.0867723 0.0651805 0.000125045 1.29439e-05 0.000129904
0.257171 0.158218 0.106609 0.206716 0.109487 0.0982326 0.0628247 0.000669861 4.66131e-05
0.26873 0.156549 0.119835 0.194292 0.105036 0.0622839 0.0925568 0.000105081 0.000586614
0.284263 0.14328 0.114035 0.189851 0.103924 0.105219 0.0589879 0.000120537 3.64078e-06 5.19794e-05 9.26631e-05 0.000117735
0.28229 0.149094 0.106773 0.199867 0.113229 0.0899218 0.0588073
0.267754 0.108794 0.145406 0.202665 0.119331 0.100744 0.0547814 0.000506227
0.273585 0.103163 0.147932 0.205146 0.0950726 0.112367 0.0625751 0.000156762
0.106667 0.263169 0.152974 0.19595 0.0895625 0.127122 0.0645447
0.107879 0.25345 0.156817 0.193462 0.099332 0.124095 0.0647376 0.000171622
0.115513 0.141449 0.269001 0.204369 0.109931 0.104664 0.055047
0.104189 0.162905 0.184477 0.262138 0.110481 0.114279 0.0612167 2.46603e-05 0.000159272 8.15582e-06 3.81486e-05 3.93677e-05 2.3845e-05 1.66018e-05
0.150048 0.103134 0.203024 0.265537 0.103967 0.109725 0.0643995 3.1106e-05 0.000106911 8.92884e-06 7.75459e-06
0.160109 0.0913856 0.209727 0.256561 0.108387 0.09978 0.0736133 7.95704e-06 0.000199618 0.000152206 7.28599e-05 2.39527e-06 1.23667e-06
0.156021 0.105887 0.199836 0.270444 0.121129 0.0891057 0.0572457 0.000254575 7.12715e-05
0.164295 0.107655 0.190561 0.118877 0.266675 0.0964601 0.0547116 0.000538786 7.17874e-05 0.000139007
0.159392 0.106723 0.191595 0.108857 0.259309 0.111994 0.0611654 0.000527885 0.000349761
0.176836 0.108548 0.189399 0.118026 0.242111 0.114753 0.0493553 0.000584771 0.000189812 0.000131811 5.06604e-05
0.113152 0.148743 0.217584 0.122631 0.250583 0.0858998 0.060629 0.000171086 0.000558642 1.78412e-05
0.123277 0.154343 0.197292 0.258092 0.123707 0.0876648 0.0556072
0.116623 0.161116 0.201313 0.118638 0.245051 0.096608 0.0600658 0.000326463 0.000150112
0.166949 0.120467 0.19392 0.117773 0.23769 0.104087 0.0587393 0.000372755
0.152296 0.109836 0.105213 0.184407 0.276204 0.107715 0.064222
0.16292 0.0941366 0.194994 0.135701 0.256158 0.0883857 0.0671956 9.43217e-05 6.00544e-05 0.000328692 1.27938e-05
0.101252 0.167393 0.207436 0.107287 0.253646 0.106058 0.0561088 0.000387006 3.24602e-05 0.000285969 5.11781e-05 6.14359e-05
0.100082 0.151105 0.201617 0.120568 0.264858 0.101351 0.060038 0.000218373 0.000117888
0.107651 0.158554 0.193039 0.119033 0.253962 0.0990312 0.0685664 0.00016095
0.103473 0.144511 0.207932 0.113656 0.271569 0.0997734 0.0584914 0.000515892 7.87174e-05
0.10942 0.148138 0.104694 0.207392 0.276162 0.09693 0.0566107 0.000116251 0.000273095 0.000134735 5.22336e-05 5.08122e-05 1.21584e-05
0.109117 0.147816 0.112649 0.262675 0.208095 0.0936693 0.0654183 0.000267694 3.60275e-05 7.38192e-05 2.36938e-05 3.80387e-05 7.76362e-05 6.59873e-06 8.29369e-06 4.10657e-06 6.81248e-06 1.1219e-05 1.48579e-06 7.88074e-07 1.34251e-06 3.19151e-06
0.110584 0.157299 0.107281 0.253061 0.20738 0.0936038 0.0690068 0.000411749 0.000287193 0.000794577 8.00403e-05 8.59499e-05 8.29573e-05 2.20533e-06 3.68597e-05 4.29104e-07 9.73355e-07
0.110995 0.118487 0.157986 0.263181 0.197142 0.0864753 0.065339 0.000122219 6.83095e-05 4.65802e-05 0.000138783
0.108668 0.122123 0.137888 0.271481 0.0970043 0.209641 0.0526052 6.3518e-05 0.000140534 0.000175798 0.000103093 7.16844e-05 1.19159e-05 6.22874e-06 1.31332e-05 9.23649e-07 6.55089e-07 8.42863e-07 2.61102e-07
0.103216 0.157986 0.115682 0.251278 0.100619 0.205932 0.0650019 0.000251847
0.102615 0.161872 0.117158 0.259357 0.0974127 0.204567 0.056528 0.000142916 5.29728e-05 0.000196923 2.49588e-05 5.93056e-05
0.112548 0.111394 0.135351 0.276535 0.0928045 0.198997 0.0722783 6.10245e-06 2.15089e-05 3.44259e-05 2.7205e-05
0.113625 0.123768 0.146183 0.2558 0.100702 0.199585 0.059956 0.000262138 8.5242e-05
0.105023 0.114462 0.285775 0.142313 0.0963366 0.197376 0.0582154 0.000161548 0.000184829 6.53463e-05 5.28344e-05 9.31625e-06 1.77594e-05
0.0981305 0.121094 0.266599 0.157874 0.203767 0.0950412 0.0569279 0.000276402 0.000271387
0.119525 0.270556 0.121864 0.148063 0.174685 0.0925937 0.0725865 6.82995e-06 7.84258e-05 3.23473e-05
0.110941 0.251752 0.109447 0.203284 0.15793 0.0981152 0.0669244 0.00118802 0.000142395 4.21606e-05 0.000162418
0.109357 0.268798 0.197979 0.115765 0.151812 0.0914009 0.0639413 7.93465e-07 0.000401007 0.000349301 6.31417e-05 6.6214e-05 2.94827e-05 2.53077e-05 1.90434e-06
0.114483 0.259444 0.195884 0.122317 0.149969 0.0572267 0.100125 3.58926e-05 0.000475643
0.0939598 0.200935 0.252337 0.111402 0.176933 0.0618673 0.102489 4.64944e-05 7.03827e-06 2.0517e-05
0.212813 0.0996255 0.263778 0.114315 0.159278 0.0512784 0.098661 0.000123117 2.26333e-06 7.91127e-05
0.195565 0.115184 0.262596 0.122063 0.150862 0.0592954 0.0942258 0.000132939 6.34147e-05
0.102637 0.212482 0.25669 0.125679 0.145903 0.0611464 0.0948555 0.000481719
0.104248 0.2325 0.22225 0.135221 0.152056 0.04986 0.10371 5.98944e-05 5.62882e-05 2.66189e-05 3.78802e-06 3.04084e-06 4.59924e-06
0.26237 0.105743 0.201821 0.124203 0.156259 0.0525171 0.0968727 0.000199731 3.66686e-06 2.83204e-07 8.67289e-06 4.93489e-07 1.75839e-06
0.118135 0.256215 0.205775 0.105045 0.163366 0.065118 0.0863122 1.14039e-05
0.102122 0.24549 0.198851 0.124998 0.169692 0.102979 0.0557434 6.56746e-06 0.000114143
0.104654 0.253183 0.209267 0.117412 0.152526 0.10383 0.0590038
0.241961 0.104706 0.208988 0.110553 0.159347 0.1119 0.062418 0.000118611
0.244745 0.0985234 0.127878 0.211043 0.156919 0.10579 0.0547404 4.13293e-05 0.000188344 2.10123e-05 1.44287e-05 6.06835e-05
0.250411 0.105921 0.117197 0.206532 0.148732 0.103761 0.0666868 0.000436973 0.000180605 6.00307e-05 6.87318e-05
0.262212 0.111984 0.207578 0.108889 0.149083 0.101521 0.0583044 0.000147739 0.000236528 7.69161e-06 3.67706e-05
0.244538 0.093011 0.213957 0.121082 0.149417 0.111219 0.0667569 1.21459e-05
0.264724 0.0827682 0.202299 0.115562 0.159282 0.111502 0.0637367 2.19192e-05 3.12526e-05
0.265723 0.20198 0.0879819 0.122704 0.158898 0.1048 0.0577762 9.95831e-05
0.257523 0.20309 0.0991907 0.115619 0.160066 0.0996442 0.0645437 0.000126607 2.96e-05 0.000161435
0.270064 0.201127 0.0961127 0.140373 0.118699 0.118612 0.0549187 2.83058e-05 2.43947e-05 3.32187e-05
0.262162 0.0969598 0.198864 0.148063 0.122044 0.111205 0.0603346 0.00032399
0.269958 0.0851723 0.208886 0.158401 0.112667 0.108652 0.0559301 4.43473e-05 0.000190839 8.14256e-05
0.251196 0.0951661 0.211698 0.14823 0.100511 0.122558 0.069836 0.000423571 0.000299083 3.66134e-05 1.24161e-05
0.270656 0.0879194 0.20166 0.152835 0.126944 0.0987377 0.0605142 0.000285034 0.000300367 9.80636e-05
0.27187 0.0872259 0.212774 0.165429 0.106753 0.102541 0.0533133 1.61897e-05 1.61071e-05 3.49517e-06 5.44104e-05
0.0931167 0.24908 0.209611 0.170299 0.118547 0.1 0.0588612 0.000255303 5.09718e-05 0.000166475
0.0893056 0.25651 0.152117 0.205765 0.123852 0.108153 0.0642891
0.0950806 0.245043 0.154668 0.221628 0.118189 0.107446 0.0579097
0.0996156 0.247503 0.155981 0.218182 0.120452 0.105443 0.0528204
0.0945939 0.26849 0.219748 0.145138 0.106683 0.105755 0.0595705 6.83645e-06 1.2776e-05
0.0871523 0.262582 0.2098 0.158171 0.106763 0.115398 0.0601032 2.50078e-05
0.0935592 0.204407 0.255819 0.160522 0.115172 0.109597 0.0608974 7.95497e-06 4.10609e-06 7.68451e-06
0.0963928 0.197412 0.270148 0.109544 0.161895 0.106643 0.0577272 0.00019091 2.04432e-05
0.0926816 0.215003 0.118636 0.243096 0.162125 0.108418 0.0598545 5.48881e-05
0.0890733 0.198954 0.114414 0.269923 0.158717 0.108764 0.060022 0.000122467 8.66813e-06
0.0857177 0.117582 0.218539 0.268282 0.153718 0.0982151 0.0579163
0.0995966 0.107901 0.251048 0.225172 0.153417 0.0982684 0.0636814 0.000864856 4.24545e-05
0.090983 0.118834 0.260673 0.212639 0.154851 0.102384 0.0595321
0.120477 0.0871193 0.271767 0.200266 0.153103 0.107347 0.0598713
0.122169 0.244046 0.0983825 0.213032 0.156654 0.103771 0.0618006 0.00013219
0.123905 0.276155 0.089349 0.147106 0.194669 0.104248 0.0643328 0.000186304
0.114467 0.261659 0.0898351 0.19783 0.159263 0.109533 0.067264 3.05737e-05 6.14554e-05
0.114752 0.27588 0.0836812 0.197264 0.166467 0.104197 0.0573968 0.000182814 7.96915e-06 0.000140006 2.78903e-05
0.131459 0.262536 0.102699 0.187611 0.154265 0.0877891 0.0729176 0.00047876 0.000117429 0.000100457 1.87506e-05 4.44257e-06
0.123101 0.0976576 0.266463 0.198961 0.152063 0.094721 0.0666642 8.45992e-05 0.000128168 6.66599e-05
0.110146 0.0967252 0.258053 0.207902 0.0918504 0.164101 0.0708835 8.54119e-05 2.16046e-05
0.115553 0.0900812 0.222366 0.259505 0.0898202 0.152843 0.0696719 0.000101951 3.07271e-05
0.10746 0.196473 0.104613 0.266756 0.10976 0.154165 0.0605669 0.000170013 3.30366e-05
0.122866 0.211727 0.259767 0.0886398 0.098934 0.146017 0.0716978 0.000310018
0.123158 0.273046 0.182969 0.0967009 0.106304 0.161969 0.0543042 0.000337084 0.00019947 0.000197026 0.000769558 4.53964e-05
0.110069 0.213816 0.273221 0.0964121 0.0970132 0.139014 0.0698102 0.000300651 0.000166668 8.70193e-05 9.60195e-06 3.98124e-05
0.204094 0.111763 0.279647 0.0911749 0.0957859 0.154154 0.0632043 0.000162291
0.143887 0.185285 0.243096 0.100854 0.168055 0.101498 0.0560355 0.000274938 0.000566923 0.000312442 5.50391e-05 1.26085e-05 4.84139e-06 3.29905e-05 6.10917e-06 1.59267e-05
0.109592 0.183992 0.103978 0.288835 0.144427 0.103698 0.0645875 0.000164909 6.56021e-05 9.94449e-05 0.000193538 0.000154534 1.16389e-05 6.76353e-05 4.46905e-06 3.15779e-05 1.349e-05 6.69566e-06 5.89478e-05 1.46566e-06 2.73222e-06 4.37749e-06 5.4825e-06 1.00186e-06 3.78403e-07 1.07017e-06 9.11099e-07 9.77027e-09 2.93428e-07 8.85499e-09 4.9137e-09 3.41699e-07 9.36449e-08 1.66926e-07 8.70248e-08 2.04115e-08 1.29117e-07
0.123023 0.175945 0.0854394 0.296649 0.152056 0.106137 0.0583586 0.00139143 0.000158942 0.000164972 0.000316647 3.1091e-05 0.000164035 0.000117957
0.121084 0.180353 0.0829345 0.294347 0.159324 0.108961 0.0517617 0.000843524 4.14293e-06 9.9565e-05 2.98988e-05 8.12745e-06 0.000125039 2.12419e-05 2.12409e-05 2.2328e-05 4.3455e-06 6.8352e-06 5.91653e-06 1.71789e-05 1.39669e-05 8.41045e-07 2.65998e-06 4.3236e-06
0.123988 0.182064 0.0972477 0.29872 0.147765 0.0920852 0.055809 0.000195255 0.000374373 0.000779166 5.92559e-05 0.000119973 0.000583313 2.64095e-05 2.49539e-05 0.000118439
0.114735 0.18527 0.289886 0.0958073 0.15772 0.0973594 0.0584689 0.000415178 0.000103756 5.22887e-05 3.75459e-05 1.51646e-05 2.04402e-05 1.25189e-05 6.47148e-05
0.204154 0.119918 0.264793 0.0946496 0.149691 0.0987461 0.0672452 2.79897e-05 0.000682123 5.23919e-05 8.00252e-07 6.8792e-06 1.97544e-05 6.5093e-06
0.205078 0.128692 0.258083 0.0926815 0.108097 0.150965 0.0557902 3.49085e-05 1.03671e-05 9.16566e-05 0.000294579 8.06752e-05 8.14609e-05 2.10059e-06 6.67018e-06
0.111185 0.20047 0.270482 0.0896219 0.110262 0.156721 0.0598384 0.000639301 0.000391326 0.0001586 0.00014101 1.85276e-05 7.10427e-07 2.19425e-05 1.45538e-05
0.121103 0.208522 0.255789 0.113733 0.0898856 0.148906 0.06052 0.00121406 0.000138566 7.4474e-05 1.51582e-05 1.76497e-05 7.07633e-06 4.3491e-05
0.118109 0.19985 0.268081 0.0964991 0.105922 0.145296 0.0657856 0.000423866
0.179749 0.117774 0.279665 0.0965453 0.110304 0.15375 0.0620809 8.22283e-05 1.28174e-06 4.62499e-05
0.194698 0.10827 0.256498 0.106336 0.115573 0.156172 0.0624171
0.211818 0.27521 0.100164 0.0949042 0.105468 0.146443 0.0655048 0.000248359
0.21897 0.254578 0.116544 0.0921308 0.152391 0.107334 0.0579529 1.76954e-05 8.06548e-05
0.176706 0.278369 0.123462 0.0927109 0.159636 0.101642 0.0672843 0.000105255 7.05993e-05 4.04659e-07 2.08129e-06 8.96715e-06 6.62685e-07 5.05204e-07 1.43621e-06
0.205199 0.281481 0.114911 0.0839224 0.151149 0.063806 0.0993078 6.53669e-05 0.000152396 4.2632e-07 1.38502e-06
0.2042 0.247648 0.118126 0.0974354 0.160635 0.0631436 0.108221 6.10515e-05 0.000313036 0.000118377 4.34024e-05 2.39154e-07 3.52421e-05
0.196448 0.262404 0.111769 0.0911956 0.0653663 0.159867 0.112573 0.000293583 4.61598e-05 4.49895e-06 1.21977e-05 2.01015e-05
0.213032 0.260949 0.121751 0.0998401 0.153776 0.0494686 0.100557 0.000194965 6.26962e-05 6.00346e-05 5.4055e-05 0.000160076 1.87679e-05 3.73719e-05 3.8999e-06 1.35125e-05 1.54019e-06 1.52899e-05 1.61238e-06
0.258327 0.196546 0.122412 0.0992522 0.16356 0.0560245 0.103168 0.000400271 0.000308143
0.268287 0.204264 0.116922 0.0903236 0.0600965 0.158853 0.101124 5.9828e-06 0.000119387
0.226378 0.254198 0.122255 0.0850439 0.0644573 0.15112 0.0962163 7.01456e-05 0.000129724
0.214339 0.258614 0.125932 0.0885241 0.0598547 0.150968 0.100696 0.000790404 4.66967e-05 0.00022347
0.205441 0.249516 0.13347 0.100355 0.0617523 0.106319 0.143026 0.000105699
0.219862 0.114678 0.264713 0.0903276 0.054859 0.109717 0.145794
0.202648 0.127565 0.0922235 0.260202 0.0584773 0.103753 0.155033 3.07878e-05
0.212514 0.1059 0.246916 0.115258 0.0604663 0.103854 0.155027 4.52852e-05 3.5464e-06 1.44849e-05
0.224299 0.0992739 0.256197 0.0621026 0.0918569 0.105286 0.160718 0.000127492 0.000128635
0.0871454 0.192764 0.272961 0.0672578 0.103269 0.0991334 0.177067 0.000114311 0.000120046 0.000135616
0.0947572 0.278727 0.207679 0.0637787 0.0996583 0.0926066 0.162503 0.000289233
0.0985562 0.296902 0.20276 0.0939053 0.101919 0.0473394 0.158373
0.104256 0.281704 0.205634 0.10534 0.104736 0.152856 0.0453906 8.2162e-05
0.274357 0.10334 0.211754 0.0924658 0.101576 0.167821 0.0483156 0.000140556 0.000166777
0.292612 0.108313 0.189652 0.0835682 0.115196 0.165472 0.0451283 6.93258e-06 1.68058e-05
0.113343 0.268954 0.212961 0.0898869 0.101793 0.167861 0.0450798 2.30556e-05 7.50219e-05
0.112665 0.271405 0.0902531 0.210447 0.102209 0.163088 0.049214 3.57762e-06 9.7276e-05 8.67894e-05 0.000504774
0.111824 0.269137 0.0948887 0.198138 0.167253 0.10872 0.049084 5.63843e-05 0.00021804 0.000467616 0.000213063
0.126523 0.274364 0.0916524 0.199727 0.102277 0.152046 0.0529492 0.00014614 0.000132901 4.36698e-05 4.49662e-05 8.31578e-05 9.11369e-06
0.120539 0.0965114 0.261333 0.197579 0.0980627 0.169412 0.0560963 0.000207571 0.000171731 8.03877e-05
0.119461 0.0898492 0.267137 0.108285 0.200007 0.163197 0.0519127
0.0927081 0.129287 0.246157 0.113789 0.193564 0.169114 0.0551521 0.000148396 1.7456e-05 3.60934e-05 1.76646e-05 7.28615e-06 1.69852e-06
0.109604 0.274219 0.117129 0.102628 0.179223 0.159659 0.0565619 0.00053325 0.000348957 7.46498e-05
0.082474 0.276109 0.111925 0.202416 0.110361 0.165335 0.0506429 8.22047e-05 0.00049401 0.000110562 1.94281e-05 1.16699e-05
0.0961048 0.254555 0.12115 0.20858 0.166755 0.101101 0.0514734 0.00023145
0.272613 0.0905104 0.121578 0.203624 0.155346 0.109202 0.0470654 5.56752e-05
0.24345 0.0911827 0.123695 0.193625 0.181169 0.114904 0.0519002 1.66871e-05 5.57965e-05
0.254348 0.0886786 0.114272 0.212189 0.158739 0.120089 0.0515273
0.259348 0.0909654 0.138343 0.193064 0.108732 0.153083 0.0564526 4.08353e-06 7.58411e-06
0.258599 0.0931889 0.11911 0.186887 0.100486 0.184246 0.0568027 0.000668426
0.26218 0.0965568 0.128223 0.100145 0.20538 0.162264 0.0442404 0.000414003 0.000591379
0.109411 0.256255 0.117191 0.112678 0.190581 0.164655 0.0489486 0.000196043
0.0945805 0.25134 0.102539 0.119566 0.199729 0.179425 0.0527136 5.97053e-05
0.248377 0.0928257 0.115254 0.126975 0.190403 0.176193 0.0497426 0.000222933
0.255459 0.10424 0.103907 0.115806 0.196197 0.174287 0.0499617 8.84132e-05
0.250051 0.0909279 0.117675 0.11672 0.202918 0.167982 0.0533659 0.000316744 3.17302e-05
0.0869961 0.272086 0.108169 0.117325 0.201416 0.169527 0.0441744 0.000303323
0.099413 0.258334 0.100633 0.118996 0.1733 0.192539 0.0565886 0.000175895
0.0837491 0.116218 0.250299 0.127526 0.172836 0.200117 0.0491986 3.39273e-05 6.7566e-06
0.0990177 0.0889937 0.265307 0.122753 0.173365 0.194764 0.0557074 5.36538e-06 2.72204e-05 2.44448e-05 1.48939e-06 3.31296e-05
0.110511 0.0951317 0.269235 0.1211 0.166542 0.184886 0.051298 0.00127311
0.107051 0.272933 0.0806855 0.12486 0.172501 0.190708 0.0511261
0.0998762 0.268609 0.0866186 0.127883 0.164493 0.0559825 0.196536
0.104678 0.260131 0.0910464 0.132855 0.0503984 0.155613 0.204988 9.87787e-05 0.000178665
0.122155 0.092883 0.258664 0.126641 0.0485847 0.157752 0.193192 6.65208e-07 9.39271e-05
0.0942829 0.0937954 0.261059 0.116567 0.185355 0.0545891 0.194187 9.05864e-05 2.71512e-07 6.82803e-05
0.102404 0.0969591 0.264332 0.112478 0.166686 0.196489 0.0602063 2.58872e-05 0.000208618 0.000100397 9.59605e-05
0.102361 0.0974421 0.248084 0.171552 0.114414 0.202182 0.0629092 0.000814678 5.12451e-05 7.77419e-05 4.2308e-05
0.10673 0.254297 0.08996 0.168111 0.119692 0.199962 0.0607941 0.000123989 2.79321e-06 5.48858e-05 5.56363e-05 7.90539e-05 3.79158e-05 7.74662e-06 3.97129e-05
0.109132 0.269617 0.166093 0.0809744 0.113981 0.20565 0.0538855 0.000624864 2.188e-06 3.75219e-05
0.100024 0.261116 0.15917 0.103143 0.202351 0.117069 0.0571211
0.257223 0.105678 0.176677 0.0916714 0.193546 0.11577 0.0594288
0.237117 0.100322 0.092281 0.169351 0.209037 0.132091 0.0597595
0.101152 0.248144 0.0838563 0.168023 0.216555 0.126397 0.0557351 6.97643e-07 0.000133683
0.107888 0.247951 0.0824669 0.159271 0.203316 0.135031 0.0638109 0.000249832
0.103114 0.245123 0.0977396 0.194086 0.176586 0.119951 0.0630558 9.09072e-05 0.000111122 1.93873e-05 2.45215e-05 5.65291e-05
0.103693 0.270146 0.190231 0.0883254 0.161081 0.133329 0.0525634 0.000362672 7.5692e-05 0.000111927 7.16307e-05
0.101278 0.250902 0.195499 0.0911326 0.182814 0.12461 0.0537577
0.262085 0.103193 0.193788 0.0932513 0.166582 0.126281 0.0545072 0.000128344 0.000174816
0.267108 0.106637 0.204081 0.165747 0.0928752 0.115936 0.0476011
0.257939 0.107497 0.199383 0.172605 0.095522 0.108907 0.0580889
0.260832 0.102162 0.199095 0.174273 0.110474 0.100992 0.0519711 0.00016387
0.25982 0.100435 0.205109 0.128124 0.162089 0.0902728 0.0540469 4.08542e-05 5.32049e-05 6.26653e-06 8.56344e-07
0.271356 0.10637 0.199203 0.115257 0.151301 0.0664539 0.0892057 0.000564805 0.000128223 2.48289e-05 9.58925e-05
0.255814 0.118434 0.187863 0.165765 0.119768 0.0491513 0.103167
0.250004 0.120094 0.195614 0.120806 0.168016 0.0528764 0.0919065 5.03129e-05 0.000410893 2.6009e-05 9.79817e-05
0.249286 0.198953 0.115644 0.130316 0.158017 0.0478473 0.0997967 8.42568e-05 1.57665e-05 2.20892e-05
0.240985 0.193777 0.103573 0.124706 0.180929 0.0575561 0.0983831 3.90109e-05 5.22693e-05
0.246339 0.195035 0.106444 0.165664 0.124209 0.0550467 0.105598 0.00130287 0.000230188 0.000124969
0.253182 0.199301 0.112045 0.161146 0.0532316 0.122815 0.098245 2.276e-05 1.04163e-05
0.251921 0.197594 0.100925 0.16325 0.126737 0.0566005 0.102193 0.000295268 0.000321906 0.000129634 2.74267e-05
0.207353 0.237216 0.0888689 0.176643 0.120252 0.068247 0.101389 3.17228e-05
0.195078 0.258647 0.100045 0.165515 0.117134 0.109456 0.054031 2.01588e-05 3.26397e-05 7.06724e-06 2.72501e-05
0.192183 0.254504 0.0921329 0.167532 0.126459 0.111184 0.0546634 0.000910597 5.33021e-06 0.000189794 0.000143838 6.53614e-05
0.208014 0.246971 0.0999649 0.161439 0.12835 0.106165 0.0486284 0.000435904
0.194639 0.256918 0.107054 0.159608 0.119871 0.107353 0.0541995 0.000139252 0.000154097 2.60076e-05 3.25947e-05
0.237188 0.203105 0.0983431 0.174023 0.126254 0.103293 0.0573961 0.00011394 4.99924e-05 0.000170118 1.97657e-05 1.88228e-05 1.29689e-05 9.89719e-06
0.266774 0.196499 0.169553 0.0876996 0.112106 0.10745 0.0598913
0.252684 0.187249 0.153384 0.119795 0.11251 0.114796 0.0594967 3.74401e-05 3.1692e-05
0.266785 0.192301 0.118798 0.176708 0.0886986 0.10522 0.051468
0.181238 0.274079 0.124126 0.161228 0.0928937 0.113314 0.0530682
0.193239 0.26416 0.164325 0.118512 0.0963137 0.111622 0.0518274
0.240821 0.201116 0.166161 0.123502 0.101973 0.106012 0.0603804
0.256545 0.200597 0.162508 0.123833 0.0887386 0.107762 0.0598486 3.9544e-05 4.11062e-05 8.20999e-05
0.189052 0.28905 0.154571 0.132015 0.0872005 0.0940496 0.0540615
0.215578 0.170943 0.254453 0.10702 0.0940287 0.109338 0.048532 7.05293e-05 3.63726e-05
0.199583 0.168881 0.254826 0.0914834 0.118132 0.110219 0.0558302 0.000556993 0.000232781 2.30113e-05 3.38737e-05 3.30864e-05 6.24966e-06 7.00363e-05
0.197525 0.171597 0.269283 0.114827 0.0895486 0.105428 0.0511922 0.000197725 0.000362229
0.153775 0.211953 0.249268 0.118384 0.101735 0.104646 0.0595881 0.000585172
0.18633 0.168796 0.263561 0.125265 0.0888743 0.114051 0.052771 0.000314214
0.201216 0.171229 0.252708 0.115148 0.0891922 0.110307 0.0597476 0.000199248 3.98219e-05 1.89721e-05 8.57058e-05 8.05748e-05
0.155981 0.208575 0.262054 0.122082 0.0892164 0.106246 0.0551685 0.000201411 0.000406738 3.69173e-06 1.92532e-05
0.153133 0.272188 0.201469 0.117346 0.0929625 0.104887 0.0577145 0.000109988 1.85066e-05 9.09034e-05
0.176905 0.264785 0.203097 0.116929 0.0890045 0.0977359 0.0503168 0.00083336 0.000181333 0.000190838 5.35493e-06
0.16864 0.258706 0.191204 0.0925522 0.132816 0.102683 0.0529849 0.000218112 9.33953e-05
0.160988 0.197133 0.268119 0.0972428 0.118199 0.104714 0.0530882 0.00036256 0.000125865
0.195425 0.167688 0.264182 0.105617 0.118902 0.0965885 0.051442 9.50217e-06 0.000112732 2.71901e-06 1.50302e-06 2.93585e-05
0.193265 0.182186 0.261989 0.102061 0.109481 0.0542464 0.0962171 2.84727e-05 0.000193138 0.000270794
0.195586 0.169367 0.270472 0.0981451 0.059094 0.114965 0.0911066 0.000269921 0.000885093 1.27344e-05
0.205219 0.178136 0.25569 0.106692 0.0541337 0.093474 0.1062 0.000290536 0.000102995
0.218389 0.167695 0.249936 0.100158 0.0867982 0.0576175 0.119339
0.202267 0.159364 0.261447 0.112703 0.0965008 0.108094 0.0595877
0.189927 0.17113 0.274664 0.107226 0.0905992 0.112812 0.0530827 0.000461067
0.210729 0.165709 0.235028 0.113056 0.106372 0.111876 0.0571608 3.05559e-05 1.91611e-05 1.09541e-05
0.201957 0.168126 0.112141 0.264402 0.0890228 0.11055 0.0533294 1.07832e-05 0.000108786 0.000139801 7.84148e-06 9.0496e-06 3.92239e-05 0.00011146 3.9477e-05
0.21841 0.163263 0.112611 0.276397 0.100859 0.0854252 0.0428892 6.00388e-05 4.83446e-05
0.207058 0.164333 0.0963547 0.267036 0.0809075 0.122845 0.0613184 7.08396e-05 2.44727e-05 3.9897e-05 2.59469e-06 6.73552e-06
0.217368 0.111113 0.160727 0.24705 0.0955831 0.111583 0.0562747 0.000110896 0.000150773
0.205005 0.10701 0.156109 0.266787 0.0964981 0.11071 0.057812 6.56715e-05 2.23467e-06
0.211027 0.112833 0.160869 0.247687 0.0910968 0.118604 0.0578596
0.195077 0.103226 0.157052 0.279615 0.0962118 0.112229 0.0562786 0.000171591 0.000104595
0.216448 0.102585 0.16292 0.257746 0.0938546 0.111735 0.0544607 1.50521e-05 0.000211996
0.190769 0.104863 0.182307 0.25346 0.0961819 0.11155 0.0603759 0.000478435
0.160672 0.0972308 0.267278 0.208532 0.09624 0.11421 0.0557099 9.47092e-05
0.155319 0.103363 0.25796 0.194544 0.119686 0.11198 0.0570844 1.66296e-05 4.58068e-05
0.179915 0.0993029 0.25095 0.196158 0.110337 0.114636 0.0483795 0.00025917 5.09335e-05
0.165462 0.270057 0.10556 0.186145 0.0909558 0.120672 0.0610273 3.28394e-05 6.98217e-05 3.76368e-06 1.25923e-06 4.2107e-06
0.16601 0.243746 0.195315 0.115944 0.100913 0.114674 0.0624656 5.05391e-06 0.000857307
0.150578 0.262428 0.204476 0.10619 0.0973093 0.126648 0.0520318 0.000302756 1.4929e-05 1.33545e-05
0.155651 0.270632 0.205886 0.098956 0.122218 0.0973183 0.0492825 4.6256e-05
0.256158 0.165129 0.202402 0.100304 0.131385 0.0857123 0.0588961
0.262701 0.163355 0.190288 0.1275 0.0952335 0.105088 0.055722 9.81137e-05
0.189705 0.251905 0.181293 0.116817 0.103277 0.0968958 0.059662 0.00035536 8.32579e-05 4.00463e-08 1.85902e-06 1.82585e-06
0.162275 0.258727 0.193151 0.126928 0.102799 0.10454 0.0506144 0.000468075 6.01338e-05 0.000371418 6.93493e-06 5.55876e-05
0.171734 0.253161 0.124841 0.189615 0.107349 0.0924524 0.0605804 7.82168e-05 7.52641e-05 3.57356e-05
0.174786 0.115444 0.245357 0.19613 0.118084 0.0964462 0.0536824 1.82651e-05 4.50955e-05
0.125614 0.16444 0.251817 0.197166 0.105491 0.0863681 0.0682989 0.000188334 0.000273396 0.000130875 6.18648e-05 2.13696e-05 6.76633e-05
0.122431 0.153623 0.260133 0.196976 0.117991 0.0860743 0.0623724 6.40669e-05 8.99504e-05 0.000148451 7.71746e-05 9.44409e-06 7.00399e-06
0.114829 0.159734 0.264394 0.201061 0.0964069 0.107868 0.0556219 4.41501e-07 3.71653e-05 2.25683e-06 2.56193e-05 5.57122e-06 8.20791e-06 1.30465e-06 1.3394e-06 1.68686e-07 1.0949e-06 4.66931e-07
0.108282 0.176359 0.201921 0.250252 0.0961917 0.109144 0.0563873 0.000238794 0.00097151 0.000119452
0.0978214 0.165975 0.208942 0.271019 0.0940812 0.105464 0.0566198 1.97167e-06 6.45634e-05 3.98195e-07 2.25556e-06 3.03395e-06
0.109283 0.155263 0.207777 0.258652 0.0991274 0.11642 0.0525414 0.000588695 0.000117789 0.000207713
0.109979 0.182165 0.19654 0.231918 0.131652 0.0943617 0.0529392 0.000311785 8.85366e-06 3.94154e-05 5.08871e-05 3.13326e-05
0.0946884 0.164937 0.275105 0.203132 0.111519 0.0885904 0.0619651 6.29104e-05
0.105274 0.157058 0.253124 0.212657 0.0868858 0.122034 0.0628084
0.0994723 0.150407 0.202806 0.265485 0.0922395 0.13088 0.0585487 3.23803e-05
0.160435 0.102255 0.217191 0.243536 0.0758873 0.135055 0.0653541 0.000252338
0.157964 0.0968873 0.195114 0.274086 0.12797 0.0946113 0.0531686 0.00017491
0.165996 0.205578 0.0998187 0.251573 0.127456 0.0874399 0.0614231 0.000445473 0.000118955 0.000121967
0.160423 0.197608 0.105771 0.123681 0.271899 0.0806249 0.0598775 8.66959e-05
0.210956 0.157646 0.0997857 0.12572 0.253242 0.0901108 0.0623628 0.000158926
0.212911 0.164185 0.122404 0.0999779 0.248543 0.100008 0.0516138 0.000179394 0.000138909 2.94543e-05
0.203917 0.119092 0.161748 0.111375 0.24886 0.100211 0.0533869 0.00135174 2.88945e-05 1.18754e-05 1.95499e-06 1.13929e-05
0.201346 0.120065 0.165865 0.109026 0.254348 0.0926132 0.0567343
0.190594 0.115902 0.169176 0.103542 0.274982 0.0929357 0.0522306 0.000267734 7.38014e-05 2.959e-06 0.000195749 1.64295e-05 1.35074e-05 1.02407e-05 1.7501e-06 1.91807e-05
0.192096 0.132693 0.159345 0.0998621 0.258223 0.0954757 0.0618847 0.000120717 0.000213316
0.193252 0.122189 0.160749 0.257139 0.0994746 0.0996236 0.0653882 0.00111254 3.87362e-05 0.000296873 0.000248123 0.000240155 3.31264e-05 9.17064e-06 3.43604e-05 0.000128131 9.91196e-06 8.76559e-06 5.6732e-06 4.5914e-06
0.199731 0.12085 0.164301 0.255287 0.0902507 0.0994975 0.0695976 0.000374039 5.54259e-05
0.201482 0.120155 0.253414 0.165963 0.0920972 0.109426 0.0561804 0.00054415 0.000131152 0.000175504 0.000126456 0.000172708 3.5457e-05 4.84398e-05 1.72921e-05 2.71566e-05
0.198003 0.252346 0.121337 0.157006 0.105367 0.10683 0.0586412 0.00037788
0.212182 0.250217 0.163906 0.120119 0.0939135 0.107551 0.0515853 0.000505588 1.88158e-05
0.192349 0.27071 0.159449 0.098235 0.127936 0.102381 0.048428 0.000180972 8.73558e-05 0.000117917 8.64426e-05
0.210131 0.257278 0.0994785 0.160029 0.120113 0.097892 0.055015 4.15553e-05
0.193853 0.269508 0.0886021 0.12603 0.15377 0.109405 0.0580194 0.000153419 8.29249e-05 0.00025514 2.55549e-05 0.000142588 0.000138602 6.71783e-06 5.11426e-06
0.201391 0.262461 0.0833144 0.120569 0.0947138 0.184577 0.0528451 5.65344e-05 4.52994e-05 1.14458e-05
0.211701 0.244184 0.0920561 0.115493 0.113431 0.164355 0.0581286 0.000404781 0.000193502 3.36425e-05 2.9861e-06 5.84626e-06
0.182859 0.262097 0.104686 0.12022 0.113895 0.173107 0.042856 7.10406e-05 0.000161255
0.198633 0.251305 0.111222 0.0969065 0.114345 0.17129 0.0558882 0.00032705
0.200591 0.250139 0.0986123 0.100276 0.128516 0.164374 0.0568391 0.000108367 0.00010273 6.99076e-05 0.000121146 4.10711e-05 6.54627e-05 4.07498e-06 8.46539e-05 3.5483e-05 1.51836e-05
0.19652 0.266477 0.101539 0.0901615 0.119829 0.17225 0.0528367 0.000175908 4.90899e-05 9.73449e-05 5.60633e-05
0.188799 0.262667 0.112468 0.0979149 0.115249 0.17421 0.0482926 7.66601e-05
0.194667 0.270174 0.113033 0.110181 0.0866956 0.18007 0.0450967 1.96814e-05 4.87983e-05
0.19895 0.254717 0.118376 0.110111 0.166915 0.0966081 0.0542383 6.21376e-05
0.249306 0.19903 0.117344 0.124196 0.16459 0.0979528 0.0467167 0.000328808 0.000206474 0.000132353 3.45996e-06 8.03466e-05 7.34667e-05
0.202409 0.251822 0.101796 0.119482 0.175662 0.0914084 0.0571528 0.000139025
0.190869 0.114325 0.257033 0.110947 0.174883 0.0948493 0.0566586 0.000174449 0.000149774 2.40612e-05 2.43284e-05 1.89728e-05 2.91582e-05
0.0997327 0.216887 0.258388 0.127264 0.150195 0.0958299 0.0510143 0.000190617 3.39303e-05 0.000112341 8.86953e-05 1.63545e-05 3.56149e-05 7.90874e-06 0.000150786
0.105765 0.202124 0.255521 0.120459 0.154519 0.102257 0.0583762 0.00014918 0.000174709 0.000183429 0.000247206 2.12071e-06 4.46822e-05 7.31504e-05 1.66559e-06 7.26318e-05 4.14824e-06 9.37456e-06 5.986e-06 8.15797e-06
0.11775 0.199269 0.259982 0.121242 0.154071 0.0983911 0.0481625 0.000424674 5.46467e-05 0.000308472 0.000265102 3.55666e-05 2.16584e-05
0.11718 0.262844 0.193284 0.111676 0.166832 0.0956041 0.0513324 0.000335961 7.73768e-05 0.000638769 3.8204e-05 3.81859e-05 9.57578e-05 1.58599e-05
0.114284 0.25022 0.112513 0.194448 0.182622 0.0967343 0.047577 0.000398912 8.41898e-05 0.000234266 1.08921e-05 0.000597332 0.000169419 3.81592e-05 7.89552e-06 1.62021e-05 2.30945e-05
0.115509 0.124942 0.256101 0.197578 0.162901 0.0925639 0.0499248 0.000419976
0.106551 0.271845 0.108283 0.19786 0.166953 0.100387 0.0477067 6.52634e-05 0.000179842 2.59112e-06 1.19988e-05 6.96492e-05 2.57586e-05 2.37404e-05 2.20162e-05 1.49065e-06 7.13503e-07 6.917e-06
0.109111 0.245286 0.128933 0.18062 0.194415 0.0936279 0.0476704 0.000225494
0.105518 0.250724 0.16569 0.123025 0.209289 0.0930305 0.0503524 7.60888e-05 0.00129227 0.000320911 0.000123536 0.000203672 0.000170197 9.50176e-05 4.70868e-05 2.45122e-05 1.74879e-06 3.45331e-06 5.75962e-07 3.25959e-06
0.0979455 0.265296 0.172401 0.203111 0.119618 0.0906513 0.0508429 8.91533e-05 9.60102e-06 4.37363e-06 6.8082e-06 4.50626e-06 9.26097e-06
0.112047 0.258313 0.183592 0.112775 0.19883 0.0893335 0.0449633 2.10433e-05 9.74473e-05 1.82288e-06
0.0982582 0.167645 0.266486 0.12627 0.191556 0.103363 0.045939 0.000284823 7.39225e-05 5.5081e-05 5.39164e-05
0.1134 0.162216 0.250201 0.122954 0.207629 0.0976155 0.0459611
0.109459 0.173359 0.254309 0.182153 0.130851 0.110004 0.0398587
0.111111 0.272558 0.169177 0.19277 0.116046 0.0895641 0.048724 1.36286e-05
0.255084 0.113614 0.161975 0.188921 0.122961 0.109793 0.0473537 0.000251859 9.26705e-07 4.28395e-06 3.05316e-05
0.257381 0.169392 0.113723 0.197234 0.121272 0.0956708 0.0448994 7.86185e-05 0.000175243 6.98171e-05 7.89655e-05 1.47803e-05
0.243589 0.168212 0.103555 0.204312 0.130653 0.0991266 0.0501785 0.000368935
0.255867 0.17971 0.184638 0.105178 0.117035 0.101502 0.0531078 0.000371573 0.0011956 0.000174303 0.000634405 0.000396352 1.07919e-05 0.000112687 4.56689e-05
0.254166 0.166106 0.187243 0.130761 0.112963 0.0919585 0.0554482 0.0011876 0.000146589
0.263078 0.195085 0.176413 0.114602 0.10439 0.0973433 0.0485383 0.00018241 0.000339064
0.192943 0.254845 0.1522 0.131762 0.115538 0.0940746 0.0585942 8.55368e-06
0.200014 0.259702 0.169799 0.111571 0.114332 0.0935389 0.0507956 0.000118649 4.11082e-05 4.27287e-05 3.55103e-05 1.67902e-06
0.21255 0.249267 0.166208 0.108542 0.114063 0.0918451 0.0572969 6.01536e-05 2.36456e-05 3.13062e-05 6.96424e-05 3.13082e-05
