70
75
101
65
64
73
91
76
79
72
76
84
80
86
71
74
84
97
101
88
113
66
79
72
89
74
78
86
116
93
74
71
68
109
77
94
69
74
79
83
65
86
123
82
86
77
85
109
69
67
85
73
84
82
70
81
99
78
59
86
64
95
75
86
81
96
89
88
88
86
74
78
72
89
81
79
91
80
61
78
69
72
69
83
67
64
73
95
94
87
78
74
86
99
57
68
76
73
60
63
63
66
88
64
84
68
70
77
75
65
75
68
92
60
69
58
66
70
79
88
77
69
64
73
79
68
75
77
61
96
68
107
83
71
77
56
68
78
78
73
65
67
73
85
69
76
71
63
63
54
66
60
72
70
69
61
55
72
75
86
65
81
61
68
119
69
85
67
57
79
83
75
72
85
85
59
70
76
57
90
86
71
80
76
75
61
51
80
59
77
73
73
91
76
68
64
69
82
66
88
64
69
61
74
70
72
63
61
66
71
68
73
64
57
62
83
67
50
57
57
72
58
47
62
64
51
65
53
60
61
70
60
55
63
66
59
56
58
54
57
60
48
80
90
90
70
76
70
73
69
71
76
66
60
70
56
53
50
45
49
43
45
44
51
58
48
60
67
45
58
44
51
51
47
64
62
57
57
41
52
43
50
46
53
58
43
47
40
49
59
52
38
46
46
44
49
45
51
54
49
52
66
47
49
53
54
53
42
55
49
55
61
45
50
46
45
54
36
47
47
42
47
46
39
44
47
44
48
40
46
53
53
39
46
38
35
50
51
47
36
32
40
44
60
51
44
42
52
42
40
58
45
48
48
75
47
57
50
52
46
51
53
43
49
56
38
33
45
54
32
43
37
35
31
29
29
41
44
50
43
39
44
45
56
38
49
41
52
47
46
40
38
41
44
49
44
44
37
31
36
30
30
37
39
48
31
38
31
32
32
34
36
35
28
35
34
33
34
31
36
32
35
34
35
27
40
30
32
28
27
51
42
33
23
30
35
30
43
29
29
33
30
29
28
26
52
46
32
44
24
40
29
39
30
27
31
29
34
34
29
41
33
25
39
26
31
32
33
41
26
31
28
39
33
27
34
23
26
23
31
30
27
26
25
26
38
45
29
32
31
30
28
19
22
23
38
42
25
34
23
29
27
25
21
29
17
17
20
21
23
21
28
21
21
21
16
18
19
29
25
25
20
22
21
22
18
21
26
19
33
17
18
22
25
18
22
26
15
19
23
25
24
17
15
13
23
23
22
12
14
16
16
14
14
12
12
15
13
11
17
14
16
15
14
13
10
17
17
16
16
16
11
12
14
11
11
18
12
10
11
11
17
11
14
12
19
15
14
13
21
12
21
18
10
19
18
13
13
15
11
18
13
10
8
10
8
9
8
17
9
11
8
12
18
8
7
8
8
12
11
9
10
8
7
8
9
8
10
8
8
10
9
9
9
9
12
14
12
7
9
12
11
14
8
11
7
10
10
9
9
10
9
9
7
7
8
7
9
12
10
13
9
11
12
10
15
8
13
13
11
12
8
9
15
10
9
9
10
7
7
8
7
9
7
7
10
10
11
9
10
8
10
10
11
11
9
8
7
7
13
15
10
9
11
9
8
15
7
10
8
8
10
9
7
8
16
11
11
14
10
15
8
9
12
13
11
9
12
9
20
7
10
7
7
12
12
16
7
8
8
10
13
7
7
7
15
7
9
10
9
7
10
8
7
10
10
12
9
14
13
13
8
9
10
11
13
9
11
12
12
9
8
9
13
11
12
9
8
10
10
8
8
10
11
11
11
10
14
9
7
7
11
9
7
11
8
12
11
8
15
7
7
7
10
8
11
11
14
9
9
10
11
7
9
13
8
8
12
17
10
13
7
15
16
18
10
10
9
8
9
12
10
10
12
8
8
9
10
8
10
15
17
10
12
9
10
9
9
7
9
11
10
8
7
8
8
9
7
8
10
7
10
11
9
9
10
8
9
8
7
7
9
7
8
9
8
7
7
8
10
10
9
16
17
9
7
9
9
14
8
9
13
8
7
7
11
10
11
14
9
11
10
16
12
11
10
12
17
7
10
14
16
10
9
8
8
8
8
7
7
12
10
7
10
11
8
8
7
17
16
12
12
8
11
12
11
9
7
11
10
7
7
8
10
10
7
7
7
10
9
8
10
10
9
7
7
11
8
8
13
20
8
11
16
17
8
7
11
12
10
10
9
7
9
10
9
8
8
12
10
8
10
12
8
8
9
7
9
7
11
8
11
8
7
9
12
12
11
8
11
