17.3961
17.3961
17.3961
17.3961
17.3961
17.2766
17.2766
17.2766
17.1244
17.1289
17.1289
17.1289
17.2231
17.306
17.306
17.0374
17.0374
17.0374
16.8448
16.8448
16.8448
17.0418
16.9065
16.9065
16.9065
16.9065
16.9065
17.0632
17.0632
17.0632
17.0632
17.0632
17.4076
17.4076
17.4076
17.4076
17.4497
17.4497
17.4497
17.4497
17.4497
17.4497
17.4497
17.4497
16.9097
17.4121
17.4121
17.4121
17.3399
17.3399
17.4907
17.6216
17.4783
17.1939
17.3449
17.3449
17.0314
17.0314
16.9117
16.9903
17.161
17.0702
17.1566
17.1382
17.1382
17.1382
17.1812
17.1704
16.8254
16.8099
17.1369
17.1369
17.1369
17.1481
17.1481
17.1481
17.1481
17.1534
17.1534
17.1534
17.1534
17.1534
17.1534
17.5465
17.5465
16.8246
16.8246
16.8246
16.8246
16.8246
16.8246
16.8246
16.8246
17.1909
17.1909
17.1909
17.1909
17.1909
17.1909
17.1909
17.0675
17.1353
17.0429
17.0717
17.1205
17.1205
17.1205
17.3802
16.9391
16.9391
17.6096
17.6096
17.6096
17.5409
16.978
16.9144
17.1241
17.1241
17.0775
17.3044
17.3044
17.3044
17.3044
17.2855
17.5062
17.5062
16.9519
16.9519
16.9519
16.9519
16.9574
17.5059
17.5059
17.162
17.3732
17.3732
17.5011
17.5011
17.7476
17.7476
17.7476
17.7476
17.7476
17.7476
17.4416
17.4416
17.1253
17.1253
17.1253
17.1253
17.1253
16.7211
16.7211
16.7211
16.8841
16.8841
17.0507
17.0507
17.1415
17.0579
17.6399
17.5998
17.2255
17.1925
17.1925
17.1925
17.2735
17.2735
16.8687
16.8687
16.9937
16.9937
17.2202
17.2202
17.2202
17.2838
17.2838
16.9996
17.2913
17.2913
17.2913
17.2913
16.9934
16.9934
16.9934
16.9934
16.9934
16.9936
17.0137
17.0137
17.2967
17.2967
17.4115
17.4115
17.4115
17.5451
17.2186
17.235
17.235
17.235
17.235
17.235
17.235
17.235
17.235
17.235
17.235
16.9824
16.9824
16.9824
16.9824
17.1607
17.1607
17.1368
17.1368
17.1126
17.3109
17.3109
17.3109
17.3109
17.3109
17.4184
17.4184
17.4184
17.4184
17.0273
17.0273
17.0343
17.0095
17.2454
16.9375
16.9375
16.9164
16.9164
16.8805
16.8805
16.8805
17.3488
17.6233
17.5131
17.5407
17.5872
17.5872
17.2997
17.2997
16.9608
17.4599
17.2123
17.1484
17.5265
17.5265
17.0701
17.1013
17.1013
17.3187
17.3187
17.3187
17.3187
17.3187
17.3187
17.3187
17.3187
17.3187
17.3187
17.2833
17.2833
16.9871
17.3387
17.3387
17.3387
17.2586
17.2056
17.2056
17.2056
17.2056
17.2056
16.953
16.953
17.0435
17.0435
17.274
17.274
17.274
17.274
17.2085
17.2085
17.0833
17.2099
17.2099
17.2099
17.2099
17.1437
17.1437
17.0952
17.0264
17.0242
17.0242
17.0242
17.1772
17.1772
17.0591
16.934
16.934
17.247
17.247
17.4929
17.4929
17.4929
17.4929
17.4929
17.4929
17.4929
17.4929
17.0426
17.0426
17.2971
17.2971
17.2971
17.1877
17.1877
17.1939
17.0321
17.2982
17.5896
17.0927
17.0927
17.0927
17.0927
17.0927
17.0927
16.9447
16.9447
16.9447
16.9447
16.9447
17.0192
17.0192
17.0192
17.0192
17.0192
17.0192
17.0192
17.2416
17.2416
16.8822
16.8822
16.8822
16.8822
17.1155
17.1155
17.0837
17.0837
17.0837
17.0837
17.0837
17.024
17.024
16.9136
16.9136
16.9136
16.9136
16.9136
16.7568
17.0432
17.2319
16.914
17.1938
16.9336
16.8464
16.7334
16.741
16.741
16.7281
16.7281
16.7451
17.4133
17.4133
17.4133
17.0481
17.0481
17.0481
17.0481
17.6215
17.6215
17.1283
17.2155
17.1149
17.1149
17.1149
17.1149
17.1149
17.1149
17.0507
17.163
16.9651
16.9651
16.9651
16.9651
16.9277
16.9277
16.8167
16.8167
16.8167
17.1731
17.1731
17.1731
17.0228
17.0228
16.8884
17.1352
17.1352
17.1352
17.4162
17.1562
17.1562
17.1562
16.9096
17.4925
17.4526
17.4346
17.4346
17.4346
17.2247
17.1892
17.1133
17.1133
17.1133
17.1133
16.8574
17.3107
17.3107
17.3107
17.3107
17.163
17.163
16.9218
16.9218
17.2168
17.1663
17.5761
17.5445
17.5445
17.5445
17.5445
17.4709
17.4709
17.4709
17.4709
17.0232
17.1523
17.6416
17.7768
17.7768
17.7768
17.2962
17.2962
17.2962
16.8958
16.8958
16.8958
16.8958
16.8958
16.8958
16.8958
16.8958
16.8162
16.8162
17.1845
17.348
17.348
17.348
17.348
17.348
17.348
17.348
17.348
17.348
17.348
17.348
17.348
17.348
17.1414
17.3072
17.3072
16.951
16.951
16.951
17.0227
17.0227
17.4657
17.4657
17.3539
16.8837
16.7529
17.3235
17.2555
17.2555
17.2555
17.2555
17.2555
17.2555
17.2555
17.1613
17.1613
17.1613
17.1613
17.3141
17.3141
17.4423
17.4423
17.4682
17.4682
17.4682
17.2532
17.2532
17.394
16.9138
16.9138
17.0495
16.8547
17.5258
17.2612
17.2612
16.9077
16.9077
16.9077
16.9077
17.1801
17.2909
17.6223
17.5211
17.0866
17.0866
17.0866
17.0866
17.0866
17.0866
17.0866
17.0866
17.0866
17.0866
17.0866
17.0866
17.0866
17.0866
17.0866
17.0256
17.0256
17.0256
17.0256
17.1486
17.4329
16.9624
17.3651
17.3651
17.3651
17.305
17.305
17.305
17.0926
17.3608
17.1886
17.1886
17.1886
17.4369
17.4369
16.9699
16.9868
17.1703
17.2505
17.0388
17.2978
17.3059
16.9017
16.9017
16.9017
16.9017
16.9017
16.8427
17.1392
17.1392
17.1392
17.2397
17.2397
17.0523
16.8985
16.8985
16.8985
16.8985
17.0215
17.0215
17.1319
17.3525
17.0458
17.0458
17.4626
17.3629
16.9803
16.9803
17.4596
17.6822
17.278
16.8261
16.8261
17.1681
17.1681
17.1681
17.0869
17.0869
16.9199
17.1155
17.1412
17.1412
17.2038
17.1753
17.1753
17.0262
17.1214
17.1214
17.1214
17.1214
17.2936
17.2394
17.2394
17.2604
17.2604
17.2604
17.2604
17.1202
17.1202
16.7949
16.8277
16.8277
16.8277
17.1184
17.1184
17.1184
17.1184
16.8258
16.984
16.984
16.984
16.9162
16.9162
16.9162
17.522
17.522
17.522
17.522
16.9899
17.2317
17.2317
17.1403
17.1403
17.3208
17.3208
17.2644
17.2644
17.2644
16.885
16.885
16.885
16.885
16.885
16.885
17.3769
17.3769
17.0702
16.9353
16.9353
17.3851
17.3851
17.3851
17.1685
17.1685
17.0112
17.0112
17.114
17.1388
16.8394
16.8394
16.8394
16.8394
16.8394
16.8394
16.8394
16.8394
17.1831
17.1357
16.9882
17.1183
16.8102
17.4253
17.4253
17.4338
17.3822
17.3822
17.3822
17.328
17.328
17.5147
17.5147
17.5147
17.3493
16.9653
16.9653
16.9653
16.6886
16.8841
16.9339
16.9339
17.0616
17.0616
17.0616
17.0616
17.0616
17.0616
16.9716
17.0821
16.9211
16.9639
16.9639
16.9639
16.9639
16.9639
16.9639
17.1626
17.0418
17.0418
17.0418
17.0418
17.0418
17.0418
18.138
18.2107
18.2107
18.2107
18.2107
17.7383
17.2461
17.2461
17.2461
17.2461
17.2461
17.0871
17.0933
17.0388
17.0388
17.3955
17.3955
17.3955
17.1493
17.1493
17.1493
17.1493
17.2425
17.3573
17.3573
17.0964
17.0311
17.0311
17.0311
17.2598
17.4105
17.3199
17.3199
17.3199
16.8763
17.1817
16.8851
16.9811
17.1737
16.9858
16.9858
16.9858
16.9858
17.1724
17.1724
16.9783
16.9783
17.5244
17.4452
17.3491
17.3491
17.529
17.529
17.529
17.529
17.529
17.6779
17.6779
17.7596
17.7596
17.7596
17.7677
17.7677
17.3235
17.3235
16.8974
16.8974
16.8974
16.8974
17.0652
17.0652
17.0652
17.2877
17.2877
17.2877
17.2877
17.2877
17.2877
17.2919
17.0971
17.0971
17.0136
16.8775
16.9161
17.1837
17.1837
17.1837
17.1837
17.1837
17.1837
17.1706
17.1333
17.1333
17.1333
17.4073
17.4073
17.1089
17.1089
17.1089
17.1089
17.1089
17.1931
17.346
17.0782
17.1653
17.1653
17.3905
17.3905
16.7446
16.7446
16.7446
17.02
17.02
17.3102
17.7731
17.7731
17.7731
17.496
17.4792
17.4792
17.4792
16.9589
17.124
17.124
16.9654
16.9654
16.9788
16.9788
16.9788
16.9788
17.793
16.9473
16.9473
16.8199
16.8199
16.8199
16.8199
16.8199
16.8199
16.8126
16.7563
16.7563
17.5165
17.0508
17.275
17.358
17.358
17.358
17.358
17.358
17.0945
17.0945
16.8863
16.8863
16.9364
16.9364
16.9364
16.9364
16.9364
16.9364
16.9364
16.9364
17.4694
17.0482
17.3275
17.3275
17.165
17.165
17.165
17.165
17.165
17.165
17.165
17.165
17.165
17.165
17.2916
17.0477
17.1328
17.1328
17.1328
17.1328
17.5233
17.4452
17.4452
17.4976
17.0724
17.4013
17.0773
16.8148
16.8148
16.8148
17.1146
17.1146
17.1146
17.1146
17.1146
17.1146
17.1146
17.1146
17.1146
17.5032
17.4608
17.4608
17.4608
17.4608
17.1119
17.1119
17.1131
17.1131
17.1253
17.1253
17.1253
17.1253
17.1253
17.1253
17.2221
17.5635
17.5635
17.1866
17.3238
17.3238
17.3238
17.13
17.13
17.13
17.13
17.13
17.13
17.13
17.13
17.13
17.13
17.1146
17.1146
17.201
17.201
17.201
17.0972
16.93
17.4349
17.4349
17.4349
17.4349
17.1684
17.3422
17.3422
17.3422
17.0787
17.0787
17.3817
17.3817
17.3817
17.3817
16.7102
17.4226
17.2229
17.3634
17.3634
17.1996
17.2794
17.2794
17.2794
17.4458
17.5371
17.371
17.507
