247 610 457 356 243 138 224 0 0 0 2275
251 607 359 452 244 134 228 0 0 0 0 0 0 2275
251 607 358 452 133 245 229 2275
249 606 359 452 134 243 232 0 0 0 0 0 0 0 2275
219 360 600 458 139 245 253 1 0 2275
223 356 606 457 136 243 254 0 0 0 0 0 2275
348 225 603 461 138 243 257 0 0 2275
218 347 605 467 143 238 257 2275
217 351 464 597 137 242 267 0 0 2275
218 352 602 458 140 243 262 0 2275
223 603 348 461 136 240 264 2275
223 603 352 460 137 264 236 0 0 0 0 0 0 2275
232 355 601 452 135 262 238 0 0 0 0 0 0 0 0 2275
236 600 353 455 139 228 264 0 0 0 0 0 2275
234 601 355 456 140 260 229 0 0 0 2275
601 229 353 467 137 259 229 0 0 2275
595 353 224 460 146 265 232 0 2275
595 353 228 464 142 262 231 0 2275
591 357 478 227 136 270 216 2275
596 358 477 232 133 215 264 0 0 0 0 2275
358 593 477 229 133 217 268 0 0 2275
355 601 474 233 217 133 262 0 2275
355 470 603 234 220 136 257 2275
352 471 601 235 216 138 262 0 0 0 2275
472 355 596 232 218 135 267 2275
355 467 598 231 221 137 266 0 2275
472 350 602 207 233 143 268 0 0 0 0 0 0 0 2275
467 352 599 209 232 149 267 0 0 0 2275
355 476 596 230 202 154 262 0 0 2275
469 351 593 231 209 157 265 2275
478 354 584 213 231 146 269 0 0 0 0 0 0 0 0 0 2275
477 357 595 210 229 266 141 0 0 0 2275
474 352 594 213 229 271 142 0 2275
476 351 598 213 226 271 140 0 2275
471 353 597 217 271 226 140 0 0 2275
357 469 596 212 270 230 141 0 2275
352 473 596 214 228 267 145 2275
352 593 472 219 230 268 141 2275
354 595 472 230 221 266 137 0 0 2275
353 600 474 232 220 135 261 2275
357 600 472 217 230 140 259 0 0 0 0 0 0 0 2275
602 354 472 215 229 142 261 0 0 2275
356 603 463 219 232 143 259 0 2275
351 599 468 232 218 145 262 2275
351 596 473 232 216 265 142 0 0 0 2275
356 598 468 213 230 268 142 0 0 2275
353 597 215 467 229 269 145 0 2275
355 595 465 217 232 267 144 0 0 0 2275
354 600 462 235 219 264 141 0 2275
356 598 467 235 209 269 141 0 0 2275
355 595 468 209 237 267 144 2275
357 471 593 205 236 268 145 0 0 0 0 2275
363 460 597 207 235 144 269 2275
361 463 597 202 237 269 146 0 2275
358 463 600 240 208 266 140 2275
358 456 599 245 267 207 143 0 0 0 0 2275
358 460 599 268 241 208 141 0 0 0 0 0 0 0 0 2275
361 599 463 267 239 206 140 2275
356 602 263 466 240 207 141 0 0 0 2275
355 594 264 462 248 211 141 0 0 0 0 0 2275
356 594 460 263 249 218 135 0 0 0 0 0 0 0 2275
356 600 462 261 248 136 212 2275
352 476 594 263 247 135 208 0 0 0 0 0 2275
353 471 263 593 248 139 208 0 0 0 2275
471 353 268 588 245 139 211 0 0 0 0 0 0 0 0 0 0 0 2275
467 354 271 583 245 140 215 0 2275
464 357 270 583 136 245 220 0 0 0 0 0 0 0 2275
352 465 270 583 141 247 217 0 0 0 0 0 2275
343 470 268 583 250 141 220 2275
348 460 271 582 250 142 222 0 0 0 2275
351 458 269 586 139 246 226 2275
363 462 217 584 141 285 223 0 0 0 2275
357 468 232 583 271 145 219 0 0 2275
357 468 234 573 275 221 147 0 0 0 0 0 0 0 0 2275
357 469 575 236 276 225 137 0 0 0 0 0 0 0 0 2275
473 353 584 232 278 218 137 0 0 0 2275
466 352 589 231 278 218 141 0 2275
460 354 231 585 276 226 143 2275
455 356 234 587 276 232 135 0 0 2275
460 356 236 593 266 220 144 0 0 0 0 0 0 0 0 2275
459 238 359 590 268 223 138 0 0 0 0 2275
459 237 356 270 584 228 141 2275
457 238 355 276 584 137 228 0 0 0 2275
457 353 240 269 587 140 229 0 2275
459 357 224 239 585 136 275 0 0 0 0 2275
446 357 242 230 590 136 274 0 0 2275
452 354 243 226 589 140 271 0 0 0 0 0 2275
452 358 242 225 590 137 271 0 0 2275
454 242 358 225 589 136 271 2275
456 238 357 231 587 274 132 0 0 2275
459 244 349 584 231 275 133 0 0 2275
456 351 247 589 224 274 134 0 0 2275
459 353 240 590 222 277 134 0 0 2275
458 240 354 592 217 276 138 2275
461 240 349 220 589 275 141 0 0 0 0 0 2275
240 459 352 221 592 269 142 0 0 0 0 2275
243 352 457 219 596 268 140 0 2275
238 358 461 597 218 268 135 0 2275
358 232 467 595 216 268 139 2275
354 231 596 463 226 264 141 0 0 0 0 2275
352 233 464 598 220 263 145 0 0 0 2275
353 464 234 601 219 261 143 0 0 0 2275
354 464 212 600 266 236 143 0 0 0 0 2275
354 466 603 208 267 234 143 0 0 0 0 2275
352 605 467 212 267 229 143 0 0 0 0 0 0 0 0 2275
355 466 598 216 268 227 145 0 2275
471 352 585 221 273 228 145 0 0 0 0 0 2275
467 354 592 269 220 228 145 0 0 0 0 2275
351 466 599 261 223 230 145 0 2275
349 472 601 229 265 215 144 0 0 0 0 0 0 0 2275
351 473 598 233 209 270 141 0 0 0 0 0 0 0 0 0 0 2275
351 603 471 229 218 266 137 0 0 0 0 2275
355 600 464 230 219 273 134 0 2275
357 469 602 231 218 268 130 0 0 0 0 2275
354 470 606 232 223 261 129 0 0 0 0 2275
369 477 600 220 200 274 135 2275
478 365 598 224 214 267 129 0 2275
360 472 601 229 223 261 129 0 0 0 2275
359 470 598 229 223 268 128 2275
357 469 598 230 227 262 132 0 0 0 0 2275
360 470 601 225 261 228 130 2275
359 464 600 264 225 231 132 0 2275
461 355 597 264 229 232 137 0 2275
459 357 265 596 222 234 142 0 0 2275
361 462 264 596 223 235 134 0 2275
362 469 265 593 239 215 132 0 2275
465 357 265 597 235 219 137 0 0 0 0 2275
476 354 265 594 235 137 214 2275
467 355 266 598 236 136 217 0 0 2275
466 357 273 596 234 217 132 0 2275
467 356 265 237 601 210 139 0 2275
468 356 237 265 602 211 136 0 0 0 2275
463 356 240 265 604 210 137 0 0 0 0 0 0 2275
471 236 356 271 600 209 132 0 0 0 0 2275
464 241 357 595 273 209 136 0 0 2275
470 353 241 599 270 209 133 0 0 0 2275
473 353 240 598 268 212 131 0 0 0 0 0 0 2275
464 355 241 597 273 211 134 0 0 0 0 2275
462 355 267 605 241 135 210 0 0 0 0 0 0 0 2275
352 464 261 606 244 136 212 0 2275
354 459 606 260 244 136 216 0 0 0 2275
464 354 602 264 245 135 211 2275
462 358 598 264 137 243 213 0 0 2275
464 599 359 266 141 242 204 0 0 0 0 0 2275
463 602 359 262 138 242 209 0 2275
465 592 361 268 239 138 212 0 2275
594 469 361 268 239 135 209 0 0 0 0 0 0 0 2275
600 469 360 237 267 137 205 0 2275
597 471 359 269 237 143 199 0 0 0 2275
598 357 473 266 236 146 199 0 0 2275
599 361 469 259 240 200 147 0 0 0 2275
603 358 259 465 240 208 142 0 2275
601 362 268 460 208 242 134 0 2275
605 270 360 456 205 244 135 0 0 2275
601 271 360 459 242 207 135 0 2275
602 271 463 361 241 201 136 0 0 2275
602 270 465 360 239 202 137 0 0 2275
605 269 358 464 241 206 132 2275
601 269 357 466 199 244 139 0 0 0 0 2275
598 270 358 199 470 244 136 0 2275
270 600 359 205 468 242 131 2275
273 597 356 205 469 240 135 0 2275
272 597 353 206 244 473 130 0 2275
279 600 364 248 166 488 130 0 0 2275
280 598 252 362 170 489 124 2275
281 596 248 361 180 485 124 0 2275
281 593 353 248 186 487 127 0 0 2275
276 592 359 247 189 487 125 0 0 0 0 2275
276 356 585 248 193 489 128 0 2275
276 359 582 248 203 481 126 0 0 0 2275
276 360 581 245 205 479 129 0 0 0 0 0 0 0 2275
274 584 362 245 206 479 125 0 0 2275
273 582 361 244 207 479 129 0 0 0 0 2275
268 585 360 248 477 212 125 0 0 0 0 0 0 2275
270 584 361 242 479 212 127 0 0 0 0 0 0 0 0 0 0 2275
270 589 361 241 474 213 127 0 0 0 0 0 0 0 2275
269 589 363 242 466 217 129 0 0 0 0 0 0 0 0 0 0 2275
265 588 362 245 466 216 133 0 0 0 2275
266 586 244 362 470 212 135 2275
266 583 362 240 468 219 137 2275
269 362 587 240 464 219 134 0 2275
269 361 592 240 455 221 137 0 0 2275
270 358 591 241 451 226 138 2275
266 355 239 590 454 232 139 0 0 0 2275
358 266 239 588 461 222 141 0 0 0 0 2275
357 265 235 591 219 458 150 0 0 0 0 0 2275
353 269 243 586 449 230 145 0 2275
355 269 598 237 452 223 141 0 2275
353 276 594 238 444 219 151 2275
353 276 591 240 447 148 220 2275
278 357 587 239 448 146 220 0 0 2275
276 363 588 237 450 226 135 0 0 0 0 0 2275
273 364 591 241 449 227 130 0 0 2275
273 362 242 588 452 226 132 0 0 2275
272 366 589 248 446 219 135 0 2275
273 590 362 245 446 224 135 0 2275
275 590 358 242 443 228 139 2275
268 591 351 247 450 230 138 0 2275
265 592 358 245 452 221 142 2275
269 591 240 354 452 227 142 0 2275
267 596 243 358 448 221 142 0 0 0 2275
275 589 354 242 453 221 141 0 0 2275
272 350 588 239 462 222 142 2275
273 351 591 240 460 221 139 0 0 0 2275
275 353 588 242 462 215 140 0 0 0 2275
276 584 353 241 466 214 141 0 0 0 2275
272 586 356 247 458 219 137 0 0 0 2275
278 351 590 246 459 211 140 2275
273 595 353 248 452 215 139 0 2275
271 597 355 249 217 449 137 0 2275
272 595 352 220 249 452 135 0 0 0 0 2275
267 595 353 250 219 454 137 2275
268 594 356 246 453 224 134 0 0 0 2275
270 589 353 246 457 225 135 0 2275
592 271 354 247 451 223 137 0 0 0 0 2275
595 265 252 355 444 227 137 0 0 0 0 0 0 2275
589 269 356 250 451 225 135 0 0 2275
589 271 361 249 445 227 133 0 0 0 0 2275
585 359 270 249 454 226 132 0 0 2275
583 357 245 270 458 227 135 2275
586 244 353 268 466 224 134 0 0 2275
584 247 350 266 469 223 136 0 0 0 0 0 0 0 2275
586 240 351 264 468 227 139 0 0 0 0 0 2275
245 593 357 257 460 228 135 0 0 2275
246 358 593 264 449 224 141 0 0 0 0 0 2275
241 590 357 263 460 226 138 0 0 0 0 2275
242 590 265 359 455 227 137 0 0 0 0 0 0 0 0 2275
243 592 266 357 222 459 136 0 0 0 0 0 0 2275
242 267 592 355 223 458 138 0 0 0 2275
276 244 586 352 221 453 143 2275
272 590 246 351 228 447 141 0 0 2275
278 590 247 351 448 225 136 0 0 0 0 2275
277 595 245 445 354 228 131 0 0 0 2275
275 593 459 243 349 227 129 2275
268 595 246 451 355 231 129 0 0 2275
270 592 458 239 352 229 135 0 0 2275
267 597 458 236 355 232 130 2275
262 594 466 352 233 233 135 0 2275
265 462 590 349 237 232 140 0 0 0 0 0 2275
266 460 594 349 230 241 135 0 0 0 0 0 2275
264 461 598 354 227 239 132 0 0 0 0 0 2275
472 270 595 348 223 232 135 0 0 0 0 0 0 2275
469 271 589 347 236 224 139 0 0 0 2275
463 265 597 235 346 227 142 0 0 0 0 0 0 0 0 0 0 0 0 0 0 0 2275
463 270 592 350 233 226 141 0 0 0 2275
469 272 591 352 230 222 139 0 2275
275 460 591 356 233 219 141 0 2275
277 592 459 354 231 220 142 0 0 0 0 2275
267 601 460 353 231 218 145 0 0 2275
271 597 469 358 231 210 139 0 0 2275
268 459 604 358 230 216 140 0 2275
269 595 471 349 228 217 146 0 0 2275
594 269 472 350 230 221 139 2275
591 271 470 348 221 232 142 0 2275
594 270 463 351 223 232 142 0 2275
591 272 462 352 235 225 138 0 2275
592 272 352 460 234 227 138 0 0 0 0 0 0 2275
269 594 350 458 234 228 142 0 0 0 0 0 2275
271 591 356 463 234 219 141 0 2275
269 596 459 351 237 222 141 0 0 0 2275
268 601 456 354 238 215 143 0 2275
265 602 459 236 361 215 137 0 2275
262 602 463 239 353 217 139 0 0 2275
265 600 459 238 353 218 142 0 2275
265 606 460 234 352 138 220 0 0 2275
261 603 460 235 354 139 223 0 0 0 0 2275
263 604 461 232 352 222 141 0 0 2275
265 596 465 354 229 229 137 0 0 2275
264 597 459 353 235 230 137 0 0 2275
260 596 452 245 350 230 142 0 0 2275
266 591 451 360 238 228 141 0 2275
271 589 452 358 239 228 138 0 2275
270 584 357 465 235 225 139 0 0 0 0 0 2275
273 586 358 213 467 236 142 0 0 0 0 0 2275
267 585 222 355 470 234 142 2275
269 587 224 348 474 230 143 0 0 0 0 0 0 0 0 2275
269 587 234 348 466 143 228 0 0 0 0 0 0 0 2275
588 270 234 349 466 147 221 0 0 2275
589 272 345 233 467 145 224 0 0 0 0 0 2275
590 351 272 230 466 141 225 0 0 0 2275
591 347 270 235 466 145 221 0 0 2275
588 271 347 241 459 145 224 0 0 2275
591 266 351 239 455 233 140 0 0 0 0 0 2275
590 267 354 239 457 227 141 0 0 2275
268 595 352 236 462 224 138 2275
266 604 350 235 460 224 136 0 0 0 0 0 0 0 0 2275
271 598 353 461 237 218 137 0 0 0 0 0 0 0 0 0 2275
264 603 452 354 240 226 136 0 0 0 0 0 0 2275
598 260 450 351 244 234 138 0 0 0 0 0 2275
602 447 262 353 243 235 133 0 0 0 2275
604 443 261 355 245 234 133 0 0 0 0 2275
447 595 264 354 246 230 139 0 0 2275
598 451 263 356 243 226 138 0 2275
592 452 245 356 266 224 140 0 0 2275
452 588 243 356 269 227 140 2275
587 456 242 354 273 225 138 0 0 2275
589 462 242 350 269 221 142 0 0 2275
590 460 349 240 274 216 146 0 2275
461 588 354 237 277 218 140 0 2275
466 593 353 273 233 218 139 0 0 2275
462 596 348 236 271 221 141 0 0 0 0 0 0 0 2275
592 466 348 238 271 221 139 0 0 0 2275
592 473 352 272 238 211 137 0 0 0 2275
587 477 355 271 240 135 210 2275
585 473 353 238 273 141 212 0 0 0 0 2275
471 583 355 237 274 142 213 0 0 0 2275
585 476 352 232 271 141 218 0 2275
592 471 352 232 268 139 221 0 0 2275
589 479 353 267 228 144 215 0 2275
586 485 351 269 221 221 142 0 0 2275
585 487 351 272 224 137 219 0 0 2275
582 488 273 350 227 135 220 0 0 2275
588 483 273 354 135 225 217 2275
591 482 272 353 138 214 225 2275
485 589 273 354 141 208 225 2275
481 592 272 356 139 227 208 0 2275
480 585 273 353 144 230 210 2275
476 585 349 273 145 234 213 2275
475 347 590 276 146 233 208 0 0 0 0 0 0 0 2275
473 350 595 272 139 233 213 2275
469 344 596 271 146 217 232 0 0 0 0 0 2275
469 347 606 263 213 145 232 0 0 0 2275
462 347 603 218 266 146 233 0 2275
461 350 605 264 217 145 233 0 0 0 0 0 0 2275
352 463 603 264 216 144 233 0 0 2275
348 469 596 268 213 236 145 2275
345 464 598 272 237 215 144 0 0 0 0 0 0 2275
342 469 594 273 233 142 222 0 0 0 0 2275
345 466 594 276 231 139 224 0 0 0 2275
345 595 468 273 219 141 234 0 0 0 2275
346 591 466 277 217 237 141 0 2275
348 470 594 273 215 236 139 0 0 0 2275
350 470 590 210 276 235 144 2275
350 467 600 267 215 231 145 0 0 0 2275
352 467 269 598 214 232 143 0 0 0 0 0 0 0 0 0 2275
469 355 268 595 214 233 141 0 0 0 0 0 0 2275
471 352 274 211 588 238 141 0 0 2275
352 468 274 212 588 235 146 0 0 0 0 0 0 0 2275
349 469 270 593 214 234 146 0 0 0 0 0 2275
351 274 460 590 222 234 144 0 0 0 0 2275
355 271 460 593 222 236 138 0 0 0 0 0 0 2275
353 269 594 464 220 233 142 0 0 0 2275
347 265 598 464 234 224 143 0 0 0 0 0 2275
348 601 269 456 237 226 138 0 0 0 0 2275
347 601 263 239 458 230 137 2275
343 268 593 236 464 233 138 0 0 0 2275
266 342 595 236 467 224 145 0 0 2275
270 341 595 236 462 225 146 2275
269 594 342 239 459 224 148 0 0 0 0 2275
269 596 347 236 458 220 149 2275
271 594 341 237 462 221 149 0 0 0 2275
594 274 348 235 462 212 150 2275
593 275 350 237 457 144 219 2275
592 275 352 234 463 139 220 0 0 0 0 2275
593 353 276 234 461 142 216 0 0 0 0 0 2275
594 352 274 231 469 137 218 0 0 0 0 0 0 0 0 0 0 0 2275
597 351 273 463 231 140 220 0 0 0 2275
602 351 269 460 142 231 220 0 0 0 0 0 2275
604 354 270 461 231 138 217 0 0 0 0 2275
605 355 265 467 230 217 136 2275
604 356 266 473 212 227 137 0 0 2275
600 354 266 472 218 229 136 0 0 0 0 0 0 0 2275
601 265 349 470 221 231 138 2275
600 262 474 350 220 228 141 0 2275
594 263 475 350 229 224 140 0 0 2275
597 261 355 468 229 224 141 0 0 0 0 0 2275
265 594 355 467 229 225 140 0 0 0 0 0 2275
265 598 351 463 231 226 141 0 0 0 0 0 0 2275
595 270 352 460 230 225 143 0 0 0 2275
594 269 463 357 229 225 138 0 0 0 0 0 0 0 2275
595 266 467 353 224 230 140 2275
595 264 463 351 231 146 225 0 0 2275
596 462 263 351 231 146 226 0 0 0 0 2275
602 472 257 209 353 151 231 0 2275
603 475 213 259 349 149 227 0 2275
601 475 258 212 351 148 230 0 0 0 0 2275
464 598 259 214 355 151 234 2275
471 599 263 211 353 149 229 0 0 2275
472 600 263 350 211 150 229 0 2275
468 597 354 266 216 144 230 0 0 0 0 0 2275
464 594 270 353 218 147 229 0 0 0 0 0 0 0 2275
594 464 269 350 224 143 231 0 2275
601 462 350 269 223 140 230 0 0 0 0 2275
595 461 354 271 227 137 230 2275
599 454 267 354 225 142 234 0 0 0 0 0 2275
598 264 463 356 222 140 232 0 0 0 0 0 0 0 0 0 2275
594 266 474 354 219 138 230 0 2275
599 267 352 472 218 139 228 0 2275
597 268 350 216 475 143 226 0 0 2275
603 352 265 225 471 132 227 2275
602 354 228 263 465 134 229 0 2275
596 211 367 268 472 136 225 0 0 0 0 0 2275
596 217 371 264 464 139 224 0 0 0 0 0 0 0 0 0 0 0 0 2275
593 222 362 472 263 141 222 0 0 2275
590 225 471 359 269 143 218 0 0 0 0 0 0 0 0 2275
587 227 468 355 269 224 145 0 0 0 0 0 0 0 0 0 0 2275
590 227 469 353 219 268 149 0 0 0 2275
593 232 466 352 225 263 144 0 0 0 0 0 0 2275
594 232 471 357 262 217 142 0 0 0 0 0 2275
593 477 237 354 264 211 139 0 0 0 0 0 0 2275
592 474 239 358 267 208 137 0 0 0 2275
592 470 244 355 262 212 140 0 0 0 0 0 0 0 0 2275
589 473 242 354 215 264 138 0 0 0 0 2275
467 593 239 353 220 262 141 0 0 0 0 0 0 2275
470 588 238 351 220 266 142 2275
472 592 238 355 262 213 143 0 0 0 0 0 0 2275
474 589 237 353 263 213 146 0 2275
473 591 350 237 262 214 148 0 0 0 0 0 2275
468 593 350 240 267 212 145 0 0 2275
595 469 349 232 266 223 141 0 2275
594 468 350 266 234 223 140 0 0 0 0 2275
594 349 468 270 235 219 140 0 0 2275
347 593 465 271 222 235 142 2275
347 594 465 267 229 232 141 0 0 0 2275
348 465 594 264 220 232 152 0 0 2275
351 474 593 270 229 211 147 0 0 2275
353 468 598 229 264 216 147 2275
355 465 600 227 265 213 150 0 0 2275
354 461 600 232 222 267 139 0 0 2275
464 353 606 231 217 266 138 0 0 0 2275
352 465 604 230 220 264 140 2275
353 461 604 234 262 223 138 0 0 2275
352 462 600 232 263 141 225 0 0 0 0 0 0 0 0 0 2275
466 353 596 230 265 143 222 0 0 0 0 0 0 0 2275
474 350 228 595 265 141 222 0 2275
472 349 227 587 273 148 219 2275
470 351 225 591 269 151 218 2275
464 346 591 224 270 148 232 0 0 2275
459 589 348 226 269 146 238 0 2275
461 587 229 343 275 146 234 0 0 0 0 0 0 2275
466 230 583 342 279 144 231 0 0 0 2275
469 231 588 274 346 140 227 0 2275
474 231 595 267 349 138 221 0 2275
230 474 599 268 351 138 215 0 0 2275
229 468 601 266 353 221 137 0 0 0 0 0 2275
472 230 597 267 355 219 135 0 2275
461 231 603 358 268 221 133 0 2275
460 607 231 357 264 220 136 0 0 0 2275
461 606 236 359 261 219 133 0 0 2275
468 605 235 356 220 260 131 0 0 2275
605 472 236 357 225 255 125 0 0 0 0 0 0 0 2275
607 462 354 239 231 258 124 0 0 0 0 2275
605 459 355 228 236 261 131 0 2275
602 458 355 236 231 256 137 0 0 2275
601 459 354 238 258 230 135 0 0 2275
593 463 357 236 266 226 134 0 0 2275
477 593 351 230 262 225 137 0 0 2275
476 593 347 265 233 223 138 0 0 0 0 0 2275
589 479 347 264 231 225 140 0 0 0 0 0 0 2275
592 472 348 263 228 231 141 0 0 0 2275
595 467 351 265 231 223 143 0 0 0 0 2275
597 464 353 232 265 219 145 2275
465 599 350 232 266 219 144 0 0 0 2275
472 595 349 238 265 214 142 0 2275
467 602 354 237 257 218 140 2275
603 468 352 238 258 219 137 2275
464 609 355 237 254 222 134 0 0 2275
466 610 356 251 237 222 133 0 0 2275
470 607 359 254 216 236 133 0 2275
462 607 354 253 225 235 139 0 0 0 0 0 2275
607 462 353 254 224 234 141 0 0 2275
602 468 351 258 234 219 143 0 0 0 0 0 0 2275
602 464 353 239 258 217 142 0 0 0 0 2275
461 604 348 240 259 215 148 0 0 2275
461 597 347 238 221 262 149 0 0 0 0 0 2275
463 350 595 237 221 262 147 0 0 2275
468 591 349 234 219 265 149 0 0 0 2275
468 590 352 224 230 266 145 0 0 0 0 2275
464 589 351 221 235 269 146 0 0 0 0 0 0 0 0 0 0 0 0 0 0 0 0 0 0 0 2275
589 464 365 207 226 279 145 0 0 0 0 0 0 2275
588 471 357 226 221 144 268 0 0 0 2275
473 595 353 226 227 142 259 0 0 0 2275
468 598 356 227 229 139 258 2275
475 598 353 226 230 133 260 0 0 0 2275
470 601 352 225 139 230 258 0 0 2275
472 604 351 224 138 258 228 0 0 0 2275
476 599 348 220 259 142 231 0 2275
473 601 349 218 261 232 141 2275
474 598 345 224 262 232 140 0 2275
476 597 344 222 266 142 228 0 0 0 0 2275
472 593 345 235 267 143 220 0 0 0 0 0 2275
603 468 345 235 266 142 216 0 0 0 0 2275
603 465 345 238 137 261 226 0 0 0 0 2275
602 464 353 237 131 264 224 0 0 2275
467 596 348 239 136 268 221 0 0 0 0 0 2275
599 459 353 239 136 267 222 0 2275
599 462 350 239 267 131 227 2275
460 596 354 239 269 134 223 0 0 0 2275
464 597 355 268 237 135 219 0 2275
601 460 356 263 236 137 222 0 2275
602 463 352 263 237 141 217 0 0 0 0 0 2275
601 466 353 265 234 140 216 0 0 2275
594 462 349 266 242 226 136 0 0 0 0 0 0 0 2275
594 466 349 239 267 221 139 0 0 0 0 0 2275
595 464 238 355 268 213 142 0 0 0 0 0 2275
597 469 353 236 268 214 138 2275
593 468 351 273 240 216 134 0 0 0 2275
597 455 267 355 242 223 136 0 0 0 0 2275
600 456 266 242 353 224 134 0 2275
601 461 266 242 353 137 215 0 0 0 2275
597 466 238 265 347 140 222 0 0 2275
464 593 242 264 342 144 226 0 0 2275
471 597 238 344 265 144 216 2275
461 606 240 341 260 221 146 0 2275
455 609 240 340 227 258 146 0 0 2275
457 606 243 342 262 220 145 0 0 0 0 2275
454 603 345 240 262 226 145 0 0 0 0 2275
451 610 347 241 260 143 223 0 0 0 0 0 0 0 0 2275
455 343 617 246 246 141 226 0 0 1 2275
458 345 620 248 234 142 228 0 0 0 0 0 2275
463 341 246 620 236 143 226 0 2275
464 347 614 251 236 141 222 0 0 0 0 2275
468 348 254 609 232 140 223 1 0 0 0 2275
471 349 257 604 233 140 221 0 0 0 0 0 0 2275
469 350 603 263 229 139 222 2275
468 600 347 267 233 141 219 0 0 2275
598 463 351 268 232 140 223 0 0 0 0 0 0 0 2275
602 460 350 265 234 140 224 0 0 2275
597 353 457 271 238 138 221 0 0 2275
593 357 452 278 236 226 133 0 0 2275
586 357 460 280 233 136 223 0 0 2275
589 463 356 274 238 134 221 0 0 0 2275
592 471 361 267 239 218 127 0 0 0 2275
591 474 369 269 235 211 126 0 0 2275
594 467 270 368 240 214 122 0 0 0 0 2275
474 595 266 369 241 208 122 0 0 0 2275
474 263 598 365 238 211 126 0 0 0 0 2275
266 467 595 364 241 210 132 0 0 0 0 0 2275
267 592 470 359 240 213 134 0 0 0 0 2275
261 596 471 241 357 213 136 2275
263 591 473 361 240 205 142 0 0 0 0 0 0 0 0 2275
267 587 361 467 239 210 144 0 0 0 0 0 0 0 0 2275
590 266 361 468 240 212 138 0 0 0 2275
590 271 359 470 241 208 136 0 0 0 0 0 0 0 0 2275
591 271 360 464 214 238 137 0 0 0 0 0 2275
595 268 360 461 210 239 142 0 0 0 0 0 0 2275
596 265 358 219 464 236 137 0 0 0 0 2275
595 266 360 219 465 237 133 0 0 0 2275
595 270 358 463 218 237 134 0 0 0 2275
269 597 355 471 215 234 134 0 0 0 0 0 2275
269 598 468 355 213 231 141 0 0 0 2275
267 603 467 357 213 229 139 0 0 2275
603 261 467 354 222 230 138 0 0 2275
605 266 466 353 218 232 135 0 0 0 0 0 0 0 0 2275
604 266 459 359 232 218 137 0 0 0 0 0 0 2275
595 274 471 367 222 208 138 2275
598 269 474 357 217 214 146 0 0 0 0 0 0 0 0 2275
597 481 271 355 215 212 144 0 0 2275
477 599 270 357 209 219 144 0 0 2275
481 598 271 352 206 222 145 0 2275
477 595 271 353 211 226 142 0 0 2275
478 592 353 270 209 228 145 0 0 0 0 0 0 0 0 2275
480 586 355 275 228 208 143 0 2275
588 477 352 270 229 215 144 2275
591 355 478 264 229 214 144 2275
593 354 468 229 267 219 145 2275
600 354 463 268 231 221 138 2275
596 361 469 218 219 269 143 0 2275
593 357 465 227 274 218 141 0 0 2275
594 359 459 273 229 222 139 2275
596 459 354 268 233 226 139 2275
458 593 358 272 236 220 138 0 2275
597 460 359 274 237 215 133 2275
601 458 273 357 237 217 132 2275
591 457 280 359 217 236 135 0 2275
458 589 276 358 212 239 143 2275
461 590 271 360 239 210 144 0 0 0 2275
454 592 268 363 216 238 144 0 0 0 0 2275
456 590 272 356 235 217 149 0 0 2275
590 458 272 358 237 220 140 0 2275
463 590 269 356 233 221 143 0 0 0 0 2275
467 590 271 356 231 221 139 0 2275
459 276 588 357 233 223 139 0 0 0 0 0 2275
466 271 590 357 219 231 141 0 2275
470 272 592 355 229 213 144 0 0 0 0 2275
273 468 592 355 218 228 141 2275
270 468 593 354 224 229 137 0 0 0 2275
268 480 352 593 219 230 133 0 0 0 2275
269 477 354 595 217 228 135 0 0 0 2275
265 475 356 597 218 230 134 0 0 2275
268 483 352 593 231 214 134 0 0 0 2275
271 477 355 591 216 232 133 0 0 0 2275
270 480 351 590 216 133 235 0 0 0 2275
267 475 591 348 221 139 234 0 0 0 2275
267 473 588 350 221 237 139 0 0 0 0 0 2275
268 587 466 350 223 242 139 0 0 0 0 0 2275
272 471 592 353 214 235 138 2275
270 471 595 354 209 142 234 2275
467 273 597 351 212 140 235 0 2275
274 459 601 353 213 137 238 0 0 2275
271 463 597 212 352 140 240 2275
266 461 598 354 220 136 240 2275
264 463 602 354 135 217 240 2275
266 604 463 352 136 214 240 2275
263 466 603 355 138 211 239 2275
271 473 593 353 142 242 201 0 0 2275
473 270 599 350 137 239 207 0 0 0 2275
467 270 355 597 137 236 213 0 2275
272 462 354 595 135 236 221 0 0 2275
274 359 455 591 136 236 224 0 2275
272 465 355 587 139 232 225 2275
279 462 351 581 237 138 227 0 0 0 0 0 2275
279 471 346 578 239 133 229 2275
277 477 350 579 231 223 138 0 2275
481 277 352 580 228 222 135 0 2275
471 276 354 581 233 227 133 0 0 0 0 2275
468 274 356 586 225 232 134 0 2275
479 282 355 582 220 229 128 0 0 2275
486 276 355 581 232 217 128 2275
481 272 355 587 233 217 130 2275
481 354 274 586 233 216 131 2275
354 481 277 583 232 218 130 2275
353 270 478 589 233 216 136 0 0 0 2275
267 346 479 592 231 218 142 0 0 2275
266 348 474 234 591 221 141 0 2275
262 346 470 235 595 227 140 0 0 2275
264 471 347 240 592 218 143 0 0 0 0 0 0 2275
475 263 350 234 591 221 141 0 0 0 0 0 2275
474 266 347 237 591 220 140 0 0 2275
263 473 352 238 590 219 140 2275
262 354 467 236 594 221 141 2275
264 354 473 594 234 217 139 2275
267 352 472 594 236 210 144 0 0 0 0 2275
271 354 592 474 239 202 143 2275
269 351 468 599 235 205 148 0 2275
272 352 470 596 206 238 141 0 0 2275
269 476 352 598 201 233 146 0 2275
267 477 346 601 204 236 144 2275
261 469 345 600 241 215 144 0 2275
262 474 347 593 217 241 141 0 2275
266 473 354 588 211 242 141 0 0 0 2275
263 462 593 357 218 246 136 0 0 0 2275
260 468 354 594 211 247 141 0 0 0 2275
264 471 591 349 214 245 141 0 0 0 2275
263 470 592 354 239 219 138 0 0 0 0 0 2275
266 588 470 357 238 220 136 2275
271 478 580 359 238 214 135 0 0 0 0 0 2275
470 269 587 360 236 217 136 0 0 0 0 2275
469 587 270 361 237 213 138 0 0 0 0 0 0 0 2275
594 463 266 360 236 216 140 0 0 0 2275
596 461 269 356 237 140 216 0 0 0 0 2275
596 463 271 355 236 137 217 2275
597 464 268 359 232 142 213 0 2275
596 466 357 268 233 143 212 2275
464 595 356 273 234 140 213 0 0 0 0 0 2275
456 357 597 275 234 137 219 0 0 0 0 2275
356 456 595 273 239 138 218 2275
355 453 593 272 143 238 221 0 2275
355 595 455 270 141 239 220 2275
356 592 456 136 273 236 226 0 0 2275
351 591 462 275 137 231 228 0 0 0 2275
353 592 463 274 141 219 233 0 0 0 0 0 0 2275
593 352 472 269 143 214 232 2275
591 359 266 470 142 215 232 2275
589 358 270 466 234 143 215 0 0 0 0 0 0 0 0 0 2275
593 267 351 464 237 145 218 0 0 0 0 2275
595 264 355 461 236 219 145 0 0 0 0 0 2275
596 267 356 460 219 239 138 0 0 0 0 2275
595 266 363 455 220 240 136 0 2275
597 267 361 455 242 216 137 0 2275
599 271 359 456 239 215 136 0 0 0 2275
595 271 362 457 238 217 135 2275
591 270 353 453 247 144 217 0 0 2275
590 270 351 245 454 145 220 0 0 2275
598 264 351 247 146 446 223 0 2275
593 352 263 244 145 454 224 0 0 2275
595 351 267 237 456 145 224 2275
589 352 265 233 461 145 230 0 0 0 0 0 0 0 2275
595 351 266 235 455 232 141 2275
599 357 268 232 452 233 134 0 0 0 0 0 2275
601 358 266 232 234 446 138 2275
605 362 269 237 225 445 132 0 0 0 0 0 0 2275
596 272 359 236 224 457 131 0 0 0 0 2275
591 267 359 239 227 458 134 0 0 2275
601 264 356 241 454 225 134 0 0 0 2275
600 266 355 239 455 136 224 0 0 0 0 0 0 2275
595 270 361 235 136 448 230 0 0 0 2275
595 273 236 358 139 445 229 0 0 0 2275
596 214 278 373 140 450 224 0 0 0 0 2275
596 270 230 369 137 444 229 0 0 2275
600 266 235 361 138 449 226 0 0 0 0 2275
593 269 236 139 356 448 234 0 0 0 2275
597 237 270 135 353 449 234 0 0 0 2275
598 240 265 141 453 353 225 0 0 0 2275
600 241 266 141 351 448 228 0 2275
604 242 260 353 147 440 229 0 2275
603 247 351 261 149 434 230 0 2275
601 249 353 262 145 435 230 0 2275
601 242 359 263 442 147 221 2275
600 243 353 261 450 149 219 0 2275
605 357 244 260 448 145 216 0 0 0 0 0 0 0 0 0 2275
606 353 259 247 455 147 208 0 0 2275
605 357 243 264 458 144 204 0 0 2275
606 359 240 264 461 201 144 0 0 0 0 2275
601 354 242 266 461 209 142 2275
603 244 357 266 451 211 143 0 0 0 0 0 0 0 0 2275
604 247 350 265 451 144 214 0 0 0 0 0 0 0 0 0 0 2275
600 244 349 460 265 146 211 0 0 0 0 0 0 0 0 2275
603 244 351 453 266 221 137 0 0 0 2275
605 346 245 457 262 223 137 0 0 2275
604 346 242 459 260 140 224 0 0 2275
604 344 242 458 263 227 137 0 0 0 0 0 2275
606 344 241 448 266 233 137 2275
604 241 348 451 260 230 141 0 2275
602 242 347 450 229 264 141 0 2275
240 601 350 457 225 260 142 2275
237 601 348 456 230 262 141 0 2275
238 352 602 454 233 258 138 2275
240 354 457 597 232 258 137 0 0 0 0 0 0 0 2275
352 241 451 600 233 258 140 0 0 0 0 2275
350 241 456 595 263 231 139 0 0 0 0 0 0 2275
354 242 454 596 259 232 138 0 0 2275
360 244 448 258 597 231 137 0 0 0 2275
358 245 449 259 596 234 134 0 0 2275
360 248 455 260 599 220 133 0 0 0 0 2275
249 355 450 264 598 225 134 0 0 0 2275
246 354 449 597 270 222 137 2275
246 353 447 270 594 226 139 0 0 2275
353 242 454 272 595 219 140 0 2275
351 240 274 458 591 222 139 2275
352 240 465 269 589 223 137 0 0 0 0 2275
238 347 468 266 592 225 139 0 0 0 0 0 2275
240 350 463 264 596 226 136 0 0 2275
244 351 462 265 596 221 136 0 2275
245 352 459 261 599 222 137 0 0 2275
242 350 260 455 605 218 145 0 0 0 0 0 0 2275
241 351 263 606 459 210 145 0 0 0 0 0 0 0 0 0 0 0 0 0 0 0 2275
240 357 265 597 460 213 143 0 0 0 0 0 0 0 0 0 0 2275
237 265 358 598 461 217 139 0 0 0 0 2275
240 272 355 594 224 452 138 0 0 0 0 0 0 0 0 0 0 0 0 2275
243 350 270 591 219 461 141 0 2275
241 353 264 592 219 460 146 0 0 0 0 0 2275
235 267 355 587 221 463 147 0 0 0 0 2275
239 268 353 591 220 456 148 0 0 2275
241 263 595 351 222 457 146 0 0 0 0 0 0 2275
240 270 591 353 460 217 144 0 0 2275
243 592 268 349 457 217 149 0 0 0 2275
243 591 270 457 351 220 143 0 0 0 0 2275
241 593 453 269 357 224 138 0 0 0 0 0 0 0 0 2275
241 590 465 269 359 135 216 0 0 2275
236 464 599 260 364 134 218 0 0 0 2275
468 238 596 263 363 131 216 0 0 0 2275
470 236 594 262 360 136 217 0 0 2275
241 474 589 270 354 132 215 0 2275
237 590 472 271 356 132 217 0 0 0 0 0 0 2275
589 236 470 272 357 136 215 0 0 0 0 0 0 2275
234 598 460 264 356 141 222 0 2275
234 592 460 270 358 220 141 0 0 2275
220 592 466 266 359 233 139 2275
595 222 468 263 357 235 135 0 2275
593 224 266 470 355 233 134 0 0 0 0 0 2275
591 224 268 468 356 234 134 0 0 0 0 2275
597 226 461 263 354 238 136 0 0 0 0 2275
594 222 461 266 354 241 137 0 2275
589 218 465 271 353 240 139 0 0 2275
593 468 213 270 352 238 141 0 2275
595 460 214 268 354 245 139 0 0 0 2275
591 467 215 347 271 248 136 0 0 0 2275
599 219 462 349 265 242 139 0 2275
602 218 469 348 259 237 142 0 0 0 2275
601 220 462 349 235 267 141 0 0 0 0 2275
598 221 462 353 270 233 138 0 0 0 2275
592 216 468 358 277 228 136 0 0 0 0 2275
216 585 474 353 279 231 137 0 0 0 2275
212 586 354 475 277 233 138 2275
214 585 359 474 273 234 136 2275
214 581 359 476 279 232 134 2275
222 586 469 359 275 235 129 0 0 2275
217 585 474 355 272 238 134 0 2275
218 474 588 356 264 241 134 0 0 0 2275
214 475 589 265 355 240 137 0 0 2275
218 468 264 593 360 237 135 0 2275
216 472 267 591 356 238 135 0 0 2275
215 266 469 592 354 242 137 2275
210 269 593 471 351 238 143 0 0 2275
218 265 594 467 354 237 140 2275
270 213 592 469 357 230 144 2275
273 594 214 461 356 231 146 0 2275
273 594 216 357 460 231 144 0 2275
272 594 214 460 358 232 145 0 0 2275
267 595 216 460 357 234 146 0 0 0 0 2275
270 591 220 461 356 231 146 0 0 0 0 0 2275
270 219 587 469 354 228 148 0 0 0 2275
269 217 587 470 228 355 149 0 0 2275
273 211 468 588 232 356 147 0 0 2275
268 465 219 595 233 352 143 0 0 2275
267 468 588 220 235 354 143 0 2275
270 591 467 213 236 354 144 0 0 0 0 0 2275
272 474 589 207 239 355 139 0 0 0 0 0 2275
469 274 586 217 239 349 141 0 2275
275 407 650 218 354 235 136 0 0 0 0 0 0 0 0 0 2275
282 393 207 663 358 239 133 0 0 0 0 0 0 0 0 0 0 0 0 0 0 0 0 0 0 0 0 0 0 0 0 0 0 0 0 0 0 2275
273 404 208 664 357 236 133 0 0 0 0 0 0 0 2275
269 421 209 652 352 238 134 0 0 0 0 0 0 0 0 0 0 0 0 0 0 0 0 0 2275
265 428 208 646 354 239 135 0 0 0 0 0 0 0 0 0 2275
269 435 635 206 352 238 140 0 0 0 0 0 0 0 0 2275
442 269 626 211 356 238 133 0 0 0 0 0 0 0 2275
451 272 618 206 239 355 134 0 0 0 0 0 0 0 0 2275
264 451 616 213 240 352 139 0 0 0 0 0 0 0 0 2275
266 456 610 242 210 351 140 0 0 0 0 0 0 0 2275
264 452 608 213 244 352 142 0 2275
457 267 603 213 245 351 139 0 0 0 2275
459 267 603 215 244 349 138 2275
467 598 269 218 240 345 138 0 2275
467 599 270 214 348 240 137 0 0 2275
462 602 271 210 353 239 138 0 0 0 0 0 0 0 0 2275
458 599 272 215 353 139 239 0 0 0 0 2275
461 601 272 210 352 139 240 0 0 0 0 0 0 2275
455 606 267 218 131 355 243 0 0 0 0 0 2275
465 604 264 218 350 131 243 0 0 0 0 0 0 0 0 0 0 0 0 2275
603 473 261 216 352 129 241 0 0 2275
598 477 267 209 134 350 240 0 0 2275
477 598 264 212 132 353 239 0 0 2275
480 591 266 216 131 354 237 0 0 0 2275
482 589 272 206 133 240 353 0 2275
477 274 591 206 129 242 356 2275
473 274 210 587 132 241 358 0 2275
475 213 620 234 139 240 354 0 0 0 2275
472 210 645 133 220 239 356 0 0 2275
208 471 644 134 218 237 363 0 0 0 2275
212 641 472 128 224 235 363 0 2275
232 633 475 215 237 101 382 2275
240 625 474 210 239 389 98 0 2275
622 248 469 206 238 389 103 0 0 2275
618 250 464 209 240 388 106 0 0 2275
258 610 464 212 237 383 111 0 0 2275
255 608 208 458 244 382 120 0 0 0 0 2275
256 605 210 462 378 243 121 0 0 0 0 2275
258 600 211 464 242 374 126 0 0 0 0 0 0 2275
263 206 595 466 242 381 122 0 0 0 2275
268 205 592 243 460 386 121 2275
208 264 598 243 453 383 126 0 0 0 0 0 0 2275
211 602 264 241 450 386 121 0 0 0 2275
210 597 268 449 247 386 118 0 0 0 0 0 2275
207 593 273 454 383 246 119 0 2275
589 205 277 452 382 247 123 0 2275
587 209 277 456 382 241 123 0 0 2275
587 204 275 459 383 242 125 2275
592 203 277 452 238 389 124 0 0 2275
588 216 279 447 235 391 119 0 2275
588 209 281 238 451 387 121 0 0 2275
204 590 277 236 454 383 131 0 2275
207 595 239 276 450 383 125 0 2275
595 207 239 273 459 382 120 0 2275
590 211 242 277 454 380 121 0 2275
593 215 239 275 454 381 118 0 0 2275
210 597 240 271 454 382 121 0 2275
205 594 239 271 388 458 120 0 2275
211 239 592 272 387 452 122 0 0 2275
245 212 595 270 383 444 126 0 0 0 0 0 2275
245 209 597 271 385 446 122 0 2275
245 597 207 270 386 447 123 2275
242 592 209 271 385 120 456 2275
243 586 209 279 119 382 457 0 0 2275
239 210 590 277 123 383 453 0 0 2275
238 214 592 273 379 128 451 0 0 0 2275
237 216 590 273 379 452 128 0 0 0 0 2275
238 216 591 378 272 453 127 0 0 0 0 2275
239 588 219 371 272 456 130 0 0 0 0 0 0 0 0 2275
236 585 372 224 275 454 129 0 0 0 2275
235 587 380 214 454 275 130 2275
578 237 379 212 461 282 126 2275
582 237 208 381 458 278 131 2275
235 585 205 381 457 281 131 0 0 2275
238 587 207 371 459 278 135 0 2275
240 592 207 450 380 274 132 0 0 0 0 0 2275
241 584 457 207 378 276 132 0 0 0 0 2275
243 583 454 215 378 273 129 2275
588 242 452 215 379 272 127 0 0 2275
589 239 455 379 214 270 129 2275
589 245 459 380 209 268 125 2275
591 242 453 380 265 219 125 0 2275
587 245 450 274 378 213 128 0 0 0 0 2275
594 246 446 266 374 131 218 0 0 0 0 2275
589 241 449 375 273 130 218 2275
587 243 452 272 371 131 219 0 0 0 0 2275
584 440 244 274 377 129 227 0 0 0 2275
583 438 245 278 377 131 223 0 0 2275
581 446 247 378 276 132 215 0 0 0 2275
584 437 248 382 131 273 220 0 0 2275
586 444 215 381 274 129 246 0 0 0 0 2275
446 582 210 381 275 134 247 0 2275
451 580 220 379 276 244 125 0 0 0 0 2275
452 583 220 377 278 242 123 0 0 0 0 0 2275
446 587 223 380 270 244 125 0 2275
450 587 223 376 270 242 127 0 0 0 0 2275
589 449 215 380 267 243 132 0 0 0 0 0 0 0 2275
590 444 381 216 270 243 131 2275
593 441 380 270 217 246 128 0 0 2275
590 450 274 378 217 241 125 2275
445 589 278 381 214 242 126 2275
454 593 381 274 211 239 123 2275
587 470 379 278 200 234 127 2275
593 465 379 272 203 239 124 0 0 0 2275
462 594 379 274 202 240 124 2275
463 377 587 275 204 243 126 0 0 2275
462 376 593 209 268 241 126 0 0 0 0 0 0 0 2275
459 377 598 263 205 244 129 0 0 2275
375 457 598 261 211 241 132 0 2275
456 377 597 263 210 241 131 0 2275
454 383 596 265 215 240 122 0 0 0 0 0 2275
383 454 594 266 213 241 124 0 0 0 0 2275
384 597 450 266 212 239 127 0 0 0 2275
385 589 456 273 210 239 123 0 0 0 0 2275
399 586 457 212 285 208 128 0 0 2275
389 455 591 231 271 211 127 0 0 2275
452 386 594 231 274 214 124 0 0 0 0 0 2275
455 381 591 236 270 136 206 0 0 0 2275
454 386 590 232 129 274 210 0 0 0 2275
461 379 592 232 129 215 267 0 0 2275
462 379 595 237 208 129 265 2275
453 379 591 244 206 271 131 2275
446 377 594 248 213 272 125 0 2275
459 378 591 245 210 269 123 0 0 0 2275
466 377 241 587 207 272 125 0 0 0 0 0 0 0 0 2275
465 378 243 588 273 204 124 0 0 2275
462 378 244 587 206 275 123 0 0 0 0 0 2275
460 244 376 588 212 271 124 0 0 2275
456 242 378 588 213 271 127 0 0 2275
456 241 373 590 212 271 132 2275
458 242 374 591 212 271 127 0 0 2275
458 244 376 584 217 272 124 0 0 2275
392 244 435 589 223 268 124 0 2275
378 241 594 446 224 265 127 0 2275
383 243 598 442 264 218 127 0 0 2275
383 242 592 445 216 269 128 0 0 2275
383 588 243 441 219 273 128 0 0 0 0 0 2275
383 594 444 243 213 270 128 0 0 2275
375 594 445 244 218 269 130 0 0 0 2275
377 593 444 240 273 216 132 0 2275
588 379 446 236 273 219 134 2275
588 374 443 273 243 224 130 0 2275
375 585 434 273 247 232 129 0 0 0 0 0 2275
378 585 432 275 249 224 132 0 0 0 0 0 2275
379 589 275 438 247 217 130 0 0 0 2275
378 272 588 442 250 210 135 0 0 2275
270 375 591 441 248 206 144 0 0 0 0 0 0 2275
274 367 589 445 249 211 140 0 0 0 0 0 0 2275
274 371 589 450 212 247 132 0 0 0 0 0 0 0 0 0 0 0 2275
240 374 456 586 211 282 126 0 0 0 2275
242 376 455 589 212 277 124 0 0 0 0 0 2275
240 373 459 587 213 275 128 0 0 0 2275
237 375 465 590 275 208 125 0 0 0 0 0 2275
232 376 587 474 272 202 132 0 2275
238 373 589 465 202 272 136 2275
240 373 462 590 199 274 137 0 2275
373 240 465 595 200 271 131 0 2275
375 238 461 590 272 204 135 0 2275
372 466 239 585 273 204 136 0 0 0 2275
370 467 238 275 585 207 133 0 2275
468 368 239 275 585 207 133 0 2275
466 368 272 239 586 212 132 0 0 0 2275
470 275 371 240 580 208 131 0 0 0 0 0 2275
461 275 373 241 584 208 133 2275
459 269 376 239 591 207 134 0 0 0 0 0 0 0 0 0 2275
457 275 376 240 579 212 136 0 0 2275
460 277 372 579 238 216 133 0 0 0 0 0 0 0 0 0 0 0 0 0 2275
451 272 376 589 213 240 134 0 0 2275
460 270 588 378 212 238 129 0 0 0 0 0 0 0 0 0 2275
452 584 274 376 223 242 124 0 2275
453 592 377 273 215 245 120 0 0 2275
460 591 374 214 277 240 119 0 0 0 0 2275
460 587 209 378 277 244 120 0 2275
457 588 210 274 376 245 125 0 0 0 0 0 0 0 0 2275
462 586 207 270 244 375 131 0 0 0 2275
461 582 213 241 272 381 125 0 0 0 0 0 2275
457 582 212 243 277 382 122 0 0 2275
460 579 244 212 275 380 125 0 2275
459 582 203 244 276 378 133 0 0 0 0 0 0 0 0 0 0 2275
461 582 245 206 275 382 124 0 0 0 0 2275
459 585 246 208 278 380 119 0 2275
460 581 247 276 213 380 118 0 0 2275
460 579 245 277 381 214 119 0 2275
585 455 248 275 379 216 117 0 0 0 0 0 0 2275
459 588 242 274 380 213 119 0 2275
452 240 592 276 379 217 119 0 0 0 0 0 0 2275
243 452 594 276 374 216 120 0 0 0 0 0 0 0 0 2275
245 444 590 275 377 221 123 0 0 0 0 0 0 0 0 0 0 0 0 0 2275
239 444 593 274 381 222 122 0 0 0 0 0 0 2275
247 590 447 271 379 217 124 0 0 0 0 0 0 0 2275
248 588 278 444 378 223 116 0 0 0 0 0 0 0 0 0 0 2275
244 279 587 451 378 215 121 0 2275
244 590 279 452 373 217 120 0 0 0 0 0 0 0 0 0 0 0 2275
243 586 282 378 452 216 118 0 2275
245 590 379 278 453 208 122 0 0 0 0 0 0 0 0 0 0 0 0 0 2275
245 588 384 454 274 211 119 0 0 0 0 0 0 2275
243 589 383 275 451 218 116 0 0 0 2275
243 383 589 273 454 215 118 0 0 0 0 2275
243 384 590 275 451 215 117 2275
246 380 589 447 276 223 114 2275
245 586 378 453 276 222 115 0 2275
582 240 374 462 277 228 112 0 0 0 0 2275
583 373 242 461 275 220 121 0 0 0 0 0 2275
587 373 242 455 272 221 125 0 2275
582 374 442 245 280 227 125 0 0 0 0 0 0 0 0 2275
588 375 441 279 244 225 123 0 0 2275
586 451 378 279 239 220 122 0 0 2275
452 585 374 280 246 214 124 0 2275
458 589 372 247 272 214 123 0 0 0 0 0 2275
458 587 374 250 273 207 126 0 0 0 0 0 2275
