0.366337 1
0.336 0.442317
0.326667 0.105958
0.36 0.336898
0.355 0.123505
0.382222 0.388401
0.38 0.26432
0.374545 0.0890435
0.406667 0.531178
0.409231 0.531178
0.388571 0.131178
0.394667 0.178955
0.4025 0.2705
0.404706 0.2705
0.402222 0.185911
0.416842 0.430561
0.418 0.430561
0.424762 0.544819
0.418182 0.397261
0.412174 0.254153
0.415 0.288893
0.4208 0.390205
0.418462 0.324481
0.416296 0.260465
0.414286 0.198055
0.422069 0.350288
0.428 0.469209
0.429677 0.498261
0.43375 0.583487
0.435152 0.611285
0.438824 0.692934
0.435429 0.612945
0.435556 0.612945
0.433514 0.561684
0.432632 0.536535
0.432821 0.536535
0.439 0.682005
0.437073 0.634363
0.439048 0.681191
0.437209 0.635146
0.435455 0.589854
