0.346535 1
0.32 0.442317
0.306667 0.0218684
0.4 1.02261
0.37 0.524691
0.364444 0.326019
0.372 0.326019
0.363636 0.0923166
0.403333 0.644984
0.390769 0.382586
0.377143 0.0825855
0.408 0.56036
0.3925 0.239952
0.404706 0.415767
0.393333 0.161998
0.404211 0.325098
0.402 0.246344
0.413333 0.436774
0.407273 0.289216
0.408696 0.289216
0.413333 0.358696
0.4128 0.324926
0.410769 0.259202
0.414815 0.323218
0.414286 0.292014
0.41931 0.383353
0.42 0.383353
0.418065 0.32525
0.4225 0.410476
0.420606 0.35488
0.423529 0.409313
0.420571 0.329324
0.422222 0.355459
0.427027 0.457982
0.425263 0.407685
0.425641 0.407685
0.426 0.407685
0.425366 0.383864
0.42381 0.337037
0.426047 0.383082
0.426364 0.383082
