2.71163
2.71163
2.93936
2.93936
2.93936
2.93936
3.41965
3.41965
3.41965
3.28349
3.28349
3.38858
3.38858
3.38858
3.38858
3.38858
3.38858
3.38858
3.38858
3.38858
3.38858
3.39703
2.56778
2.56778
2.85981
1.86885
1.86885
1.86885
1.86885
1.56015
1.56015
1.56015
3.28421
2.43746
3.71368
3.71368
3.71368
3.61252
3.61252
3.61252
3.1827
3.02507
3.02507
3.98488
4.10807
4.10807
4.10807
4.14534
4.52449
4.52449
4.52449
4.52449
4.52449
4.52449
3.65711
3.65711
3.65711
1.98966
1.84059
3.01547
3.01547
2.15681
3.06745
3.06745
3.06745
2.77617
2.77617
2.27779
3.44292
3.20019
3.20019
2.91649
2.91649
2.47331
3.44118
3.44118
1.96435
1.96435
2.85616
2.85616
2.85616
2.29209
2.29209
2.29209
2.51101
2.51101
2.51101
2.42226
2.42226
2.42226
2.42226
2.42226
2.42226
1.82465
1.82465
2.70987
2.40984
2.91173
3.34746
3.34746
3.34746
3.49923
3.49923
3.49923
2.53089
2.53089
2.53089
1.75931
1.75931
2.97465
2.97465
2.97465
2.97465
3.27913
2.48672
3.10659
3.96495
3.96495
3.96495
3.96495
2.82914
2.10738
2.10738
2.75587
2.75587
2.156
2.156
2.156
2.156
1.94298
1.94298
1.94298
1.94298
1.94298
1.94298
2.06033
2.06033
2.06033
1.98524
2.95364
2.95364
2.15259
2.15259
2.18278
2.18278
2.5384
2.55667
2.12433
2.70743
2.70743
2.59736
2.18546
2.18546
2.18546
2.1501
2.1501
2.1501
1.63891
1.63891
1.81207
2.07425
4.56361
4.56361
4.56361
5.06493
3.72379
3.72379
4.74968
1.72717
1.72717
3.73728
2.22863
2.22863
2.22863
2.22863
2.22863
1.39369
1.39369
1.39369
1.29954
1.29954
1.29954
3.69408
3.69408
3.69408
3.69408
3.58142
3.58142
2.7607
2.7607
2.7607
2.7607
2.7607
2.73821
1.53219
1.53219
2.68182
2.68182
2.68182
2.68182
2.22266
1.80962
2.80393
2.80393
2.80393
3.10653
3.25014
3.25014
1.80542
1.80542
1.80542
1.96764
1.96764
1.96764
1.96764
1.96764
2.59586
2.70305
2.82112
2.82112
2.82112
1.58647
1.58647
1.54344
1.54344
1.54344
1.54344
1.54344
1.54344
1.54344
1.88969
1.88969
1.88969
1.97141
1.97141
1.89095
1.89095
1.89095
1.89095
1.89095
1.89095
1.89095
1.89095
1.92794
1.55438
1.55438
1.55438
1.55438
2.14241
2.14241
2.14241
2.14241
1.75965
1.75965
1.75965
1.75965
1.75965
1.75965
1.40667
1.40667
1.40667
1.25029
1.25029
1.17766
1.98575
1.72482
1.90589
1.90589
1.90589
1.90589
1.90589
1.90589
1.90589
1.90589
1.90589
1.90589
1.27992
1.27992
1.31779
1.31779
1.31779
2.21229
2.21229
2.21229
2.21229
2.21229
2.07326
2.07326
2.07326
3.05773
3.05773
1.75296
1.75296
1.75296
1.75296
1.75296
1.75296
1.75296
1.75296
1.75296
1.7892
1.89413
1.89413
1.07443
1.07443
1.07443
1.07443
1.07443
1.03268
1.03268
1.03268
1.03268
1.03268
1.03268
1.03268
1.03268
2.10727
0.972026
0.972026
0.972026
0.955998
0.955998
0.955998
0.955998
0.955998
1.26114
1.25526
1.11852
1.11852
1.11852
1.35461
1.35461
0.824906
1.20274
1.20274
1.39277
1.39277
1.59284
1.39917
1.39917
1.00853
1.02371
1.11582
1.55266
1.55266
1.75125
1.75125
1.18972
1.18972
1.18972
1.18972
1.28036
1.28036
1.28036
1.28036
1.28036
1.28036
1.28036
1.33935
1.21144
1.21144
1.7833
1.7833
1.76655
1.76655
1.76655
1.59834
1.59834
1.3902
1.53119
1.2581
1.2581
1.2581
1.2581
1.2581
1.2581
1.2581
1.2581
1.20673
1.20673
1.69421
1.69421
1.69421
1.14945
0.895234
0.939863
0.985753
1.06768
1.06768
1.06768
1.06768
1.46842
0.903457
1.06623
1.06623
1.9556
1.20694
1.20694
1.20694
1.10413
1.10413
1.33218
1.33218
1.33218
1.79978
1.79978
1.79978
2.72952
2.72952
2.98343
1.89196
2.23064
2.10481
2.10481
2.10481
1.24893
1.24893
1.14833
1.14833
1.14833
1.53632
1.53632
1.53632
1.53632
1.53632
1.53632
0.865413
0.865413
0.865413
0.929669
0.929669
0.929669
0.902359
0.902359
0.902359
0.902359
0.894668
0.894668
0.894668
1.81088
2.61084
2.61084
2.61084
2.61084
2.01512
2.0181
2.0181
2.0181
1.34693
1.34693
1.34693
1.22337
1.22337
0.701634
1.38016
1.04367
0.98477
1.91026
1.91026
1.91026
1.62679
1.62679
1.62679
1.61107
1.61107
1.59815
1.69591
1.69591
1.50307
1.50307
0.737869
1.48292
1.48292
1.37912
1.37912
1.37912
1.37912
1.37912
1.37912
1.37912
0.90821
0.90821
0.882668
0.882668
0.799306
0.538241
0.622294
0.966608
1.64002
1.64002
1.40812
1.40812
1.40812
1.40812
1.40812
1.40812
1.40812
1.40812
1.40812
1.40812
1.40812
1.40812
1.17432
1.17432
1.17432
2.14814
2.14814
2.14814
1.92263
1.92263
1.03806
0.983891
0.983891
1.16156
1.16156
1.14325
1.64383
1.2542
1.2542
1.2542
1.2542
0.962495
0.962495
0.962495
0.962495
0.982775
0.982775
1.46117
1.46117
1.46117
1.63279
1.63279
1.31988
1.31988
1.31988
0.778271
0.778271
1.02421
1.02421
1.02421
1.57345
1.57345
1.42537
1.42537
1.42537
1.32274
1.98607
1.98607
1.98607
1.1377
1.1377
1.26118
1.26118
1.26118
1.61821
1.61821
1.2475
0.795907
0.853498
0.853498
1.86179
1.67005
1.67005
2.12281
1.69556
1.69556
1.69556
1.76472
1.23724
1.23724
1.23724
1.23724
1.92135
0.59574
0.59574
0.59574
1.84983
1.98168
1.65274
1.67381
1.67381
1.67381
1.9994
1.83616
1.83616
1.39446
1.39446
1.39446
1.39446
1.39446
1.38896
1.38896
1.38896
0.798537
0.871357
0.871357
0.871357
1.32635
1.32635
1.32635
1.32635
1.21704
1.21704
0.652618
0.652618
0.835908
0.853753
0.853753
0.853753
0.853753
0.944502
2.17837
1.67409
1.67409
1.67409
1.07151
1.07151
1.07151
1.07151
1.07151
1.52765
1.16944
1.10382
0.861409
0.733728
1.89273
1.20424
1.20424
1.20424
1.01584
1.53916
1.53916
1.38345
1.38345
1.38345
1.63634
1.63634
0.584797
0.443645
0.511219
0.626223
1.07088
1.07088
1.07088
1.07088
0.643884
0.50632
0.448194
1.18634
1.18634
1.18634
1.18634
1.18634
1.18634
1.13096
1.13096
1.13096
1.13096
1.13096
1.41645
1.41645
1.41645
1.41645
1.87008
2.10904
2.10904
2.10904
1.31629
1.08036
1.08036
1.08036
1.08036
1.08036
1.08036
1.08036
1.08036
1.30982
1.30982
1.30982
1.30982
1.30982
1.30982
1.30982
1.30982
1.30982
1.30982
1.30982
1.30982
0.696262
0.93606
0.93606
0.93606
1.01662
1.01662
1.00344
1.94002
0.726482
0.726482
0.978967
0.978967
0.978967
0.978967
0.978967
0.978967
0.978967
0.978967
0.978967
0.978967
0.978967
0.978967
0.978967
1.12523
1.24555
1.24555
1.24555
1.24555
1.24555
1.24555
1.24555
1.86842
1.14331
2.04893
2.04893
1.78283
0.706351
0.641319
1.81595
1.81595
2.14381
2.14381
2.14381
1.00728
1.12109
1.12109
1.02307
1.4468
1.4468
1.4468
1.1603
1.3338
1.3338
1.3338
1.3338
1.3338
0.965273
0.965273
1.422
1.422
1.422
1.422
0.997868
0.997868
1.17351
1.17351
1.17351
1.21178
2.24425
1.53676
1.53676
1.53676
2.36599
2.36599
2.07543
2.07543
2.07543
1.94511
1.57976
1.52986
0.807068
0.807068
1.27692
1.46449
1.46449
1.46449
1.01603
1.01603
1.01603
1.01603
1.01603
1.01603
1.01603
0.893432
0.893432
1.70375
1.70375
1.70375
1.73763
1.43037
1.43037
1.43037
1.49117
1.49117
1.49117
1.92206
1.92206
2.10522
2.90921
2.90921
2.90921
2.97112
1.97333
1.72662
1.72662
1.72662
1.72662
1.74157
1.16614
1.16614
0.798443
0.798443
0.798443
1.63874
1.63874
1.63874
1.12673
1.26214
1.05788
1.05788
1.56907
1.56907
1.04903
1.04903
1.04903
1.04903
1.04903
1.5962
1.36897
1.36897
1.36897
1.36897
0.992728
0.992728
0.992728
1.34626
1.5145
1.5145
1.63095
1.63095
1.63095
1.87408
1.5453
1.5453
1.5453
0.718069
0.718069
0.718069
0.718069
0.718069
0.603359
1.26457
1.26457
1.26457
1.36678
1.36678
1.38167
1.64941
1.90134
0.795735
0.795735
1.28507
1.28507
1.35256
1.35256
1.35256
1.35256
1.09628
1.09628
0.957808
0.957808
1.71614
1.71614
1.73148
2.22506
2.22506
2.22506
2.22506
2.22506
2.22506
1.65101
1.65101
1.65101
1.39489
1.39489
1.39489
1.39489
1.53936
1.53936
1.53936
1.53936
1.53936
1.33229
1.00598
1.00598
1.00598
1.05404
0.839805
1.45471
1.45471
1.45471
1.67043
1.93882
1.04818
1.36497
1.36497
1.36544
1.45629
1.27355
1.08472
1.33812
1.33812
1.48485
1.48485
1.48485
1.48485
1.48485
1.48485
1.48485
1.48485
1.48485
1.68198
1.68198
1.68198
1.68198
2.32751
1.87917
0.984536
0.980925
0.980925
0.980925
0.980925
0.980925
0.980925
1.15181
1.15181
1.15181
1.15181
1.15181
1.15181
1.15181
1.15181
1.15181
1.15181
1.15181
1.15181
1.55523
1.55523
0.90814
0.90814
1.58929
1.20647
1.20647
1.07894
1.07894
0.646513
1.0972
1.19262
1.19262
0.609101
0.609101
0.609101
0.626811
1.11901
1.01672
2.01768
2.01768
2.11187
1.74673
1.67497
1.77084
1.77084
1.50716
1.41655
1.44815
1.9083
1.27819
1.27819
1.27819
1.27819
1.27819
1.25631
1.37743
1.37743
1.56421
1.56421
1.56421
1.56421
1.56421
0.677757
0.677757
0.677757
1.08529
1.15046
1.15046
1.15046
1.15046
1.15046
1.64663
1.64663
1.22408
1.22408
