0.49505 2.05058
0.456 1.67879
0.46 1.76288
0.468571 1.91684
0.46 1.84571
0.457778 1.84571
0.456 1.84571
0.461818 1.96256
0.45 1.79676
0.452308 1.84924
0.437143 1.59924
0.426667 1.40813
0.415 1.17927
0.407059 1.00345
0.417778 1.17263
0.414737 1.09108
0.42 1.16984
0.419048 1.13175
0.416364 1.05797
0.422609 1.1653
0.418333 1.06108
0.4176 1.02731
0.418462 1.02731
0.422222 1.09133
0.422857 1.09133
0.426207 1.15222
0.432 1.27114
0.425806 1.12588
0.4225 1.04066
0.418182 0.929465
0.418824 0.929465
0.422857 1.00945
0.421111 0.957184
0.421622 0.957184
0.422105 0.957184
0.42359 0.981871
0.422 0.933381
0.423415 0.957202
0.42 0.863547
0.426977 1.0247
0.424545 0.956766
