0 0 508 366 116 0 275 0 1 5 0 0 0 0 13 430 0 0 316 188 56 1 0 0 0 0 0 0 0 2275
0 0 508 356 115 280 0 0 1 5 0 0 0 0 13 419 0 0 326 194 57 1 0 0 0 0 0 0 0 0 0 2275
0 0 507 357 114 279 0 0 5 1 0 0 0 14 0 418 0 0 328 196 55 1 0 0 0 0 0 0 0 0 0 0 0 0 0 0 0 0 0 0 2275
0 0 505 365 116 275 0 0 5 1 0 0 0 14 0 0 422 0 330 189 52 1 0 0 0 0 0 0 0 0 2275
0 0 503 365 114 275 0 0 5 1 0 0 0 14 0 0 426 0 331 185 55 1 0 0 0 0 0 0 0 0 0 0 2275
0 0 503 362 114 277 0 0 5 1 0 0 0 0 15 0 420 0 335 186 56 1 0 0 0 0 0 0 0 0 0 0 0 0 0 0 0 0 0 0 2275
0 0 504 367 114 280 0 0 5 0 1 0 0 0 16 0 412 337 0 182 56 1 0 0 0 0 0 0 0 0 0 0 0 0 0 0 2275
0 0 507 359 114 281 0 0 5 1 0 0 0 0 17 0 418 334 0 181 57 1 0 0 0 0 0 0 0 0 0 0 0 0 0 2275
0 0 506 354 109 277 0 0 5 1 0 0 0 0 19 0 426 334 0 184 59 1 0 0 0 0 0 0 0 0 0 0 0 0 0 0 0 0 2275
0 0 507 358 110 278 0 0 1 5 0 0 0 0 19 0 417 336 0 185 58 1 0 0 0 0 0 0 0 0 0 0 0 0 0 0 0 0 0 2275
0 0 502 356 108 0 276 0 1 5 0 0 0 0 21 0 413 344 0 190 58 1 0 0 0 0 0 0 0 0 0 2275
0 0 501 355 110 272 0 0 1 5 0 0 0 0 24 0 412 346 0 189 59 1 0 0 0 0 0 0 0 0 0 2275
0 0 504 354 112 272 0 0 1 5 0 0 0 0 26 412 0 342 0 188 58 1 0 0 0 0 0 0 0 0 0 0 0 0 0 0 0 0 2275
0 0 508 345 108 276 0 0 1 5 0 0 0 0 27 414 0 345 0 185 60 1 0 0 0 0 0 0 0 0 0 0 0 0 2275
0 0 514 110 343 277 0 0 1 5 0 0 0 0 30 422 0 337 0 179 56 1 0 0 0 0 0 0 0 0 0 0 2275
0 0 512 341 109 274 0 0 1 5 0 0 0 0 31 421 0 345 0 179 56 1 0 0 0 0 0 0 0 0 0 0 0 0 0 0 0 0 0 0 0 2275
0 0 511 342 110 275 0 1 0 5 0 0 0 0 36 416 0 344 181 0 53 1 0 0 0 0 0 0 0 0 0 0 0 0 0 0 0 0 0 0 0 0 0 2275
0 0 512 338 109 273 0 1 0 5 0 0 0 44 0 416 0 342 179 0 55 1 0 0 0 0 0 0 0 0 0 0 0 0 0 0 2275
0 0 517 341 110 271 0 1 0 5 0 0 0 53 0 412 0 335 174 0 55 1 0 0 0 0 0 0 0 0 0 0 0 0 0 0 0 0 0 0 2275
0 0 538 112 307 269 0 0 1 5 0 0 0 62 0 422 0 336 171 0 51 1 0 0 0 0 0 0 0 0 0 0 0 0 0 0 0 0 0 0 0 0 0 0 2275
0 0 113 536 308 269 0 0 1 0 5 0 0 69 0 421 0 333 173 0 46 1 0 0 0 0 0 0 0 0 0 0 0 0 0 0 0 0 2275
0 0 113 532 303 269 0 0 1 0 5 0 76 0 0 421 0 334 175 45 0 1 0 0 0 2275
0 111 0 520 303 268 0 0 1 0 5 0 88 0 0 421 0 335 176 46 0 1 0 0 0 0 0 0 0 0 0 2275
0 107 0 510 301 268 0 0 1 0 5 0 0 102 0 421 0 338 175 46 0 1 0 0 0 0 0 0 0 0 0 0 0 0 0 0 0 2275
0 108 0 520 292 269 0 0 0 1 5 0 0 108 0 415 336 0 174 46 0 1 0 0 0 0 0 0 2275
0 109 0 515 289 268 0 0 0 1 5 0 0 116 0 416 336 172 0 47 0 1 0 0 2275
0 110 0 514 294 268 0 0 0 1 5 0 0 121 0 413 334 167 0 47 0 1 0 0 0 0 0 0 0 0 2275
0 110 0 513 290 0 265 0 0 1 5 0 0 124 0 417 335 167 0 47 0 1 0 0 0 0 0 0 0 0 2275
0 115 0 516 276 0 266 0 0 1 5 0 0 0 128 422 333 166 0 46 0 1 0 0 0 0 0 0 0 0 2275
0 114 0 514 279 265 0 0 0 1 0 5 0 0 133 419 336 161 0 47 0 1 0 0 0 2275
0 110 0 517 283 0 264 0 0 1 0 5 0 0 135 420 336 155 0 48 0 1 0 0 0 0 0 0 2275
114 0 0 520 278 0 263 0 0 1 0 5 0 0 141 415 338 153 0 46 0 1 0 0 0 0 2275
111 0 0 513 275 0 267 0 0 1 0 5 0 147 0 411 341 156 0 47 1 0 0 0 0 0 0 0 0 0 0 0 0 0 0 0 0 2275
110 0 0 516 266 0 267 0 0 1 0 5 0 148 0 408 343 161 0 49 1 0 0 0 0 0 0 2275
109 0 0 514 272 0 264 0 0 1 0 5 149 0 0 343 408 160 0 49 1 0 0 0 0 0 0 0 0 0 0 0 0 2275
109 0 513 0 266 0 265 0 0 1 0 5 150 0 0 341 409 162 0 53 1 0 0 0 0 0 0 0 0 0 0 0 0 0 0 0 0 0 0 2275
110 0 511 0 271 0 262 0 0 1 0 5 153 0 0 341 408 161 0 51 1 0 0 0 0 0 0 0 0 0 0 0 0 0 2275
110 0 0 509 272 0 256 0 1 0 0 5 160 0 0 342 411 157 0 51 1 0 0 0 0 0 0 0 0 2275
110 0 0 268 507 0 257 0 1 0 5 0 159 0 0 339 411 165 0 52 1 0 0 0 0 0 0 0 2275
108 0 0 273 0 509 257 0 1 5 0 0 162 0 0 337 411 157 0 54 1 0 0 0 0 0 0 0 0 0 0 0 0 2275
110 0 0 269 0 510 0 256 1 5 0 0 164 0 0 333 414 159 0 53 1 0 0 0 0 0 0 0 0 0 0 0 0 0 0 0 2275
113 0 0 268 0 0 514 254 1 5 0 0 168 0 0 336 411 152 0 52 1 0 0 0 0 0 0 0 0 0 0 0 0 0 0 0 2275
114 0 0 262 0 0 516 254 1 5 0 0 167 0 0 342 408 152 0 53 1 0 0 0 0 0 0 0 0 0 0 0 0 0 0 0 2275
109 0 0 254 0 0 515 254 1 5 0 0 169 0 0 346 411 155 0 55 1 0 0 0 0 0 0 0 0 0 0 0 0 0 0 0 0 0 0 0 0 0 0 0 0 0 0 0 0 2275
0 111 253 0 0 0 509 254 1 5 0 0 171 0 0 343 414 158 0 55 1 0 0 0 0 0 0 0 0 0 0 0 0 0 0 0 0 0 0 0 0 0 2275
0 111 256 0 0 0 511 256 1 0 5 0 171 0 0 344 407 157 0 55 1 0 0 0 0 0 0 0 0 0 0 0 0 0 0 0 0 0 0 0 2275
0 110 252 0 0 0 512 255 1 5 0 0 174 0 0 346 408 157 0 54 1 0 0 0 0 0 0 0 0 0 0 0 0 0 0 0 0 0 0 0 0 0 0 0 0 0 2275
0 110 251 0 0 0 507 256 1 5 0 0 176 0 0 348 411 157 0 52 1 0 0 0 0 0 0 2275
0 112 259 0 0 539 0 196 1 0 5 0 171 0 0 346 434 159 0 52 1 0 0 0 0 0 0 0 0 0 0 0 0 0 0 0 0 0 0 0 0 0 0 0 0 0 2275
0 110 0 260 0 546 0 187 1 0 5 0 173 0 0 355 430 157 50 0 1 0 0 0 0 0 0 0 0 0 0 0 2275
0 0 112 260 0 542 0 196 1 0 5 0 174 0 0 360 415 158 51 0 1 0 0 0 0 0 0 0 0 0 0 0 0 0 0 0 2275
0 0 110 256 0 537 202 0 1 0 5 0 174 0 0 358 421 159 51 0 1 0 0 0 0 0 0 0 0 0 0 0 0 0 0 0 0 0 0 0 0 0 0 0 0 2275
0 0 112 254 0 537 212 0 1 5 0 0 176 0 0 354 422 152 0 49 1 0 0 0 0 0 0 0 0 0 0 0 0 0 0 0 0 2275
0 0 109 258 0 542 212 0 1 5 0 0 169 0 0 430 350 151 47 0 1 0 0 0 0 0 0 0 0 0 0 0 0 0 0 0 2275
0 0 111 255 0 532 230 0 1 5 0 0 167 0 0 430 344 153 46 1 0 0 0 0 0 0 0 0 0 0 0 0 0 0 0 0 0 0 0 0 0 0 0 0 0 0 0 0 0 0 0 0 0 2275
0 0 109 257 0 525 240 0 1 5 0 168 0 0 425 0 340 158 46 1 0 0 0 0 0 0 0 0 0 0 0 0 0 0 0 0 0 0 0 0 0 0 0 2275
0 0 108 255 0 523 247 0 1 5 0 167 0 0 430 0 335 158 45 1 0 0 0 0 0 0 0 0 0 0 0 0 0 2275
0 0 107 255 0 519 249 0 1 5 0 166 0 0 0 428 338 159 47 1 0 0 0 0 0 0 0 2275
0 0 109 256 0 519 246 0 1 1 0 170 0 0 0 429 339 155 45 5 0 0 0 0 2275
0 0 112 253 0 515 251 1 0 1 0 172 0 0 0 425 342 152 46 5 0 0 0 0 0 0 0 0 0 0 0 0 0 0 0 0 0 0 0 0 0 2275
0 0 113 274 518 0 235 1 0 1 0 0 169 0 0 420 343 149 47 5 0 0 0 0 0 0 0 0 0 2275
0 0 115 254 515 0 249 1 0 1 0 0 174 0 0 421 342 151 47 5 0 0 0 0 0 0 0 0 0 0 0 0 0 0 0 0 0 2275
0 0 115 250 0 512 254 1 0 1 0 0 173 0 0 419 344 155 46 5 0 0 0 0 0 0 0 0 0 0 0 0 2275
0 0 112 253 0 514 256 1 0 1 0 0 170 0 0 421 344 151 47 5 0 0 0 0 0 0 0 0 0 0 0 0 0 0 0 0 0 0 0 0 0 0 0 0 0 2275
0 0 113 248 0 512 256 1 0 1 0 0 174 0 0 419 345 153 48 5 0 0 0 0 0 0 0 0 0 0 0 0 0 0 0 0 0 0 2275
0 109 0 259 0 510 255 1 0 1 0 0 175 0 0 419 341 152 48 5 0 0 0 0 0 0 0 0 2275
0 113 0 256 504 0 255 1 0 1 0 0 176 0 0 420 341 156 47 5 0 0 0 0 0 0 2275
0 111 0 255 504 0 258 0 1 1 0 0 180 0 415 0 343 155 47 5 0 0 0 0 0 0 0 0 0 0 2275
0 111 0 255 505 0 259 0 1 1 0 177 0 0 415 0 339 158 49 5 0 0 0 0 0 0 0 0 0 0 0 0 0 0 0 0 0 0 0 0 0 0 0 2275
0 107 257 0 509 0 0 259 1 1 0 178 0 0 418 0 340 150 50 5 0 0 0 0 0 0 0 0 0 0 0 0 0 0 0 0 0 0 2275
0 258 93 0 508 0 0 264 1 1 0 183 0 0 413 0 350 150 49 5 0 0 0 0 0 0 2275
0 254 99 0 513 0 0 261 1 1 179 0 0 0 405 0 356 152 49 5 0 0 2275
0 264 100 0 507 0 259 0 1 1 0 176 0 0 401 0 358 154 49 5 0 0 0 0 0 0 0 0 0 0 0 0 0 0 2275
0 256 101 0 511 0 255 0 1 1 0 0 179 410 0 0 352 155 49 5 0 0 0 0 0 0 0 0 0 0 0 0 0 0 2275
0 257 0 101 506 0 255 0 1 1 0 0 182 415 0 350 0 154 48 5 0 0 0 0 0 0 0 0 0 0 0 0 0 0 0 0 0 0 0 2275
0 265 0 102 499 0 255 0 1 1 0 0 181 412 0 350 0 156 48 5 0 0 0 0 0 0 0 0 0 0 0 0 0 0 0 2275
0 269 103 0 499 0 253 0 1 1 0 0 177 413 0 350 0 155 49 5 0 0 0 0 0 0 0 2275
0 272 102 497 0 0 254 0 1 1 0 0 180 412 0 349 152 0 50 5 0 0 0 0 2275
0 272 102 491 0 0 252 0 1 1 0 0 184 418 0 345 154 50 0 5 0 0 0 0 0 0 0 0 0 0 0 0 0 0 0 2275
0 271 102 488 0 0 254 0 1 1 187 0 0 415 0 348 154 49 0 5 0 0 0 0 0 0 0 0 0 2275
0 274 106 485 0 0 251 0 1 1 0 190 0 409 0 345 159 49 0 5 0 0 0 0 0 0 0 0 0 0 0 0 0 0 0 0 0 0 0 0 0 0 0 2275
0 265 107 484 0 0 252 0 1 1 0 193 0 416 0 341 161 49 0 5 0 0 0 0 0 2275
0 269 109 481 0 0 254 0 1 1 0 197 0 409 0 341 159 49 0 5 0 0 0 0 0 0 0 0 0 0 0 0 0 0 0 0 0 0 2275
0 268 110 479 0 0 252 0 1 1 0 195 0 411 0 341 161 51 0 5 0 0 0 0 0 0 0 0 0 2275
0 270 109 474 0 0 252 0 1 1 0 195 0 412 0 341 163 52 0 5 0 0 0 0 0 0 2275
0 273 109 476 0 251 0 0 1 1 0 196 0 409 0 344 158 52 0 5 0 0 0 0 0 2275
0 272 106 479 0 253 0 0 1 1 0 0 191 411 0 344 161 51 0 5 0 0 0 0 0 0 0 0 0 0 0 0 0 2275
0 109 273 479 0 254 0 0 1 1 0 0 189 408 0 343 162 51 0 5 0 0 0 0 0 0 0 0 0 0 0 0 0 0 0 0 0 0 2275
0 107 276 477 252 0 0 0 1 1 0 0 188 0 408 346 160 54 0 5 0 0 0 0 0 0 0 0 0 0 0 0 0 0 2275
0 108 279 483 251 0 0 0 1 0 1 0 189 0 409 343 151 55 0 5 0 0 0 0 0 0 0 2275
108 0 281 483 253 0 0 0 1 0 1 0 191 0 405 343 150 54 0 5 0 0 0 0 0 0 0 0 0 2275
108 0 282 484 251 0 0 0 1 0 1 0 191 0 409 337 152 54 0 5 0 0 0 0 0 0 0 0 0 0 2275
0 111 279 480 248 0 0 1 0 0 1 0 195 0 413 335 153 54 0 5 0 0 0 0 0 0 0 2275
0 108 272 486 249 0 0 1 0 0 1 0 191 0 413 342 153 54 0 5 0 0 0 0 0 0 0 2275
0 108 277 248 482 0 0 1 0 0 1 0 192 0 417 338 152 54 0 5 0 0 2275
0 107 276 248 488 0 0 1 0 0 1 0 192 0 418 337 149 53 0 5 0 0 0 0 0 0 0 0 0 2275
108 0 272 251 488 0 0 1 0 0 1 0 190 0 417 339 152 51 0 5 0 0 0 0 0 0 2275
108 0 280 248 484 0 0 1 0 0 1 0 188 0 417 342 52 149 0 5 0 0 0 0 0 0 0 0 0 0 0 0 0 0 0 0 0 0 0 0 0 0 0 0 0 0 2275
109 272 0 246 484 0 0 1 0 0 1 0 191 0 418 343 54 151 0 5 0 0 0 0 0 0 0 0 0 0 0 0 2275
109 271 0 250 487 0 0 0 1 0 1 0 187 414 0 346 52 152 0 5 0 0 0 0 0 0 0 0 0 0 0 0 0 0 0 2275
108 267 251 0 485 0 0 0 1 0 1 0 188 415 0 346 52 156 0 5 0 0 0 0 0 0 0 0 0 0 0 0 0 0 0 0 0 2275
110 268 250 0 482 0 0 0 1 0 1 0 415 185 0 347 54 157 5 0 0 0 0 0 0 0 0 0 0 0 0 0 0 0 0 0 0 0 0 2275
110 262 253 0 491 0 0 0 1 1 0 0 416 186 0 346 151 53 5 0 0 0 0 0 2275
113 266 252 0 491 0 0 0 1 1 0 0 414 183 0 153 343 53 5 0 0 0 0 0 0 0 0 0 0 0 2275
111 261 253 0 485 0 0 1 0 1 0 0 421 184 0 160 340 53 5 0 0 0 0 0 0 0 0 2275
108 259 254 0 490 0 0 1 0 1 0 418 0 180 0 164 344 51 5 0 0 0 0 0 0 0 0 0 2275
107 258 254 0 486 0 0 1 0 1 422 0 0 0 181 164 345 51 5 0 0 0 0 0 0 0 0 0 0 0 0 0 0 0 0 0 0 0 2275
107 257 251 0 484 0 0 0 0 1 424 0 0 0 163 184 347 52 5 0 0 0 0 0 0 0 0 0 2275
108 264 251 486 0 0 0 0 0 1 415 0 0 0 162 181 348 54 5 0 0 0 0 0 2275
109 261 484 251 0 0 0 0 0 1 417 0 0 0 163 187 343 54 5 0 0 0 0 0 0 0 0 0 0 0 2275
108 259 484 251 0 0 0 0 0 1 418 0 0 0 159 188 347 55 5 0 0 0 0 0 0 0 0 0 0 0 2275
111 257 492 249 0 0 0 0 0 1 423 0 0 0 157 188 338 54 5 0 0 0 0 0 0 0 0 0 0 0 0 2275
110 261 492 250 0 0 0 0 0 1 418 0 158 0 0 187 339 54 5 0 0 0 0 0 0 0 0 0 2275
109 274 485 249 0 0 0 0 0 1 413 0 156 0 0 187 341 55 5 0 0 0 0 0 0 0 2275
110 273 482 247 0 0 0 0 0 413 1 0 157 0 0 187 345 55 5 0 0 0 0 0 0 0 0 0 2275
97 279 481 247 0 0 0 0 0 417 1 0 158 0 0 186 348 56 5 0 0 0 0 0 0 0 0 0 0 0 0 0 0 2275
97 483 279 246 0 0 0 0 0 416 1 159 0 0 0 179 353 56 6 0 0 0 0 0 0 0 0 0 0 0 0 0 0 0 0 0 0 0 0 0 0 0 0 0 0 0 0 2275
97 485 270 251 0 0 0 0 0 415 1 159 0 0 0 186 348 57 6 0 0 0 0 0 0 0 0 0 0 0 0 0 0 0 0 0 0 0 0 0 2275
95 478 272 252 0 0 0 0 416 0 1 164 0 0 0 187 349 55 6 0 0 0 0 0 0 0 0 0 0 0 0 0 0 2275
486 96 263 252 0 0 0 0 414 0 1 162 0 0 0 191 349 55 6 0 0 0 0 0 0 0 0 0 0 0 0 0 0 0 0 0 0 0 0 2275
490 98 262 252 0 0 0 0 414 0 1 0 161 0 0 192 345 54 6 0 0 0 0 0 0 0 0 2275
490 102 263 251 0 0 0 0 0 409 0 1 163 0 0 189 346 55 6 0 0 0 0 0 0 0 0 0 0 0 0 2275
491 105 261 254 0 0 0 0 409 0 0 1 159 0 190 0 343 56 6 0 0 0 0 2275
487 103 259 253 0 0 0 0 408 0 0 1 163 0 189 347 0 59 6 0 0 0 0 0 0 0 0 0 0 2275
486 107 255 251 0 0 0 0 407 0 0 1 166 0 191 346 0 59 6 0 0 0 0 0 0 0 0 0 0 0 2275
493 106 258 250 0 0 0 0 403 0 0 1 0 160 190 349 0 59 6 0 0 0 0 0 0 0 0 0 0 0 0 0 0 0 0 0 0 0 0 2275
492 107 260 251 0 0 0 0 398 0 0 1 0 166 182 352 60 0 6 0 0 0 0 0 0 0 2275
488 105 253 255 0 0 0 0 403 0 0 1 0 168 190 346 60 0 6 0 0 0 0 0 0 0 0 0 0 2275
484 107 254 264 0 0 0 401 0 0 0 1 162 0 195 344 57 0 6 0 0 0 0 0 0 0 2275
482 107 252 266 0 0 0 403 0 0 1 0 0 162 196 342 58 0 6 0 0 0 2275
485 110 261 251 0 0 0 408 0 1 0 0 0 163 196 336 58 0 6 0 0 0 0 0 0 0 0 0 0 0 0 2275
483 109 268 249 0 0 0 403 0 1 0 0 161 0 195 342 58 0 6 0 0 0 0 0 0 0 2275
482 270 109 247 0 0 0 408 0 1 0 0 169 0 187 339 57 0 6 0 0 0 2275
482 269 109 246 0 0 0 410 0 1 0 0 169 0 188 339 56 0 6 0 2275
484 267 109 251 0 0 0 405 0 1 0 0 164 0 192 339 57 0 6 0 0 0 0 0 0 2275
499 265 111 251 0 0 0 405 0 1 0 0 162 0 184 337 54 0 6 0 0 0 0 0 0 0 0 0 2275
496 111 263 251 0 0 0 411 0 1 0 0 165 0 186 333 52 0 6 0 0 0 0 0 0 0 0 0 0 0 0 0 0 0 0 0 0 2275
488 114 266 249 0 0 413 0 0 1 0 0 171 0 182 333 52 0 6 0 0 0 0 0 0 2275
486 114 270 249 0 0 413 0 0 1 0 168 0 0 182 334 52 0 6 0 0 0 0 2275
484 266 114 250 0 408 0 0 0 1 0 176 0 0 183 335 52 0 6 0 0 0 0 0 0 0 0 0 0 0 0 0 0 0 0 0 0 0 0 0 0 0 0 0 0 0 0 0 0 0 0 0 0 2275
480 264 114 251 0 406 0 0 0 1 0 176 0 0 187 336 54 6 0 0 0 0 0 0 0 0 2275
482 265 111 248 0 417 0 0 0 1 0 0 175 0 185 334 51 6 0 0 0 0 0 0 0 0 0 0 0 0 2275
482 257 110 248 0 421 0 0 0 1 0 0 179 0 182 338 51 6 0 0 0 0 0 0 0 0 0 0 0 2275
480 260 109 0 249 423 0 0 1 0 0 0 176 0 183 337 51 6 0 0 0 2275
478 257 107 0 249 427 0 0 1 0 0 0 177 0 184 337 52 6 0 0 0 0 0 0 0 0 0 0 0 0 0 0 0 0 0 0 0 2275
482 259 108 0 248 423 0 0 1 0 0 0 173 0 183 338 54 6 0 0 0 0 0 0 0 0 2275
478 260 107 0 249 416 0 0 1 0 0 0 174 0 187 343 54 6 0 0 0 0 0 0 0 0 0 0 2275
478 258 109 0 250 0 411 0 1 0 0 0 176 0 186 347 53 6 0 0 0 0 0 0 2275
482 262 110 0 250 0 410 0 1 0 0 0 175 0 180 345 54 6 0 0 0 0 0 0 0 0 0 0 0 2275
483 112 261 0 252 0 414 0 1 0 0 169 0 0 182 342 52 7 0 0 0 0 0 0 2275
486 113 260 251 0 0 409 0 1 0 0 166 0 0 184 346 52 7 0 0 0 0 0 0 0 0 2275
483 111 260 253 0 0 413 0 1 0 0 163 0 0 185 346 53 7 0 0 0 0 0 0 0 0 0 0 0 2275
485 268 95 255 0 0 409 0 1 0 0 166 0 0 182 354 53 7 0 0 0 0 0 2275
486 268 95 251 0 0 408 0 0 1 0 166 0 0 187 354 52 7 0 0 0 0 0 0 0 0 0 2275
478 270 96 251 0 0 415 0 0 1 0 0 172 0 187 347 51 7 0 0 2275
479 99 273 249 0 0 413 0 0 1 0 174 0 0 184 345 51 7 0 0 0 0 0 0 0 0 0 2275
99 482 276 247 0 0 416 0 0 1 168 0 0 0 184 343 52 7 0 0 0 2275
98 481 277 250 0 418 0 0 0 1 167 0 0 0 182 343 51 7 0 0 0 0 0 2275
481 105 270 254 0 413 0 0 0 1 171 0 0 0 179 344 50 7 0 0 0 0 0 0 2275
482 106 265 255 0 420 0 0 0 1 172 0 0 0 177 341 49 7 0 0 0 0 0 0 0 0 2275
106 453 259 256 1 424 3 0 2 2 3 174 1 1 184 339 49 7 0 1 1 1 1 0 2 0 0 1 1 0 0 2 1 2275
105 478 263 257 419 0 0 0 0 1 0 171 0 0 181 344 49 7 0 0 0 0 0 0 0 0 0 0 0 0 0 0 0 0 0 0 0 0 0 0 0 0 0 0 0 0 0 0 0 0 2275
108 477 268 252 416 0 0 0 0 1 0 164 0 0 188 345 49 7 0 0 0 0 0 0 0 0 0 0 0 0 0 0 0 0 0 2275
107 482 268 250 0 416 0 0 0 1 0 162 0 0 188 345 49 7 0 0 0 0 0 0 0 0 0 0 0 0 0 0 0 0 0 0 0 0 0 0 2275
111 486 264 251 0 419 0 0 0 1 163 0 0 0 185 340 48 7 0 0 0 0 0 0 0 0 0 0 0 0 0 0 0 0 0 0 0 0 0 0 0 0 0 0 0 0 0 2275
112 484 254 252 0 422 0 0 0 1 167 0 0 0 188 340 48 7 0 0 0 0 0 0 0 0 0 2275
110 260 484 252 0 418 0 0 1 0 168 0 0 0 183 343 49 7 0 0 0 0 0 0 0 0 0 0 0 0 0 0 0 0 0 2275
110 491 265 251 0 418 0 0 1 0 165 0 0 0 177 342 48 7 0 0 0 0 0 0 0 0 0 0 0 0 0 0 0 0 0 0 2275
109 492 264 249 0 422 0 0 1 0 164 0 0 0 340 178 49 7 0 0 0 0 0 0 0 0 0 0 0 0 0 0 2275
495 110 263 248 0 420 0 0 1 0 161 0 0 0 342 179 49 7 0 0 0 0 0 0 0 2275
485 273 248 99 0 415 0 0 1 0 165 0 0 0 350 183 49 7 0 0 0 0 0 0 0 0 0 0 0 0 0 0 0 0 0 0 0 0 0 0 0 0 0 0 2275
494 266 248 91 0 417 0 0 1 0 170 0 0 0 349 182 50 7 0 0 0 0 0 0 0 0 0 0 0 0 0 0 0 0 0 0 0 2275
489 277 93 232 0 428 0 0 1 177 0 0 0 0 344 177 50 7 0 0 0 0 0 0 0 0 2275
493 261 89 244 0 444 0 0 1 175 0 0 0 0 333 177 51 7 0 2275
487 258 90 246 0 445 0 0 1 0 175 0 0 0 333 181 52 7 0 0 0 0 0 0 0 0 2275
484 256 92 248 0 441 0 0 1 0 177 0 0 0 334 184 51 7 0 0 0 0 0 0 0 0 0 0 0 0 0 0 0 0 0 0 2275
484 251 94 250 0 0 436 0 1 0 178 0 0 0 339 185 50 7 0 0 0 0 2275
485 256 98 250 0 0 0 432 1 0 174 0 0 0 341 182 49 7 0 0 0 0 0 0 0 2275
483 261 96 247 0 0 0 429 1 0 179 0 0 0 341 181 50 7 0 0 0 0 0 0 2275
477 262 97 247 0 0 0 425 1 0 183 0 0 0 341 185 50 7 0 0 2275
471 255 101 250 0 0 427 0 1 0 187 0 0 0 340 186 50 7 0 0 2275
478 259 106 0 249 425 0 0 1 0 179 0 0 0 332 188 51 7 0 0 0 0 0 0 2275
475 255 0 106 248 426 0 0 0 1 183 0 0 0 334 187 53 7 0 0 0 0 0 0 0 0 0 0 0 0 0 0 0 2275
482 257 0 107 248 424 0 0 0 1 178 0 0 0 336 183 52 7 0 0 0 0 0 0 0 0 0 0 0 0 0 0 0 2275
479 257 0 108 245 423 0 0 0 1 183 0 0 0 336 181 55 7 0 0 0 0 0 0 0 0 0 0 2275
487 255 0 111 244 417 0 0 0 1 176 0 0 0 338 183 56 7 0 0 0 0 0 0 0 0 0 0 0 0 0 2275
494 255 0 108 245 416 0 0 0 1 0 171 0 341 0 181 56 7 0 0 0 0 0 0 0 0 0 0 0 0 0 0 0 0 2275
498 252 0 113 247 416 0 0 0 1 0 173 0 340 175 0 53 7 0 0 0 0 0 0 0 0 0 0 0 0 0 0 0 0 0 0 0 0 0 2275
494 0 250 110 247 415 0 0 0 1 0 176 341 0 181 0 53 7 0 0 0 0 0 0 0 0 0 0 2275
494 0 249 109 249 415 0 0 0 0 1 178 337 0 183 0 53 7 0 0 0 0 0 0 0 0 0 0 0 0 2275
497 253 0 102 250 413 0 0 0 0 1 171 339 0 186 0 56 7 0 0 0 0 0 0 0 0 0 0 0 0 2275
497 0 263 104 249 413 0 0 0 0 1 168 336 0 181 0 56 7 0 0 0 0 0 0 0 0 0 0 0 0 2275
494 0 265 104 249 404 0 0 0 0 1 167 337 0 187 0 60 7 0 0 0 0 0 0 0 0 0 0 0 0 2275
0 494 105 261 249 408 0 0 0 0 1 169 335 0 187 0 59 7 0 0 0 0 0 0 0 0 0 0 0 0 0 0 0 0 0 2275
0 493 106 261 248 407 0 0 0 0 1 172 333 0 186 0 61 7 0 0 0 0 0 0 0 0 0 0 2275
0 497 105 249 248 412 0 0 0 0 1 173 334 0 188 0 61 7 0 0 0 0 0 0 0 2275
0 495 107 237 247 414 0 0 0 0 1 178 335 0 192 62 0 7 0 0 0 0 0 0 0 0 0 0 0 0 0 2275
0 500 103 239 247 405 0 0 0 0 1 173 344 0 194 62 0 7 0 0 0 0 0 0 0 0 0 0 0 0 2275
0 502 104 249 236 409 0 0 0 0 1 166 344 0 195 62 0 7 0 0 0 0 0 0 0 0 0 0 0 0 0 2275
0 499 246 103 247 406 0 0 0 1 0 167 341 0 196 62 0 7 0 0 0 0 0 0 0 2275
0 497 245 105 417 235 0 0 0 1 0 172 337 0 195 64 7 0 0 0 0 0 0 0 0 0 0 0 0 0 2275
497 0 245 106 408 241 0 0 0 1 170 0 338 0 200 62 7 0 0 0 0 0 0 2275
495 0 245 408 106 239 0 0 0 1 170 0 339 0 204 61 7 0 0 0 0 0 0 0 0 2275
494 0 246 409 233 103 0 0 0 1 173 0 339 210 0 60 7 0 0 0 0 0 0 0 0 0 2275
499 0 242 412 230 106 0 0 0 1 171 0 336 211 0 60 7 0 0 0 0 0 0 0 0 0 0 0 2275
504 0 244 415 223 104 0 0 0 1 0 170 337 211 0 59 7 0 0 0 0 0 0 0 0 0 0 0 0 0 0 0 0 0 0 0 0 0 2275
505 0 247 408 230 103 0 0 0 1 0 172 336 205 0 61 7 0 0 0 0 0 0 0 2275
497 0 249 410 221 103 0 0 0 1 0 180 339 209 0 59 7 0 0 0 0 0 0 0 0 0 0 0 0 0 0 2275
500 0 248 406 219 106 0 0 0 1 0 181 342 208 0 57 7 0 0 2275
501 0 251 400 220 105 0 1 0 0 0 181 340 211 0 58 7 0 0 0 0 0 2275
503 0 249 402 216 106 0 1 0 0 0 341 182 210 0 58 7 0 0 0 0 0 0 0 0 0 0 0 0 0 0 2275
496 0 249 400 217 105 1 0 0 0 0 187 343 211 0 59 7 0 0 0 0 0 0 0 0 0 0 0 0 0 0 0 0 0 0 2275
494 0 250 401 211 1 102 0 0 0 0 189 349 210 0 61 7 0 0 0 0 0 0 0 0 2275
498 0 251 405 210 1 104 0 0 0 0 183 344 212 0 60 7 0 0 0 0 0 0 0 0 0 0 2275
504 0 250 403 211 102 1 0 0 0 0 177 345 213 0 62 7 0 0 2275
506 0 249 419 221 100 1 0 0 0 0 180 343 189 0 60 7 0 0 0 0 0 0 2275
510 0 247 428 216 103 1 0 0 0 0 176 336 191 0 60 7 0 0 0 0 0 0 0 0 0 0 0 0 0 2275
509 0 246 425 216 101 1 0 0 0 0 172 342 196 60 0 7 0 0 0 0 0 0 2275
512 0 248 427 215 100 1 0 0 0 0 168 342 195 60 0 7 0 0 0 0 0 0 0 0 2275
502 0 248 423 218 1 100 0 0 0 0 170 342 202 62 0 7 0 0 0 0 0 0 0 0 0 0 0 2275
495 0 247 423 218 1 100 0 0 0 175 0 341 207 61 0 7 0 0 0 0 0 0 0 0 0 0 0 0 0 0 0 0 0 0 0 0 0 0 2275
500 247 0 426 216 105 1 0 0 0 170 0 337 207 59 0 7 0 0 0 0 0 0 0 0 2275
507 246 0 428 215 1 105 0 0 0 173 0 336 199 58 0 7 0 0 0 0 0 0 0 2275
504 245 0 425 211 1 105 0 0 0 177 0 340 202 58 0 7 0 0 0 0 0 0 0 2275
502 248 0 416 213 1 105 0 0 177 0 0 344 203 59 7 0 0 0 0 0 0 0 2275
508 249 0 417 210 1 104 0 0 179 0 0 342 199 59 7 0 2275
507 249 0 414 215 1 103 0 172 0 0 342 0 204 61 7 0 0 2275
508 250 0 417 209 1 105 0 177 0 0 340 0 200 61 7 2275
248 504 0 415 211 1 107 0 183 0 0 335 0 205 59 7 0 2275
249 502 0 420 216 1 107 0 176 0 0 334 0 206 57 7 0 0 0 0 0 2275
248 513 0 420 214 107 0 1 172 0 0 333 0 204 56 7 0 0 0 0 0 0 0 2275
247 512 0 412 216 0 107 1 168 0 0 339 0 210 56 7 0 0 0 0 0 0 0 0 0 0 0 0 0 2275
247 508 0 406 215 107 0 1 171 0 0 338 218 0 57 7 0 0 0 0 0 0 0 0 2275
249 505 0 410 215 105 172 0 1 0 0 335 218 0 58 7 0 0 0 0 0 0 0 0 2275
249 511 0 406 211 103 174 1 0 0 0 340 216 0 57 7 0 0 0 0 0 0 0 0 0 0 0 2275
249 508 0 420 193 103 181 1 0 0 0 341 216 56 0 7 0 0 0 0 0 0 2275
247 513 0 415 104 196 1 173 0 0 0 343 220 56 0 7 0 0 0 2275
249 516 0 412 108 199 1 172 0 0 341 0 214 56 0 7 0 0 0 2275
251 516 0 417 109 194 1 173 0 0 338 0 212 57 0 7 0 0 0 0 0 0 0 0 0 0 0 2275
249 0 515 410 107 209 1 168 0 0 340 0 212 57 0 7 0 0 0 0 0 0 0 0 0 0 0 0 2275
250 521 0 418 103 200 1 171 0 0 336 0 211 57 0 7 0 0 0 0 0 0 0 0 0 0 0 0 2275
250 0 526 413 105 207 1 169 0 0 335 0 206 56 0 7 0 0 0 0 2275
251 0 523 414 107 209 1 165 0 337 0 0 205 56 0 7 0 0 0 0 2275
252 0 524 412 106 211 1 164 336 0 0 0 206 56 0 7 0 0 0 0 0 0 2275
248 0 523 424 106 210 1 164 329 0 0 0 206 57 7 0 0 0 0 0 0 0 0 0 0 0 0 2275
0 245 520 424 107 213 1 163 332 0 0 0 207 56 7 0 0 0 0 0 0 2275
0 245 517 414 108 1 210 169 336 0 0 0 211 57 7 0 0 0 0 0 0 2275
0 244 519 415 105 1 165 209 338 0 0 0 214 58 7 0 0 0 0 0 0 2275
0 244 414 512 107 1 172 211 341 0 0 209 0 57 7 0 0 0 0 0 0 0 0 0 2275
0 246 413 514 108 1 167 213 335 0 212 0 0 59 7 0 0 0 0 0 0 0 0 0 0 0 0 0 0 0 0 0 0 0 0 0 0 2275
0 247 406 521 106 162 1 215 338 0 212 0 0 60 7 0 0 0 2275
0 245 416 522 105 167 214 1 336 0 0 204 0 58 7 0 0 0 2275
0 244 420 527 106 165 214 1 330 0 202 0 0 59 7 0 0 0 0 0 0 2275
244 0 413 516 105 169 218 1 334 0 206 0 0 62 7 0 0 0 0 2275
242 0 517 412 106 168 218 1 333 0 211 0 0 60 7 0 0 0 0 0 2275
515 242 0 416 106 167 219 1 330 0 211 0 0 61 7 0 2275
515 243 0 420 105 167 219 1 329 0 208 0 0 61 7 0 0 0 0 2275
517 246 410 0 105 217 167 1 334 0 210 0 0 61 7 0 0 0 0 0 0 2275
516 245 410 0 106 167 216 335 0 0 211 0 0 62 7 0 0 0 2275
515 247 406 0 167 107 215 0 337 0 212 0 0 62 7 0 0 0 2275
512 247 408 170 0 105 217 0 337 211 0 0 0 61 7 0 0 0 0 0 0 0 2275
512 245 169 404 0 105 218 345 0 209 0 0 0 61 7 0 0 0 0 0 0 2275
510 245 173 0 402 105 216 344 0 212 0 0 61 0 7 0 0 0 0 2275
509 246 172 0 401 105 345 211 0 217 0 0 62 0 7 0 0 0 0 0 2275
506 246 174 0 405 105 341 212 0 219 0 0 60 0 7 0 0 0 0 0 0 0 2275
506 248 177 0 403 105 341 209 0 218 0 0 61 0 7 2275
506 246 172 0 412 107 336 213 0 215 0 0 61 0 7 0 0 0 2275
244 510 175 0 416 106 337 212 0 208 0 0 60 0 7 0 0 0 2275
249 516 174 419 0 105 336 207 0 202 0 0 60 0 7 0 0 0 0 0 0 0 0 2275
249 511 173 414 0 104 336 209 211 0 0 0 61 7 0 0 0 0 0 0 0 0 0 0 0 0 2275
249 513 166 105 419 0 332 213 210 0 0 0 61 7 0 0 0 2275
252 509 176 105 417 0 334 205 212 0 0 0 58 7 0 0 0 0 0 0 0 2275
249 509 175 104 414 0 339 210 209 0 0 0 59 7 0 0 0 2275
248 513 171 103 418 336 0 214 204 0 0 0 61 7 0 0 0 0 0 0 0 0 0 0 2275
251 509 173 105 412 335 0 214 210 0 0 0 59 7 0 0 0 0 0 0 2275
248 508 169 105 410 336 216 0 217 0 0 0 59 7 0 0 0 0 2275
251 170 512 106 408 335 213 0 214 0 0 0 59 7 0 0 0 2275
250 166 514 410 107 336 215 0 212 0 0 0 58 7 0 0 0 0 0 2275
249 170 510 413 106 337 212 0 212 0 0 0 59 7 0 0 0 2275
247 168 515 410 108 334 215 0 213 0 0 0 58 7 0 0 0 0 2275
248 166 516 414 110 330 215 0 210 0 0 59 0 7 0 0 0 0 2275
166 246 514 412 109 331 215 0 216 0 0 59 0 7 0 0 0 2275
167 249 514 409 107 334 214 215 0 0 0 59 0 7 0 0 0 0 0 0 0 2275
171 248 513 415 336 101 212 214 0 0 0 58 0 7 0 0 0 0 0 0 0 0 0 0 0 0 2275
169 247 513 416 336 213 102 214 0 0 0 58 0 7 0 0 0 0 0 0 0 2275
206 249 507 420 335 212 101 180 0 0 0 58 7 0 0 0 0 0 0 0 0 0 0 0 0 0 2275
204 251 512 419 338 213 100 173 0 0 0 58 7 0 0 0 0 0 0 0 0 0 0 0 0 2275
203 250 512 422 337 213 99 173 0 0 0 59 7 0 0 0 0 2275
200 252 512 422 338 214 97 174 0 0 0 59 7 0 0 2275
203 251 507 420 339 214 97 177 0 0 0 60 7 0 0 0 0 0 0 0 0 0 0 2275
208 251 510 414 340 98 215 172 0 0 0 60 7 0 0 0 0 0 0 0 0 0 0 0 0 0 0 0 0 0 0 2275
209 249 507 414 342 100 210 179 0 0 0 58 7 0 0 0 0 0 0 2275
214 247 508 413 336 101 214 179 0 0 56 0 7 0 0 0 0 0 2275
215 249 507 411 343 99 213 174 0 57 0 7 0 0 0 0 0 2275
250 220 506 412 336 100 216 172 0 56 0 7 0 0 0 0 0 0 2275
250 216 505 407 338 102 216 176 0 58 0 7 0 0 0 0 0 0 0 0 0 0 2275
248 509 209 408 339 102 216 176 61 0 0 7 0 0 0 0 2275
248 506 215 404 341 103 215 176 60 0 0 7 0 0 0 0 0 0 0 0 0 0 0 0 2275
249 507 214 406 101 343 212 176 60 0 0 7 0 0 0 2275
249 510 409 210 102 340 213 175 60 0 0 7 0 0 0 0 0 0 2275
249 512 409 211 102 338 178 208 61 0 7 0 0 0 2275
507 248 416 208 102 337 180 209 61 0 7 0 0 0 0 0 0 2275
511 248 417 211 101 172 337 210 61 0 7 0 0 0 0 0 0 0 0 2275
508 249 413 208 101 175 343 210 61 7 0 0 0 0 0 0 0 0 0 0 0 0 0 2275
512 250 413 103 209 169 340 211 61 7 0 0 2275
515 251 410 102 207 171 341 208 63 7 0 0 0 2275
515 248 105 410 211 167 340 210 62 7 0 0 0 0 2275
511 247 103 406 211 171 345 212 62 7 0 0 0 0 0 2275
510 247 104 213 405 173 343 211 62 7 0 2275
512 249 211 104 407 170 342 211 62 7 0 0 0 0 0 0 2275
517 248 210 400 105 163 347 217 61 7 0 0 2275
517 249 206 411 106 167 333 218 61 7 0 0 0 0 0 2275
513 247 211 411 107 164 337 219 59 7 0 0 0 0 0 0 2275
508 251 225 413 166 84 347 215 59 7 0 0 2275
252 505 216 419 170 75 354 219 58 7 0 0 0 2275
253 511 424 210 174 77 349 213 57 7 0 0 2275
255 515 420 175 171 76 351 247 58 7 0 0 0 0 0 0 0 0 2275
255 516 425 193 180 76 350 217 56 7 0 0 0 0 0 0 2275
256 516 427 205 179 347 77 204 57 7 2275
254 514 426 209 347 179 77 205 57 7 0 0 0 0 0 2275
255 512 419 210 348 181 76 209 58 7 0 0 0 2275
256 517 409 213 349 173 215 77 59 7 0 2275
522 258 408 212 348 169 215 76 60 7 0 0 0 0 0 2275
518 258 411 213 347 171 212 61 77 7 0 0 0 0 2275
520 257 409 211 352 170 212 59 78 7 0 2275
521 255 406 222 357 169 201 59 78 7 0 0 0 2275
518 252 413 209 355 210 173 59 79 7 0 0 2275
520 411 253 213 353 210 171 59 78 7 0 2275
513 408 254 210 354 209 180 59 81 7 0 0 2275
513 411 256 211 349 210 177 58 83 7 2275
512 413 255 209 214 350 175 57 83 7 0 0 0 0 0 0 2275
509 412 251 216 216 349 174 57 84 7 0 0 0 2275
413 511 251 215 215 352 170 56 85 7 0 0 0 2275
416 513 251 218 206 353 172 85 54 7 0 0 0 0 0 0 0 2275
417 520 254 218 203 350 168 84 54 7 0 0 0 0 2275
415 521 205 251 216 353 166 85 56 7 0 0 0 2275
413 516 197 252 217 171 358 86 58 7 0 0 0 0 2275
424 507 221 256 182 175 357 60 86 7 0 2275
420 514 215 255 186 172 360 59 87 7 0 2275
411 507 214 254 192 184 360 88 58 7 0 0 0 2275
413 511 252 215 199 176 354 89 59 7 0 0 2275
413 520 253 212 196 171 355 57 91 7 0 0 0 2275
520 404 252 212 208 171 353 57 91 7 0 0 0 0 0 2275
519 404 250 210 213 172 352 56 92 7 0 0 0 0 0 0 2275
519 412 252 210 214 345 171 53 92 7 0 0 0 0 0 2275
515 407 211 252 219 342 176 54 92 7 0 0 0 0 0 0 0 0 0 2275
506 406 211 249 225 346 55 176 94 7 0 0 2275
505 410 208 250 350 217 56 180 92 7 0 0 0 0 0 2275
505 407 210 249 345 218 57 181 96 7 0 0 0 0 2275
509 412 208 250 344 211 58 179 97 7 0 0 0 2275
412 514 209 249 343 210 58 175 98 7 0 0 0 0 0 0 0 2275
512 415 209 251 338 210 58 177 98 7 0 0 0 0 0 2275
507 408 206 337 251 220 59 179 101 7 0 0 2275
513 407 340 204 250 223 60 171 100 7 0 2275
510 409 337 208 252 217 58 178 99 7 0 0 0 0 0 0 0 0 2275
502 341 407 211 250 217 58 182 100 7 0 2275
500 342 408 215 249 216 58 180 100 7 0 2275
503 340 403 210 224 249 57 180 102 7 0 0 2275
506 335 404 211 224 249 57 105 177 7 0 0 0 0 0 2275
337 512 406 217 211 249 57 104 175 7 0 0 0 0 0 0 2275
511 340 409 219 210 249 57 104 169 7 0 0 0 0 0 0 2275
505 413 337 219 207 248 56 105 178 7 0 0 0 0 0 0 0 0 0 0 2275
503 404 342 218 209 250 58 179 105 7 0 0 0 0 0 0 0 0 0 2275
504 406 345 221 207 248 173 59 105 7 0 0 0 0 0 0 0 0 0 0 2275
504 403 350 217 206 250 178 103 57 7 0 0 0 0 0 0 0 0 0 0 0 0 0 0 0 2275
503 348 405 216 206 249 181 102 58 7 0 0 0 0 0 2275
502 349 401 212 253 210 183 101 57 7 0 2275
503 346 401 252 209 215 185 102 55 7 0 0 0 0 2275
498 346 405 251 208 217 102 187 54 7 0 2275
497 407 341 251 209 222 103 184 54 7 0 0 0 0 0 0 0 0 2275
502 412 341 249 207 102 214 183 58 7 2275
414 509 343 249 212 109 198 178 56 7 0 0 0 0 2275
417 503 345 249 211 201 105 181 56 7 0 0 2275
413 347 510 247 210 202 106 176 57 7 0 0 0 2275
419 507 341 245 212 205 103 177 59 7 0 0 2275
414 503 343 249 212 200 103 186 58 7 0 0 0 0 0 0 2275
524 414 341 250 162 204 102 214 57 7 0 0 0 0 0 0 0 0 0 0 2275
527 413 338 249 165 101 203 216 56 7 0 0 0 2275
528 405 341 251 162 102 208 214 57 7 0 0 0 0 0 2275
528 412 335 251 163 104 206 213 56 7 0 0 0 0 0 0 2275
523 407 342 250 170 104 204 211 57 7 0 0 0 0 0 0 0 2275
525 413 341 247 170 104 211 201 56 7 0 0 0 0 0 0 2275
528 416 337 248 167 104 199 214 55 7 0 0 0 0 0 2275
522 415 336 250 170 103 203 215 54 7 0 0 0 2275
520 415 336 247 175 203 103 214 55 7 0 0 2275
522 420 335 249 176 199 102 211 54 7 0 0 0 2275
517 414 338 175 249 201 106 212 56 7 0 2275
519 410 338 170 250 205 106 214 56 7 0 0 0 2275
523 419 332 250 166 202 106 214 56 7 0 0 0 2275
520 422 332 173 248 198 105 215 55 7 0 0 0 0 0 0 2275
525 416 335 168 248 195 107 218 56 7 0 0 0 0 2275
521 416 335 168 249 201 106 212 60 7 0 0 0 0 0 2275
523 418 333 169 248 199 108 211 59 7 0 2275
527 332 415 167 251 193 110 214 59 7 0 0 0 2275
525 333 412 168 249 197 213 112 59 7 0 0 0 2275
334 523 414 170 249 200 213 107 58 7 0 0 0 0 0 0 2275
335 406 521 178 252 201 211 106 58 7 0 0 0 2275
336 404 521 251 175 211 211 102 57 7 0 0 2275
412 336 520 251 176 206 211 101 55 7 0 0 0 0 0 0 0 2275
416 333 252 520 176 205 211 100 55 7 0 0 0 0 2275
416 334 252 518 172 204 216 100 56 7 0 0 0 0 0 2275
415 336 252 520 172 202 217 57 97 7 2275
414 344 514 250 174 203 220 56 93 7 0 0 2275
418 339 516 246 173 206 220 56 94 7 0 2275
418 341 520 251 168 201 220 57 92 7 0 0 0 0 0 2275
418 343 516 250 169 205 220 55 92 7 0 0 0 0 0 0 0 0 2275
418 346 515 179 249 201 212 57 91 7 0 0 0 0 0 0 0 0 0 0 0 2275
345 419 524 172 248 202 211 57 90 7 0 0 0 0 0 0 0 0 0 0 2275
346 420 175 516 248 204 210 58 91 7 0 0 0 0 0 0 0 2275
414 347 172 521 249 202 213 58 92 7 0 0 0 0 0 0 0 2275
415 348 168 526 247 204 211 57 92 7 0 0 0 0 0 0 0 0 0 2275
350 409 162 526 248 210 213 57 93 7 0 0 0 0 0 0 0 0 0 0 2275
344 414 170 520 247 212 209 58 94 7 0 0 0 0 0 0 2275
341 415 172 526 247 213 197 58 99 7 0 0 0 0 0 0 0 0 0 0 0 0 0 0 0 0 0 0 0 2275
341 411 169 520 247 208 214 58 100 7 0 0 0 0 0 0 0 0 2275
342 167 374 554 248 210 218 98 57 7 0 0 0 0 0 0 2275
333 166 392 556 247 195 225 57 97 7 2275
331 171 396 553 246 194 223 56 98 7 0 0 0 0 2275
328 175 399 546 249 198 56 219 98 7 0 0 0 0 0 0 0 2275
323 165 549 408 245 199 56 224 99 7 0 0 0 0 2275
326 161 415 546 245 198 57 222 98 7 2275
169 330 413 533 249 197 58 222 97 7 0 0 0 0 0 0 0 2275
162 331 407 539 249 200 57 224 99 7 0 0 0 0 0 0 0 0 0 2275
166 326 415 533 249 201 55 222 101 7 0 0 2275
167 332 413 533 248 197 55 221 102 7 0 0 0 2275
166 327 536 426 249 190 56 217 101 7 0 0 0 0 0 2275
169 529 328 421 251 196 56 217 101 7 0 2275
167 524 420 326 247 211 56 215 102 7 2275
168 520 328 421 246 210 57 217 101 7 0 0 2275
175 512 330 418 248 210 58 216 101 7 0 0 2275
175 517 329 416 250 211 57 213 100 7 0 2275
173 519 333 412 251 211 57 211 101 7 0 0 0 2275
175 517 332 412 248 213 55 212 104 7 0 0 2275
523 169 335 410 250 215 54 210 101 8 0 2275
520 171 333 417 252 56 204 215 99 8 0 0 2275
518 172 334 417 250 55 207 215 99 8 0 0 0 2275
518 173 415 340 250 54 206 212 99 8 0 2275
516 412 172 338 249 54 210 214 102 8 0 0 0 2275
512 414 173 343 247 53 213 212 100 8 0 0 0 2275
512 414 341 171 248 53 216 212 100 8 0 0 0 0 0 0 0 0 2275
505 416 177 341 250 55 213 210 100 8 0 0 0 0 0 0 0 0 0 0 2275
508 413 172 339 250 56 210 217 102 8 0 0 0 0 0 0 0 0 0 0 0 0 0 0 0 0 2275
512 167 409 342 249 56 213 219 100 8 0 0 0 0 0 0 0 0 0 2275
510 173 412 247 341 55 212 214 103 8 0 0 0 0 0 0 0 0 0 0 0 0 0 0 0 0 0 0 0 0 2275
509 173 412 245 341 58 211 213 105 8 0 0 0 0 0 2275
514 172 248 413 332 58 212 213 105 8 0 0 0 0 0 0 0 2275
504 176 251 415 330 59 214 210 108 8 0 0 0 0 0 0 2275
507 175 415 251 330 58 214 209 108 8 0 0 0 0 0 0 0 0 0 0 0 0 2275
510 173 412 252 325 58 215 213 109 8 0 0 0 0 0 2275
506 171 410 252 332 219 59 215 103 8 0 0 0 0 2275
502 408 175 251 329 215 59 223 105 8 0 0 0 0 0 2275
399 504 174 251 336 213 60 225 104 8 0 0 0 1 2275
405 515 251 144 333 214 64 238 103 8 0 0 0 0 0 0 0 0 0 0 2275
406 525 250 149 213 334 65 218 107 8 0 0 0 0 0 2275
408 527 248 152 216 335 64 209 108 8 0 2275
416 519 248 158 215 335 61 207 108 8 0 0 2275
521 421 250 162 215 327 61 202 108 8 0 0 0 0 0 2275
523 420 164 251 212 324 62 203 108 8 0 0 0 0 0 0 0 0 0 2275
526 415 161 252 329 209 62 206 107 8 0 0 0 0 0 0 0 0 0 2275
529 413 165 330 251 206 61 207 105 8 0 0 0 0 0 0 0 0 0 0 0 0 0 0 2275
532 414 157 331 252 208 61 206 106 8 0 0 0 0 0 0 0 0 2275
528 411 159 333 227 253 59 191 106 8 0 0 0 0 0 0 0 0 0 2275
528 413 166 333 254 209 60 198 106 8 0 0 0 2275
529 416 170 333 251 200 59 202 107 8 0 0 0 2275
524 415 170 331 251 203 59 208 106 8 0 0 0 0 0 0 2275
529 413 329 165 251 210 59 208 103 8 0 0 2275
522 418 331 164 250 207 60 211 104 8 0 0 0 0 2275
517 416 332 172 249 211 59 208 103 8 0 0 0 0 0 0 0 0 0 0 2275
519 417 330 251 168 211 59 210 102 8 0 0 0 0 0 0 0 0 0 0 0 0 2275
415 514 334 249 171 210 61 212 101 8 0 0 0 0 0 2275
408 515 249 332 173 218 59 208 105 8 0 0 0 2275
406 516 331 251 174 209 59 212 109 8 0 0 0 0 0 2275
411 512 333 171 251 206 59 216 108 8 0 0 0 0 0 0 0 0 0 2275
417 515 327 172 209 248 59 215 105 8 0 0 0 0 0 2275
414 513 328 179 210 247 58 214 104 8 0 0 0 0 2275
412 508 332 181 213 246 215 59 101 8 0 2275
511 408 339 175 214 247 214 58 101 8 0 0 0 0 0 0 2275
418 509 338 178 203 249 216 58 98 8 0 0 2275
417 501 337 182 215 251 207 100 57 8 0 0 0 0 0 0 0 0 0 0 0 2275
411 507 176 337 217 248 212 101 58 8 0 0 2275
419 512 176 332 212 208 247 102 59 8 0 0 0 0 2275
412 514 178 333 211 246 212 103 58 8 2275
414 506 180 334 214 248 213 100 58 8 2275
413 502 184 334 216 247 211 103 57 8 0 2275
414 506 179 332 250 214 210 102 60 8 0 0 2275
412 508 174 336 247 219 212 100 59 8 0 0 0 2275
405 510 180 335 249 215 211 60 102 8 0 2275
415 512 180 326 250 216 203 60 105 8 0 0 0 2275
411 175 517 324 250 217 210 60 103 8 0 0 0 2275
410 176 512 249 328 216 214 59 103 8 0 0 0 0 2275
173 415 516 247 327 216 211 59 103 8 0 2275
176 407 250 510 329 215 217 61 102 8 0 0 0 0 0 0 0 2275
409 175 249 510 333 215 211 60 105 8 0 0 0 0 0 0 0 2275
171 409 248 512 330 216 212 63 106 8 0 2275
178 249 347 567 213 332 211 61 109 8 0 0 0 2275
172 243 374 566 222 321 200 60 109 8 0 0 0 0 0 0 0 0 2275
173 247 395 553 223 315 60 192 109 8 0 0 2275
173 245 401 546 224 314 61 197 106 8 0 0 2275
174 246 403 546 221 319 59 192 107 8 0 0 0 2275
245 173 413 541 222 319 59 191 104 8 0 0 0 0 0 0 2275
249 161 433 228 544 317 58 171 105 9 0 0 2275
248 161 436 225 548 318 169 57 105 8 0 0 0 0 2275
249 165 428 219 546 326 172 58 103 9 0 0 0 0 0 2275
253 169 424 219 540 328 173 59 101 9 0 0 2275
177 251 418 219 529 330 180 59 103 9 0 0 0 2275
183 251 421 217 534 326 173 101 60 9 0 0 0 2275
185 250 420 218 528 328 176 100 61 9 0 0 0 0 0 2275
246 166 427 224 332 536 172 101 62 9 0 0 0 0 0 0 0 2275
243 165 428 218 535 339 172 103 63 9 0 0 0 0 2275
244 428 171 216 529 338 172 103 65 9 0 0 0 0 0 0 0 0 2275
244 422 178 530 216 339 168 106 63 9 0 0 0 0 0 0 0 2275
245 417 183 529 214 173 339 103 63 9 0 0 0 2275
243 420 186 525 216 168 341 105 62 9 0 2275
244 420 526 182 213 173 341 105 62 9 2275
247 422 527 217 177 172 339 104 61 9 0 0 0 0 2275
247 422 531 215 181 339 168 103 60 9 0 0 0 0 0 0 0 0 0 2275
247 535 425 218 179 334 165 104 59 9 0 0 0 0 2275
246 532 224 424 182 332 164 104 58 9 0 0 0 2275
247 218 529 424 186 332 167 104 59 9 0 0 0 2275
248 220 527 416 187 172 332 106 58 9 0 0 2275
248 217 530 418 191 330 167 106 59 9 0 0 0 0 0 0 0 0 0 2275
246 217 525 415 196 337 168 104 58 9 0 0 0 0 2275
246 525 215 415 197 335 166 108 59 9 0 0 2275
248 524 216 198 413 336 166 106 59 9 0 2275
250 215 526 197 408 337 167 106 60 9 0 0 2275
251 215 528 200 408 162 338 105 58 10 2275
216 250 523 199 408 165 341 104 59 10 0 0 2275
251 217 521 200 411 165 338 103 59 10 0 0 0 0 0 0 2275
250 219 515 202 414 336 169 101 59 10 0 0 0 0 0 0 0 0 2275
250 218 510 197 414 337 178 102 59 10 0 0 0 0 0 0 2275
250 218 203 509 408 334 180 105 58 10 0 0 0 2275
247 217 202 512 410 334 181 104 58 10 0 0 0 0 0 0 2275
250 219 203 512 411 333 176 103 58 10 0 0 0 0 0 2275
249 218 204 507 409 339 176 104 59 10 0 2275
248 206 220 505 411 334 178 105 58 10 0 0 0 0 2275
248 208 220 513 410 331 172 104 58 11 0 0 0 0 2275
248 208 218 515 410 171 335 102 57 11 0 0 0 0 0 0 0 2275
251 203 220 512 408 171 341 100 58 11 0 0 0 0 0 2275
251 206 217 407 508 175 340 100 60 11 0 0 0 0 0 2275
205 249 217 413 514 169 339 98 60 11 0 0 0 2275
208 250 219 505 415 169 337 101 59 12 0 0 0 0 2275
202 248 510 213 420 174 338 101 57 12 0 2275
206 248 511 211 414 178 338 100 57 12 0 0 0 0 0 2275
200 251 514 210 411 178 339 59 101 12 0 0 0 0 0 0 0 0 0 0 0 2275
202 249 510 214 416 176 339 101 57 11 0 2275
201 248 511 211 415 179 340 101 58 11 0 0 0 0 0 2275
249 207 511 213 408 177 339 102 58 11 0 0 0 0 0 0 2275
246 209 510 209 409 339 182 104 56 11 0 0 0 0 0 2275
249 203 510 209 343 406 182 105 57 11 0 0 0 0 0 0 0 0 0 0 0 0 0 0 0 0 0 0 0 0 2275
249 207 510 210 336 406 179 110 57 11 0 0 0 0 0 2275
249 204 507 212 336 408 180 110 58 11 0 0 0 0 0 0 0 0 2275
249 503 209 212 341 405 178 108 59 11 0 0 0 0 0 2275
249 504 190 211 418 345 181 108 58 11 2275
215 509 185 243 345 423 178 108 58 11 0 0 0 2275
134 542 211 251 341 430 194 104 57 11 0 0 0 0 0 0 0 0 2275
136 553 207 251 349 423 187 103 55 11 0 0 0 0 0 0 0 0 0 2275
140 550 209 251 349 422 183 105 55 11 0 0 0 2275
138 210 548 251 348 421 189 103 56 11 0 0 0 0 0 2275
144 208 541 343 249 426 190 105 58 11 0 0 0 0 0 0 0 2275
210 132 546 341 251 424 194 106 60 11 0 2275
207 143 544 337 426 250 193 104 60 11 0 0 0 2275
207 143 544 344 422 250 193 104 57 11 0 0 0 0 0 0 0 0 2275
207 144 539 425 342 250 196 104 57 11 0 2275
145 211 534 431 337 248 197 104 57 11 0 0 0 0 0 0 2275
152 208 536 426 336 196 249 103 58 11 0 0 0 0 0 0 0 0 0 2275
154 207 430 533 333 197 247 104 58 11 0 0 0 0 1 2275
159 213 423 532 338 192 102 248 57 11 0 0 0 0 0 0 0 0 0 2275
162 209 429 529 335 195 249 100 56 11 0 0 0 0 0 0 0 0 0 2275
161 213 429 526 335 191 251 101 57 11 0 0 0 0 0 0 2275
159 214 428 529 336 188 252 100 58 11 0 0 0 0 0 0 0 0 0 0 0 2275
157 217 421 532 337 250 190 103 57 11 0 0 2275
159 214 419 530 338 248 196 103 57 11 0 0 0 0 0 0 0 2275
164 215 423 529 332 246 195 103 57 11 0 0 0 0 0 0 2275
166 214 419 524 333 248 197 104 59 11 0 0 0 0 2275
171 209 427 522 335 248 104 190 58 11 0 0 2275
167 210 417 524 336 248 197 105 60 11 0 2275
213 164 422 526 333 250 193 104 59 11 0 0 0 0 0 2275
160 218 421 524 335 250 196 102 58 11 0 0 0 2275
159 219 417 527 334 250 103 196 59 11 0 0 0 0 0 0 2275
163 217 529 415 334 248 103 196 59 11 0 0 0 0 0 0 0 0 0 2275
165 219 521 406 340 247 200 105 61 11 0 0 2275
224 167 511 403 342 249 203 104 61 11 0 0 0 0 0 0 0 0 2275
217 169 515 403 340 251 204 105 60 11 0 0 0 0 0 0 0 0 0 0 0 0 0 2275
170 216 516 404 341 249 204 104 60 11 0 0 0 0 0 0 2275
169 213 407 519 342 249 203 103 59 11 0 0 2275
212 169 405 522 338 251 204 105 58 11 0 0 0 0 0 2275
213 166 402 527 342 246 205 58 105 11 0 2275
211 174 398 521 247 345 205 59 104 11 0 0 0 0 0 0 0 0 0 2275
210 174 403 523 248 339 59 203 105 11 0 0 2275
176 209 400 521 251 342 59 200 106 11 0 0 0 0 2275
176 211 400 251 525 337 61 197 106 11 0 0 0 0 2275
211 158 399 538 247 336 60 208 107 11 0 0 0 2275
213 150 400 540 246 338 60 210 107 11 0 0 0 0 0 0 0 2275
211 155 403 541 246 335 60 207 106 11 0 0 0 0 2275
214 152 411 538 248 331 60 204 106 11 0 0 0 2275
212 151 407 537 248 337 60 204 108 11 2275
216 152 532 397 249 339 60 210 109 11 0 0 2275
217 158 526 250 408 336 60 203 106 11 0 0 0 0 0 2275
164 214 526 250 406 340 61 199 104 11 0 0 0 0 0 2275
160 217 525 250 406 340 61 202 103 11 0 0 0 0 0 0 0 0 2275
164 216 520 250 408 338 61 202 105 11 2275
164 220 521 249 408 338 198 63 103 11 0 0 0 0 2275
167 216 514 249 339 414 201 63 101 11 0 0 0 0 0 0 2275
162 214 523 249 338 414 199 101 64 11 0 2275
162 519 216 249 343 410 200 101 64 11 0 0 0 2275
156 527 216 339 250 412 197 103 64 11 0 2275
158 528 214 337 249 414 199 64 101 11 0 0 0 0 2275
163 530 213 341 410 248 196 61 102 11 0 0 2275
166 529 212 414 337 248 194 61 103 11 0 2275
172 211 526 418 329 249 193 61 104 11 1 0 0 0 0 2275
176 212 522 420 330 249 191 61 103 11 0 0 0 0 2275
172 209 527 422 331 249 189 61 104 11 0 0 0 0 0 0 2275
173 209 524 421 332 193 246 62 104 11 0 0 0 2275
167 214 529 419 335 188 246 64 102 11 0 0 0 0 0 0 2275
170 214 420 523 335 191 247 64 100 11 0 0 0 0 2275
167 416 213 528 335 196 247 61 101 11 0 0 0 0 2275
165 409 214 338 530 197 248 62 101 11 0 0 2275
168 410 212 335 527 198 247 64 103 11 0 0 0 0 2275
166 413 213 330 527 202 65 247 101 11 0 0 0 2275
179 411 213 333 513 63 202 247 103 11 0 0 0 2275
180 208 406 336 518 63 202 247 104 11 0 0 0 0 0 0 0 0 0 2275
177 209 404 340 521 61 248 201 103 11 0 2275
171 213 407 339 521 61 247 201 104 11 2275
176 210 401 520 340 61 247 205 104 11 0 0 0 2275
172 209 402 519 341 59 249 210 103 11 2275
173 210 404 522 59 345 251 200 100 11 0 0 0 0 0 0 0 0 0 0 2275
172 214 408 518 61 247 340 204 100 11 0 0 0 2275
175 409 211 516 62 245 341 206 99 11 0 0 0 0 2275
176 403 511 213 62 247 343 209 100 11 0 2275
170 406 215 516 64 246 337 207 103 11 2275
170 401 216 520 63 247 341 102 204 11 0 0 0 0 2275
175 214 403 515 62 247 337 102 209 11 0 0 0 0 0 2275
214 180 406 507 62 247 341 102 205 11 0 0 0 0 0 2275
215 182 407 501 247 64 334 103 211 11 0 0 0 0 0 0 0 0 0 2275
214 177 507 409 250 65 334 101 207 11 0 0 2275
220 173 510 407 249 65 338 202 100 11 0 0 0 0 0 0 0 0 2275
185 504 196 408 248 63 336 220 104 11 0 0 2275
175 513 215 402 63 247 339 205 105 11 0 0 0 0 0 2275
174 515 213 405 63 336 248 204 105 12 0 2275
172 519 216 403 62 337 247 202 105 12 0 2275
515 176 216 401 62 341 248 199 105 12 0 0 2275
512 176 217 401 62 343 251 198 103 12 0 0 0 0 0 2275
181 507 219 395 62 353 250 193 103 12 0 0 0 2275
184 512 214 404 61 340 250 194 104 12 0 0 0 0 0 2275
181 512 216 402 61 339 249 199 104 12 0 0 2275
177 514 217 408 336 60 247 199 105 12 0 2275
175 213 519 408 335 58 248 203 104 12 2275
185 210 516 402 336 247 60 201 106 12 0 0 0 2275
214 162 525 399 339 253 61 205 105 12 0 0 0 0 0 0 0 0 0 0 0 0 2275
214 167 527 409 333 251 58 198 106 12 0 0 0 0 0 0 0 0 0 2275
215 169 525 411 334 58 251 197 103 12 0 0 0 0 0 0 2275
212 174 520 408 334 60 247 206 102 12 0 0 0 0 0 0 2275
211 180 519 406 334 60 248 203 102 12 0 0 2275
210 178 520 405 335 61 252 200 102 12 0 0 0 0 0 0 0 0 0 0 0 2275
175 196 536 410 334 61 249 201 101 12 0 0 0 0 0 0 0 2275
169 193 551 411 338 248 58 194 101 12 0 0 2275
167 199 550 412 339 249 58 187 101 13 0 0 0 2275
162 200 548 414 335 248 194 59 102 13 0 0 0 0 0 0 2275
158 203 551 411 332 247 197 58 105 13 0 0 0 0 2275
158 544 207 414 332 247 196 59 105 13 0 2275
153 546 416 210 328 248 199 57 105 13 0 0 0 0 0 2275
155 542 411 209 337 199 248 58 103 13 0 0 0 0 0 0 0 0 0 2275
156 537 415 212 334 198 248 104 57 14 0 0 0 0 0 0 0 0 0 2275
158 535 408 217 337 195 249 105 57 14 0 0 0 0 0 0 0 0 0 0 0 0 2275
162 535 411 213 333 196 248 104 58 15 0 0 0 0 0 0 0 0 2275
159 537 410 215 329 197 247 109 57 15 0 0 0 0 0 0 0 0 0 0 0 0 0 0 0 0 0 2275
157 534 414 219 329 196 247 107 57 15 0 0 0 0 0 0 2275
155 535 412 217 332 250 199 104 57 14 0 0 0 0 2275
154 539 414 216 328 251 197 103 59 14 0 0 0 0 2275
543 155 412 214 331 251 193 103 59 14 0 0 0 2275
542 154 407 211 250 333 201 103 60 14 2275
543 401 152 213 252 334 203 104 59 14 0 0 0 0 0 2275
543 401 152 213 336 248 204 104 60 14 0 0 0 2275
547 407 214 147 335 247 202 103 59 14 0 0 0 0 2275
545 408 211 149 335 247 202 105 59 14 0 0 0 0 0 2275
545 412 213 147 331 247 205 102 59 14 0 0 0 0 0 2275
551 411 206 147 247 330 205 105 59 14 0 0 0 0 0 2275
545 416 208 146 331 246 206 106 57 14 2275
546 408 208 148 331 247 206 108 59 14 0 0 0 0 0 0 0 2275
407 545 207 149 327 249 212 106 59 14 0 0 2275
412 543 207 147 247 326 213 106 60 14 0 0 2275
415 542 207 150 327 249 204 106 61 14 0 0 0 0 2275
423 556 154 170 249 322 220 105 61 15 0 0 0 2275
425 560 153 188 252 327 104 201 49 16 0 0 0 0 0 0 0 0 0 0 0 0 2275
419 554 152 251 192 333 107 200 48 19 0 0 2275
415 551 149 252 200 339 200 101 48 20 0 0 0 0 0 2275
416 552 142 250 204 339 201 102 49 20 0 0 0 0 2275
414 557 140 251 202 198 342 101 50 20 0 2275
412 557 141 250 201 200 342 102 50 20 0 0 2275
412 553 249 143 206 203 335 104 49 21 2275
411 551 250 147 208 205 333 101 48 21 0 2275
413 555 247 146 200 203 338 102 49 22 0 0 0 2275
412 553 249 143 204 201 340 102 50 21 0 0 2275
416 554 248 142 197 205 339 103 49 22 0 0 0 2275
414 554 139 246 202 209 336 103 50 22 2275
418 552 144 248 195 333 208 104 50 23 0 0 0 0 0 0 0 0 0 0 0 2275
410 553 146 246 206 334 207 50 101 22 0 0 0 2275
408 548 144 206 245 338 212 50 102 22 0 0 2275
407 543 144 210 338 246 212 51 102 22 0 0 0 2275
410 545 143 208 246 333 212 52 103 23 0 0 2275
415 543 147 246 204 330 211 53 103 23 0 0 0 0 0 0 0 2275
420 147 542 247 202 329 209 52 104 23 0 2275
415 147 546 247 203 328 207 54 105 23 0 0 0 0 0 2275
405 543 145 249 210 332 207 54 107 23 0 0 0 0 0 2275
403 546 143 250 332 207 207 57 106 24 0 0 0 0 0 0 0 0 2275
406 539 146 330 250 202 212 57 109 24 0 0 0 0 0 0 0 0 0 0 2275
404 534 145 329 251 211 215 108 53 25 0 0 0 0 0 2275
410 535 146 329 210 249 216 108 46 26 0 0 0 2275
410 147 535 333 209 248 215 105 46 27 0 2275
410 144 538 332 210 248 214 48 104 27 0 2275
418 146 536 324 209 245 215 49 106 27 0 2275
421 540 147 327 242 209 215 47 100 27 0 2275
444 550 146 328 256 220 156 46 102 27 0 0 0 0 0 0 0 2275
445 551 147 326 211 255 163 48 102 27 2275
439 557 144 327 213 163 256 47 101 28 0 0 0 0 2275
439 553 145 328 168 212 250 47 105 28 0 0 0 2275
443 147 553 326 165 212 252 46 103 28 0 0 0 0 2275
440 147 555 325 171 206 252 48 103 28 0 0 0 2275
433 145 556 326 175 207 252 48 105 28 0 0 0 2275
433 145 548 330 177 210 251 48 104 29 0 0 0 0 0 0 0 0 2275
430 144 550 183 326 210 251 48 104 29 0 0 0 0 0 2275
427 143 553 186 208 326 249 50 104 29 0 0 0 0 0 0 0 0 0 0 0 0 0 0 0 0 0 0 0 0 0 0 0 0 0 2275
419 141 546 194 213 331 250 103 48 30 0 0 0 0 0 0 0 0 2275
417 140 542 217 195 332 252 103 48 29 0 0 0 0 0 2275
137 420 547 215 196 331 249 102 49 29 0 0 0 0 0 2275
138 543 422 218 197 330 248 99 51 29 0 0 0 0 2275
139 546 417 194 216 333 249 100 52 29 0 0 0 0 0 0 0 0 2275
145 541 416 193 214 333 251 99 54 29 0 0 0 0 0 2275
545 147 420 191 210 327 251 100 54 30 0 0 0 0 0 0 0 2275
545 147 423 189 211 250 328 99 54 29 0 0 0 0 0 0 0 0 0 0 0 0 0 0 2275
551 145 417 210 192 249 328 100 54 29 0 0 0 2275
550 144 425 209 186 250 325 102 55 29 0 0 0 0 0 0 0 0 2275
548 146 415 210 193 329 246 103 56 29 0 0 0 2275
544 149 410 211 192 247 334 102 57 29 0 0 0 0 0 0 2275
545 147 411 209 246 192 338 100 58 29 0 0 2275
543 147 416 209 250 191 332 101 29 57 0 0 0 0 2275
555 139 416 207 248 191 329 104 30 56 0 0 0 0 2275
548 141 415 246 205 203 328 102 30 57 0 0 0 0 0 0 0 0 0 2275
549 141 415 246 207 329 201 100 30 57 2275
550 138 410 248 211 328 101 199 31 59 0 0 0 0 2275
546 138 249 407 213 329 101 200 31 61 2275
544 140 248 409 214 328 103 199 31 59 0 0 0 0 0 0 0 0 0 2275
544 139 247 412 329 214 104 196 32 58 0 0 0 0 0 2275
542 142 247 404 215 335 104 195 32 59 0 0 0 2275
541 144 245 414 328 214 104 194 32 59 2275
540 143 248 410 331 216 105 191 32 59 0 0 0 0 0 0 0 2275
537 145 248 407 332 217 102 196 32 59 0 0 0 0 0 0 2275
146 538 250 400 333 216 102 199 32 59 0 0 0 0 0 0 0 0 0 0 2275
543 143 249 398 327 215 105 204 32 59 0 0 0 0 0 0 0 0 0 0 2275
539 143 251 396 332 217 203 102 32 60 2275
539 143 253 397 333 198 218 102 32 60 0 0 0 2275
548 143 254 396 197 329 212 104 32 60 0 0 0 0 0 2275
549 142 253 395 198 331 210 105 60 32 0 0 0 0 0 0 0 0 2275
547 251 144 396 195 334 213 104 59 32 0 0 0 2275
547 248 401 140 198 332 211 106 59 33 0 0 2275
545 249 402 144 198 330 210 107 33 57 0 0 0 0 0 2275
537 249 146 397 204 334 211 105 34 58 0 0 0 0 0 0 0 0 2275
538 249 146 406 197 331 212 103 34 59 0 0 0 2275
539 140 236 421 333 196 213 104 34 59 0 0 0 0 2275
538 143 242 415 340 194 209 99 34 61 0 0 0 0 0 0 0 0 0 2275
541 145 423 242 337 184 210 98 35 60 0 0 0 0 0 0 0 0 0 0 0 0 0 2275
544 145 416 245 337 187 206 100 61 34 0 0 0 0 0 0 0 0 0 0 0 0 0 2275
542 419 149 243 336 183 204 102 63 34 0 0 0 2275
544 416 149 247 338 180 204 100 63 34 0 0 0 0 0 0 2275
541 410 147 248 340 184 207 62 101 35 0 0 0 0 0 0 0 0 0 0 0 2275
544 411 150 246 183 338 203 61 103 36 0 0 0 0 0 0 0 0 0 0 0 0 0 0 0 0 0 0 2275
543 412 148 247 185 332 206 60 105 37 0 0 0 0 0 2275
541 414 146 246 182 335 61 209 104 37 0 0 0 0 0 0 0 0 0 0 0 0 0 0 0 0 2275
543 425 245 146 178 324 61 212 105 36 0 2275
545 418 247 144 324 182 60 210 108 37 0 0 0 2275
547 414 143 249 324 184 59 210 108 37 0 0 0 0 0 2275
548 406 253 146 327 184 59 207 106 39 0 0 0 0 0 0 2275
545 406 253 149 321 186 59 209 39 108 0 0 0 0 0 0 2275
543 397 254 150 324 193 58 207 40 109 0 0 0 0 0 0 0 0 0 0 0 0 0 0 0 0 0 0 0 0 0 2275
544 400 250 150 325 196 57 205 41 107 0 0 2275
542 393 149 251 328 200 56 206 41 109 0 2275
577 352 148 254 331 202 56 208 41 106 0 0 0 0 0 2275
571 364 152 252 324 196 56 214 41 105 0 0 0 0 0 2275
573 374 150 317 252 193 59 213 43 101 0 0 0 0 0 2275
572 385 147 308 252 59 195 214 43 100 0 0 0 0 0 0 0 0 0 2275
558 391 146 312 253 58 202 215 98 42 0 0 0 0 0 2275
562 394 143 307 252 57 204 210 103 43 0 0 0 2275
557 394 147 306 253 58 209 202 105 44 0 0 0 0 0 2275
559 143 394 313 255 57 208 197 105 44 0 0 0 0 2275
140 556 393 312 254 57 208 207 104 44 0 0 0 0 0 0 0 0 2275
138 552 403 253 313 58 207 203 104 44 0 0 0 0 0 0 2275
137 548 405 312 251 60 213 200 104 45 0 0 0 0 0 2275
139 545 402 313 251 213 59 203 104 46 0 0 0 0 2275
140 548 405 314 252 212 58 194 105 47 0 0 0 0 0 2275
138 548 400 318 255 58 211 195 104 48 0 0 0 0 0 2275
137 548 401 321 253 58 194 211 104 48 2275
140 547 400 322 251 60 194 209 48 104 0 0 0 0 0 2275
141 545 397 250 322 61 194 210 50 105 0 0 2275
546 142 388 253 326 61 197 206 51 105 0 0 0 0 0 0 0 0 0 0 0 0 0 0 2275
544 140 386 326 252 62 210 200 50 105 0 0 0 0 0 0 0 0 0 0 0 0 0 0 0 0 0 0 0 2275
547 135 385 254 328 63 208 203 49 103 0 0 0 0 0 0 0 2275
542 139 384 255 327 62 208 206 50 102 0 0 2275
136 542 381 253 329 64 212 206 50 102 0 0 0 0 0 0 0 0 0 2275
139 542 255 376 330 64 207 210 51 101 0 0 0 0 0 0 0 0 0 0 0 0 0 0 2275
143 543 255 372 335 65 206 205 50 101 0 0 0 0 0 0 0 0 0 0 0 0 0 0 0 2275
143 550 253 376 328 208 62 197 53 105 0 0 0 0 0 0 0 0 0 0 0 0 0 0 0 2275
544 143 249 385 324 210 61 202 53 104 0 0 0 0 0 0 2275
548 141 249 385 323 207 61 202 55 104 0 0 0 0 0 0 0 2275
546 250 142 383 324 212 61 199 54 104 0 0 0 0 0 0 2275
540 248 379 142 324 213 62 207 54 106 0 0 0 0 0 0 0 0 0 0 0 0 2275
545 373 248 143 329 206 63 209 55 104 0 2275
377 541 249 141 325 210 62 208 56 106 0 0 0 0 0 2275
372 540 251 143 327 211 205 62 55 109 0 2275
368 543 250 144 326 211 207 55 59 112 0 2275
370 537 144 253 328 212 206 55 62 108 0 2275
376 545 146 253 324 208 196 64 54 109 0 0 2275
372 548 146 252 207 324 199 63 55 109 0 0 0 0 0 0 0 0 0 0 0 2275
369 549 145 208 250 323 202 64 54 111 0 0 2275
374 546 146 207 248 320 203 55 64 112 0 0 0 0 0 0 0 0 0 2275
373 543 146 205 250 323 205 68 53 109 0 0 0 0 2275
374 546 141 252 207 325 206 64 54 106 0 0 0 2275
376 556 136 251 206 323 210 54 59 104 0 0 0 0 2275
376 552 136 254 209 323 208 60 106 51 0 0 2275
551 377 136 258 210 321 205 60 107 50 0 0 2275
554 382 137 257 317 207 204 60 106 51 0 0 0 0 0 2275
550 384 141 258 313 209 203 60 105 52 0 0 0 0 0 2275
548 382 143 313 256 211 205 58 106 53 2275
552 391 142 307 257 203 206 58 106 53 0 2275
387 549 141 310 256 202 211 58 107 54 0 0 2275
388 548 147 309 254 197 210 61 106 55 0 0 0 2275
384 550 142 313 200 252 208 63 105 58 0 0 2275
383 548 141 314 199 254 211 61 105 59 0 0 0 0 0 0 0 2275
391 547 140 307 254 199 213 60 105 59 0 2275
395 551 138 303 201 253 211 57 105 61 0 0 2275
551 401 144 306 193 252 212 55 100 61 0 0 0 0 0 0 2275
551 397 144 310 192 254 211 56 99 61 0 0 0 2275
545 399 145 309 192 254 215 55 99 62 0 0 0 0 2275
543 395 312 145 193 253 214 54 102 64 2275
544 383 318 140 254 204 212 59 106 55 0 0 0 0 0 0 2275
541 387 316 141 254 203 212 62 105 54 0 0 0 2275
541 381 316 143 206 252 212 67 104 53 0 0 0 0 2275
539 378 318 144 191 255 222 69 105 54 0 0 0 0 0 0 0 0 0 2275
543 378 318 142 255 207 204 69 106 53 0 2275
546 383 313 142 253 207 204 107 68 52 0 2275
545 382 313 144 251 207 208 106 68 51 0 0 0 0 0 0 2275
542 384 313 252 143 203 211 107 69 51 0 0 0 0 0 2275
538 385 313 251 151 199 211 109 48 70 0 0 0 2275
540 317 378 250 147 207 210 109 47 70 0 0 0 0 0 0 0 0 0 2275
544 317 376 253 145 205 212 107 46 70 0 0 0 0 0 2275
547 315 378 255 146 204 208 106 46 70 0 0 2275
550 315 381 144 252 204 206 106 47 70 0 0 0 2275
553 318 376 254 142 199 208 106 48 71 2275
556 317 377 255 201 143 203 104 47 72 0 0 2275
557 369 317 252 209 143 203 104 48 73 0 2275
551 368 318 251 211 142 209 46 104 75 0 0 2275
557 371 317 252 138 207 207 46 104 76 0 0 0 2275
556 373 317 252 141 209 202 46 103 76 0 2275
550 365 321 144 249 210 207 48 105 76 0 0 0 0 2275
547 365 323 144 211 251 205 47 104 78 0 0 0 0 0 0 2275
549 371 322 144 209 204 248 47 104 77 2275
554 373 315 210 139 206 249 46 105 78 0 0 0 0 0 0 0 0 0 0 2275
552 370 317 209 138 212 249 104 46 78 0 0 0 0 0 0 0 0 0 0 0 0 0 2275
544 374 319 215 138 251 208 104 45 77 0 0 0 2275
548 370 322 139 213 253 205 103 45 77 0 2275
550 320 372 141 211 253 201 104 45 78 2275
551 324 362 208 142 254 203 105 45 81 0 0 2275
552 318 369 211 254 140 200 105 45 81 0 2275
551 315 372 211 251 204 140 105 45 81 0 0 0 0 0 0 0 2275
549 310 375 213 205 256 138 105 44 80 0 0 0 0 0 0 0 0 2275
556 310 370 210 201 257 141 106 44 80 0 0 0 0 0 0 0 0 0 0 2275
554 372 309 208 201 254 144 106 46 81 0 0 0 0 0 0 2275
552 375 310 210 197 254 106 147 45 79 0 0 2275
548 376 307 212 253 206 105 144 45 79 2275
547 370 211 314 255 204 104 146 45 79 0 0 0 0 0 2275
547 370 213 252 315 207 104 142 45 80 0 0 0 0 0 0 0 0 0 0 2275
541 372 213 253 313 209 104 145 45 80 0 0 0 0 0 0 0 0 0 0 0 0 0 0 0 0 2275
370 536 213 251 315 216 102 147 45 80 0 0 0 2275
370 534 217 252 314 216 101 147 45 79 0 0 0 0 0 0 0 0 0 0 2275
541 367 214 251 310 221 101 145 46 79 0 0 0 0 0 0 0 0 2275
541 372 251 216 307 217 102 145 45 79 0 0 0 0 2275
539 370 249 217 309 214 148 103 46 80 0 0 0 0 0 0 0 0 0 0 0 0 0 2275
366 538 252 217 310 216 146 104 45 81 0 0 0 0 0 0 0 0 2275
371 538 252 218 309 209 103 150 45 80 0 0 2275
374 539 252 214 206 306 105 152 45 82 0 0 2275
373 541 253 214 213 302 147 105 45 82 0 0 0 0 0 0 0 0 2275
374 539 250 214 214 302 149 105 45 83 0 0 0 0 0 0 0 0 0 0 2275
371 534 252 214 220 302 149 46 105 82 0 0 0 0 0 0 2275
369 536 254 210 217 306 148 105 47 83 0 2275
375 533 252 212 219 306 147 103 83 45 0 0 0 0 0 0 0 2275
369 251 529 213 225 308 150 105 81 44 0 0 0 0 0 0 0 2275
372 252 532 212 219 305 151 106 82 44 0 0 2275
367 535 252 232 200 306 148 107 84 44 0 0 0 0 0 0 2275
365 540 252 224 201 310 147 108 83 45 0 0 0 0 0 0 0 0 0 0 0 2275
364 543 254 222 203 146 306 108 83 46 0 0 0 0 0 0 0 0 0 0 0 0 0 0 2275
359 537 253 221 208 152 308 106 84 47 0 0 0 0 2275
365 254 539 218 210 149 306 105 84 45 0 0 2275
372 252 541 212 212 145 105 305 86 45 0 0 0 0 2275
370 254 536 219 215 145 304 103 83 46 0 0 0 2275
366 256 219 529 217 150 308 101 83 46 0 2275
368 253 222 532 212 307 147 103 85 46 0 0 0 0 0 0 0 0 0 2275
366 255 220 535 213 308 103 145 84 46 2275
368 254 219 538 217 306 103 84 141 45 0 0 0 0 0 2275
366 255 219 536 307 220 103 83 142 44 0 0 0 0 0 0 0 0 2275
370 255 216 531 308 220 84 103 144 44 0 0 0 0 0 2275
374 217 251 530 302 222 85 104 147 43 0 0 0 0 0 0 0 0 0 0 2275
370 216 250 534 304 85 221 103 148 44 0 2275
374 211 248 537 307 219 85 103 146 45 0 0 0 2275
370 210 250 540 311 215 85 102 147 45 0 2275
247 384 190 540 313 224 85 102 144 46 0 0 0 0 0 0 2275
250 385 538 181 314 224 84 107 148 44 2275
252 375 535 187 222 314 85 109 152 44 0 0 0 0 2275
251 539 383 186 221 313 83 104 151 44 0 0 0 0 2275
251 538 383 188 219 313 84 150 104 45 0 0 2275
251 538 384 193 217 308 84 152 103 45 0 0 2275
252 544 221 400 170 308 84 149 101 46 0 0 0 0 0 0 0 2275
251 543 217 395 172 309 85 151 105 47 0 0 0 0 0 2275
251 546 218 385 312 174 86 152 104 47 0 0 0 0 0 0 2275
248 545 218 384 313 182 87 103 148 47 0 0 0 0 0 0 0 0 0 2275
251 551 388 219 309 179 85 104 144 45 0 0 2275
253 554 385 221 310 176 84 143 104 45 0 0 0 0 2275
252 555 388 218 308 174 85 148 103 44 0 0 2275
252 556 215 388 310 177 85 145 103 44 0 0 0 0 0 0 0 0 0 0 0 2275
251 553 217 385 313 177 86 142 106 45 0 0 0 0 0 2275
251 556 217 381 317 179 85 106 139 44 0 0 0 0 2275
253 550 217 318 381 178 84 106 144 44 0 0 0 0 2275
251 557 216 317 183 382 84 104 136 45 0 0 0 2275
253 555 215 185 314 378 84 105 142 44 0 0 0 0 0 0 0 0 0 0 2275
253 559 209 186 313 379 84 107 140 45 0 0 0 0 0 2275
550 253 214 185 317 377 84 106 144 45 0 0 0 0 0 0 0 2275
545 254 187 213 312 381 84 105 149 45 0 0 0 2275
550 250 191 211 314 377 84 146 107 45 0 0 0 0 0 2275
545 252 196 211 317 375 83 104 147 45 0 2275
551 252 197 210 374 320 83 104 138 46 0 2275
547 251 200 368 212 321 83 104 144 45 0 0 0 0 2275
548 249 198 374 212 317 83 143 106 45 0 0 0 0 0 0 0 0 2275
547 250 200 377 213 318 83 104 138 45 0 0 0 0 2275
554 251 199 374 314 211 82 105 139 46 0 0 2275
552 251 199 315 371 210 81 106 144 46 0 0 0 0 2275
548 248 205 311 372 213 83 105 144 46 0 0 0 0 0 0 0 2275
545 251 313 203 369 212 83 107 147 45 0 0 0 0 2275
541 251 314 210 369 209 83 105 146 47 0 0 2275
540 251 317 215 364 209 84 105 143 47 0 0 2275
540 248 319 212 367 212 104 84 142 47 0 0 0 2275
538 318 249 210 370 213 104 83 143 47 0 2275
537 316 250 210 374 214 104 83 141 46 0 0 0 2275
544 316 253 208 213 368 103 84 139 47 0 0 0 2275
314 542 252 212 210 369 105 84 141 46 0 0 0 2275
313 542 253 215 207 369 105 141 84 46 0 0 2275
311 543 252 218 208 367 105 140 86 45 0 2275
306 546 253 214 210 370 138 106 87 45 0 0 0 0 0 0 0 2275
313 544 253 208 214 363 140 103 90 47 0 0 2275
310 538 252 209 214 366 104 146 90 46 2275
309 537 252 210 213 367 106 144 91 46 0 2275
312 250 541 212 206 367 105 146 90 46 0 0 0 0 2275
313 251 543 211 207 364 105 146 90 45 0 0 0 0 0 0 0 0 0 0 0 0 2275
310 252 544 206 212 368 105 144 89 45 0 2275
252 307 541 211 212 363 107 146 91 45 0 0 0 0 2275
250 314 543 206 213 361 108 144 91 45 0 0 2275
315 252 542 205 211 360 109 144 92 45 0 0 0 2275
250 314 542 205 211 363 107 144 94 45 0 0 0 0 0 0 0 0 0 0 2275
250 314 548 204 211 359 141 107 95 46 0 0 0 0 0 2275
250 316 549 202 210 358 140 109 95 46 0 0 2275
251 318 545 205 211 351 142 109 97 46 2275
250 321 540 204 208 353 146 110 97 46 0 2275
252 324 539 202 213 346 147 108 47 97 0 2275
253 322 540 197 214 147 350 108 47 97 0 0 0 0 0 2275
253 323 536 198 216 143 351 112 97 46 0 0 0 0 0 2275
248 535 322 206 213 143 352 111 97 48 0 0 0 0 0 0 2275
252 536 318 206 210 352 145 111 97 48 0 0 0 0 0 0 0 2275
249 537 319 200 209 357 148 110 98 48 0 0 0 0 0 0 0 0 0 0 2275
251 534 321 207 198 356 152 109 98 49 0 0 2275
251 539 327 208 200 353 142 108 98 49 0 0 0 0 0 0 0 0 0 0 2275
250 541 329 197 210 355 141 108 96 48 0 0 0 0 2275
250 542 324 196 357 209 144 111 95 47 0 0 0 0 0 0 0 0 2275
251 540 320 196 358 211 146 95 111 47 0 0 0 0 0 2275
254 548 325 187 211 353 142 95 113 47 0 0 0 0 0 2275
253 540 329 191 210 145 355 95 107 50 0 0 0 0 0 0 0 0 2275
252 547 330 193 208 351 142 96 105 51 0 0 0 2275
252 546 327 192 209 350 147 96 51 105 0 0 0 0 0 0 0 2275
251 549 323 210 184 354 149 98 51 106 0 0 0 2275
254 550 322 209 193 350 144 98 50 105 0 2275
255 549 318 193 209 353 146 96 50 106 0 0 0 0 0 2275
541 253 321 195 209 352 149 96 50 109 0 0 0 0 0 0 0 0 0 0 2275
540 253 322 194 211 354 148 97 49 107 0 0 0 0 0 2275
537 252 319 198 212 145 359 98 48 107 0 0 0 0 2275
537 251 320 207 213 148 351 99 48 101 0 0 0 0 0 2275
542 251 318 210 198 148 359 102 48 99 0 0 0 0 2275
545 251 321 211 201 142 358 103 98 45 0 2275
545 252 321 199 209 142 357 106 98 46 0 0 0 0 0 0 0 0 0 0 0 0 0 0 2275
547 256 318 191 211 145 357 97 106 47 0 0 0 0 0 2275
545 254 196 323 211 145 353 97 105 46 0 0 0 0 0 2275
548 254 194 320 210 144 357 97 105 46 2275
547 252 196 323 207 145 359 105 95 46 0 0 0 0 0 0 2275
543 251 199 324 208 147 356 105 96 46 0 0 0 0 2275
540 248 200 323 209 148 357 105 99 46 0 0 2275
539 250 200 210 323 147 357 104 98 47 0 0 2275
531 248 199 212 320 151 364 105 97 48 2275
530 252 197 213 320 152 361 106 97 47 0 0 0 0 0 0 2275
538 195 252 214 322 150 351 111 97 45 0 2275
540 194 250 317 216 147 356 113 97 45 2275
541 196 320 251 213 148 352 113 96 45 0 0 0 0 0 0 0 2275
540 198 329 211 251 146 345 113 97 45 0 0 0 0 0 0 0 0 0 0 0 2275
543 203 325 210 250 143 345 114 96 46 0 0 2275
544 206 320 212 250 138 351 112 96 46 0 0 2275
540 209 316 250 211 139 354 112 98 46 0 0 0 0 0 2275
