-1888.43 9600.17 -11488.6
-1876.91 9649.75 -11526.7
-1947.85 9614.29 -11562.1
-1978.98 9611.67 -11590.6
-1900.86 9649.64 -11550.5
-1900.58 9614.57 -11515.2
-1911.02 9598.78 -11509.8
-1851.97 9691.65 -11543.6
-1832.89 9705.31 -11538.2
-1791.41 9765.47 -11556.9
-1750.88 9795.63 -11546.5
-1760.88 9804.51 -11565.4
-1698.64 9869.21 -11567.9
-1705.03 9833.94 -11539
-1679.26 9914.25 -11593.5
-1745.7 9878.62 -11624.3
-1693.92 9951.8 -11645.7
-1683.75 9976.32 -11660.1
-1578.9 10105.9 -11684.8
-4349.59 7436.73 -11786.3
-2106.61 9592.71 -11699.3
-1685.64 10054.5 -11740.1
-1440.86 10320.9 -11761.7
-1284.76 10463 -11747.8
-1211.92 10500.4 -11712.3
-1159.8 10600 -11759.8
-1143.45 10653.9 -11797.3
-1060.66 10738.6 -11799.3
-1075.96 10682.9 -11758.9
-1063.81 10742.4 -11806.2
-1088.83 10700 -11788.8
-1025.52 10777.6 -11803.1
-1013.47 10804.6 -11818.1
-1015.81 10781.7 -11797.5
-1124.94 10708.4 -11833.3
-1038.24 10844.6 -11882.9
-949.407 10886.9 -11836.3
-892.305 10971.8 -11864.1
-971.376 10901.9 -11873.3
-880.457 10938.3 -11818.7
-945.955 10914.5 -11860.4
-1769.41 10109.3 -11878.7
-1039.72 10780.9 -11820.7
-850.2 10948.5 -11798.7
-848.955 11002.8 -11851.7
-891.375 10991.6 -11883
-842.083 11007.8 -11849.9
-851.092 11008.5 -11859.6
-7918.98 3840.96 -11759.9
-2295.45 9380.6 -11676
-1918.53 9762.86 -11681.4
-1386.69 10285.5 -11672.2
-1297.34 10445.3 -11742.7
-1195.12 10531 -11726.1
-961.22 10703.3 -11664.6
-974.687 10721.4 -11696.1
-851.966 10911 -11763
-896.139 10887.3 -11783.5
-857.043 10901.4 -11758.5
-797.551 10959.7 -11757.3
-1829.39 9959.06 -11788.4
-1093.18 10739.3 -11832.4
-905.947 10937.1 -11843.1
-839.523 10952.1 -11791.7
-806.023 11055 -11861
-851.722 10955.7 -11807.4
-919.852 10924.4 -11844.2
-831.336 10997 -11828.4
-795.422 10989.2 -11784.6
-849.397 10963 -11812.4
-1342.84 10411.8 -11754.7
-1048.15 10742.7 -11790.9
-1020.42 10767.4 -11787.8
-987.477 10831 -11818.5
-910.365 10833.6 -11743.9
-901.683 10889.3 -11790.9
-894.969 10922.8 -11817.7
-885.733 10975.1 -11860.9
-906.005 11006.1 -11912.1
-831.705 11052.3 -11884
-856.826 11048 -11904.8
-843.63 11068.6 -11912.2
-830.168 11046.7 -11876.9
-874.074 11049.8 -11923.9
-895.619 11066.1 -11961.7
-876.867 11085.6 -11962.4
-877.244 11027.7 -11905
-875.403 11046.3 -11921.7
-849.867 11065.7 -11915.5
-881.805 11054.6 -11936.4
-909.845 11091.2 -12001
-908.358 11046.3 -11954.7
-943.972 11039.7 -11983.7
-967.112 11019 -11986.2
-898.75 11052.7 -11951.5
-916.598 11024 -11940.6
-904.244 11026.3 -11930.5
-1097.2 10853 -11950.2
-1050.28 10923.1 -11973.4
-839.469 11058.5 -11898
-809.938 11071.2 -11881.1
-868.529 11065.5 -11934
-976.168 11029.7 -12005.9
-859.861 11055.2 -11915.1
-878.766 11054.3 -11933.1
-847.491 11028.7 -11876.2
-778.277 11127.9 -11906.2
-356.189 10982 -11338.2
-324.515 11064.8 -11389.3
-302.753 11067.4 -11370.2
-189.188 11095.4 -11284.6
-343.61 11013 -11356.6
-294.97 11043.2 -11338.2
-292.605 11055.8 -11348.4
-306.298 11026.1 -11332.4
-1125.09 10215.7 -11340.8
-619.107 10661.9 -11281.1
-545.973 10761.4 -11307.4
-456.522 10864.7 -11321.2
-446.741 10905.8 -11352.6
-390.64 10899.6 -11290.3
-413.528 10907.3 -11320.8
-175.282 11114.3 -11289.5
-242.454 11055.6 -11298.1
-272.687 11024.4 -11297
-207.077 11093.8 -11300.8
-210.215 11084 -11294.3
-282.586 11044.9 -11327.5
-289.579 11060.3 -11349.9
-226.719 11090.2 -11317
-292.748 11068.1 -11360.9
-331.191 11043.6 -11374.8
-251.173 11112.1 -11363.3
-178.588 11185.2 -11363.8
-507.458 10860.1 -11367.6
-304.937 11096.1 -11401.1
-289.087 11087.8 -11376.9
-246.648 11121.5 -11368.1
-258.148 11072.5 -11330.7
-206.11 11150.7 -11356.8
-165.522 11156.6 -11322.1
-210.864 11108.1 -11319
-261.982 11122.6 -11384.6
-250.817 11138.5 -11389.3
-183.621 11170.4 -11354
-241.798 11135.4 -11377.2
-329.89 11101.6 -11431.5
-255.195 11133.1 -11388.3
-256.171 11107.4 -11363.6
-222.027 11124.4 -11346.4
-194.227 11127.4 -11321.6
-198.177 11119.2 -11317.4
-1859.65 9482.23 -11341.9
-644.967 10620.2 -11265.2
-461.284 10841.1 -11302.4
-300.037 10953.1 -11253.1
-273.005 11032.2 -11305.2
-239.529 11050.8 -11290.3
-268.215 11072.2 -11340.4
-245.939 11144.1 -11390
-4.70028e+06 -4.67992e+06 -20353.1
-347.781 11002 -11349.8
-211.491 11166.2 -11377.7
-219.931 11102.7 -11322.6
-182.244 11104.8 -11287.1
-166.229 11161.7 -11327.9
-186.628 11126.4 -11313
-124.235 11182.4 -11306.7
-160.481 11170.7 -11331.2
-310.883 11032.8 -11343.7
-4965.12 6394.07 -11359.2
-903.309 10373.8 -11277.1
-1509.46 9814.13 -11323.6
-877.788 10418.6 -11296.3
-696.149 10610.1 -11306.2
-415.018 10871.2 -11286.2
-296.622 10977.2 -11273.8
-269.58 11043.3 -11312.9
-239.433 11089.1 -11328.5
-267.001 11059.7 -11326.7
-258.236 11147.3 -11405.5
-251.471 11137.5 -11389
-264.175 11132.7 -11396.9
-148.671 11243.3 -11392
-240.646 11174 -11414.7
-241.742 11199.2 -11440.9
-185.643 11234 -11419.7
-134.494 11225.9 -11360.4
-182.08 11224.5 -11406.6
-128.053 11219.4 -11347.5
-143.295 11247.9 -11391.2
-118.277 11240.1 -11358.4
-185.682 11205.6 -11391.3
-146.288 11233.6 -11379.9
-163.834 11265.7 -11429.5
-98.4556 11261.1 -11359.6
-154.04 11223.1 -11377.2
-126.766 11234.3 -11361.1
-93.8881 11285 -11378.9
-101.57 11243 -11344.5
-114.869 11229.4 -11344.3
-185.873 11230.2 -11416.1
-102.426 11246.1 -11348.5
-380.992 10959.9 -11340.9
-121.357 11205.8 -11327.2
4.4064 11363.6 -11359.2
-71.9763 11293.4 -11365.4
-130.534 11273.4 -11403.9
-65.9616 11303.2 -11369.2
-26.2922 11381.1 -11407.4
-22.9879 11339.3 -11362.3
-702.808 10698.7 -11401.5
-91.3373 11262.1 -11353.5
-42.4217 11332.8 -11375.2
35.0344 11386 -11351
-1527.55 9833.06 -11360.6
-411.126 10940.3 -11351.4
-199.744 11122.5 -11322.3
-210.51 11154 -11364.5
-187.962 11152.6 -11340.6
-88.3017 11314.4 -11402.7
-92.874 11294.2 -11387.1
-94.9965 11315.2 -11410.2
-76.1317 11261.7 -11337.8
19.7177 11393.1 -11373.4
5.25488 11375.7 -11370.4
-16.0674 11341 -11357.1
46.6306 11433.1 -11386.5
14.6801 11391.7 -11377.1
-50.2964 11320.9 -11371.2
-55.9627 11322.3 -11378.2
11.3306 11351.9 -11340.6
-8.4644 11350.6 -11359.1
-16.3687 11335.7 -11352.1
67.8618 11387.5 -11319.7
-687.345 10666.2 -11353.5
-375.404 10961.7 -11337.1
-265.8 11048.3 -11314.1
-232.019 11147.4 -11379.4
-127.27 11233.9 -11361.1
-149.62 11166.9 -11316.5
-5.94135 11245.7 -11251.6
29.5339 11328.1 -11298.6
30.188 11302.5 -11272.3
44.6797 11270.9 -11226.2
-67.6477 11252.4 -11320.1
-81.8868 11319.5 -11401.4
-43.0875 11353.5 -11396.6
-76.5903 11308.1 -11384.7
-11.7934 11301.3 -11313.1
-23.3926 11286.5 -11309.9
-43.1536 11292.8 -11336
-25.2977 11327.8 -11353.1
-15.3609 11330.8 -11346.1
15.4101 11363.9 -11348.5
-32.1403 11343 -11375.1
-12.5193 11346.1 -11358.6
-43.7993 11306.7 -11350.5
577.762 11317.1 -10739.4
532.716 11314.2 -10781.5
508.353 11283.1 -10774.7
563.921 11332.7 -10768.8
545.97 11292.5 -10746.5
558.452 11340.5 -10782.1
595.432 11369.8 -10774.4
585.086 11330.4 -10745.3
560.084 11365.8 -10805.8
658.648 11410.7 -10752.1
617.094 11351.2 -10734.1
607.395 11365.4 -10758
579.226 11331.3 -10752
593.891 11349.6 -10755.7
537.888 11320.7 -10782.8
685.211 11404 -10718.8
566.13 11331 -10764.9
524.277 11327.1 -10802.9
565.767 11378.2 -10812.5
554.477 11337.4 -10782.9
551.061 11326.3 -10775.3
568.671 11393.6 -10825
579.71 11402.9 -10823.2
529.689 11351.1 -10821.5
542.233 11349.7 -10807.4
559.535 11326.2 -10766.6
573.067 11347.3 -10774.3
572.46 11368.9 -10796.4
609.789 11336.8 -10727
569.91 11309.2 -10739.3
567.136 11332.6 -10765.4
523.557 11278.6 -10755.1
429.926 11185.3 -10755.4
437.827 11181.8 -10744
574.618 11330.4 -10755.7
525.817 11289.9 -10764.1
533.643 11289.8 -10756.2
566.669 11329.2 -10762.5
553.632 11338 -10784.4
561.161 11373.2 -10812
561.759 11349.7 -10787.9
627.575 11341 -10713.5
523.169 11298.1 -10774.9
634.377 11386.3 -10751.9
638.804 11403.2 -10764.4
475.58 11304.6 -10829
562.828 11310.4 -10747.6
548.358 11325.7 -10777.3
591.972 11374.7 -10782.7
610.792 11388.1 -10777.3
575.933 11333.9 -10758
651.221 11387.1 -10735.9
610.361 11325.4 -10715.1
473.331 11257.3 -10784
533.465 11325.4 -10791.9
-2209.9 8560.16 -10770.1
-478.644 10208.1 -10686.8
-167.554 10450 -10617.5
-801.684 9849.74 -10651.4
52.5701 10661.7 -10609.1
254.063 10884.4 -10630.3
252.249 10891.6 -10639.3
237.495 10880.7 -10643.2
322.491 10990 -10667.5
349.607 11059.3 -10709.7
364.463 11054.5 -10690
361.051 11011 -10650
185.244 10834.2 -10649
365.284 10972.8 -10607.5
369.206 11008.2 -10639
528.901 11209.3 -10680.4
498.329 11241.1 -10742.8
526.463 11217.1 -10690.6
505.929 11201.7 -10695.8
507.58 11227.1 -10719.5
128.854 10838.7 -10709.9
290.602 10997.4 -10706.8
-1414.73 9262.62 -10677.4
108.708 10755.1 -10646.4
-2852.54 7872.73 -10725.3
-160.02 10491.1 -10651.2
-77.1583 10641.2 -10718.4
2.62776 10678.5 -10675.8
43.079 10699.7 -10656.6
172.174 10814.9 -10642.7
212.011 10909.9 -10697.9
258.619 10923.5 -10664.9
164.833 10898.9 -10734.1
224.504 10958.9 -10734.4
228.406 10928.6 -10700.2
254.919 10993.9 -10739
274.285 10994.8 -10720.5
336.027 11036.3 -10700.2
327.056 11087.9 -10760.8
366.607 11121.9 -10755.3
218.781 10968.7 -10749.9
545.5 11303.2 -10757.7
498.756 11335.1 -10836.4
533.786 11365.3 -10831.5
558.034 11379 -10820.9
216.498 11021.5 -10805
493.488 11281.6 -10788.1
418.846 11185.1 -10766.3
126.471 10867.3 -10740.8
389.139 11166.6 -10777.4
441.573 11238.6 -10797
589.683 11379.9 -10790.2
536.262 11310.4 -10774.1
539.315 11307.6 -10768.3
568.425 11327.3 -10758.9
553.911 11386.7 -10832.8
492.85 11274.8 -10781.9
537.363 11248 -10710.7
499.299 11254.1 -10754.8
478.091 11245.8 -10767.7
463.971 11180.4 -10716.4
539.19 11247.6 -10708.5
518.822 11286.3 -10767.5
-247.885 10527.6 -10775.5
223.193 10963.2 -10740
374.053 11081.9 -10707.8
440.613 11131.7 -10691
512.75 11217.2 -10704.5
443.373 11201.6 -10758.2
527.568 11263.3 -10735.7
507.246 11263.5 -10756.3
449.002 11209.6 -10760.6
564.736 11283.7 -10719
520.264 11300.7 -10780.4
554.994 11330 -10775
516.584 11312.5 -10795.9
486.779 11274.4 -10787.6
525.825 11306.1 -10780.3
479.779 11305 -10825.2
576.363 11349.5 -10773.1
536.162 11309 -10772.9
529.135 11262.6 -10733.4
476.595 11279.7 -10803.1
480.865 11297 -10816.1
474.004 11249.6 -10775.6
575.029 11281.1 -10706.1
571.668 11324.3 -10752.6
612.898 11315.1 -10702.2
-436.453 10282.5 -10718.9
299.173 11000.2 -10701
290.942 10986.2 -10695.2
232.785 11015.6 -10782.8
291.829 11040.8 -10749
302.795 11025.5 -10722.7
328.557 11057.6 -10729.1
337.09 11073.5 -10736.4
341.05 11041.1 -10700.1
362.132 11045.2 -10683.1
350.41 11039.9 -10689.5
192.788 10956.1 -10763.3
518.822 11248.7 -10729.9
508.602 11276.3 -10767.7
-4187.01 6554.05 -10741.1
-262.061 10365.1 -10627.1
113.227 10825 -10711.8
106.422 10878.9 -10772.5
307.983 11027.1 -10719.1
478.75 11207.4 -10728.6
436.462 11197.4 -10760.9
539.533 11245.5 -10705.9
504.107 11276.8 -10772.7
495.601 11255.2 -10759.6
494.441 11267.5 -10773.1
501 11286.3 -10785.3
586.104 11320 -10733.9
512.869 11234.2 -10721.3
580.62 11323.1 -10742.5
505.254 11290.1 -10784.8
576.672 11367.7 -10791
583.546 11374 -10790.4
550.99 11288.7 -10737.7
604.352 11309.4 -10705
605.33 11349.4 -10744
598.928 11347.4 -10748.4
650.622 11370.2 -10719.6
509.095 11321.1 -10812
566.518 11329.7 -10763.1
531.559 11326.5 -10795
525.331 11284.7 -10759.3
595.365 11410.2 -10814.8
580.763 11345.8 -10765.1
538.15 11360.6 -10822.4
607.126 11390.3 -10783.2
524.312 11279.9 -10755.6
558.238 11316.7 -10758.4
545.475 11318.1 -10772.7
509.298 11282.6 -10773.3
599.058 11374.7 -10775.6
-278484 -267047 -11437.4
-2324.1 8452.7 -10776.8
70.3207 10849.4 -10779.1
285.02 11017.6 -10732.6
313.549 11101.3 -10787.7
382.624 11162.2 -10779.6
515.623 11255.7 -10740.1
500.519 11318.8 -10818.3
371.857 11168.7 -10796.8
595.322 11355.5 -10760.2
-4.02628 10813.1 -10817.2
415.122 11223.1 -10807.9
550.2 11288 -10737.8
527.648 11318.1 -10790.5
533.853 11335.2 -10801.4
562.287 11334.9 -10772.6
569.495 11277.3 -10707.8
537.189 11323.9 -10786.7
622.526 11431.3 -10808.8
542.7 11362.9 -10820.2
526.321 11290.6 -10764.3
592.304 11384.5 -10792.2
597.1 11399.5 -10802.4
579.335 11393.7 -10814.4
523.628 11348.4 -10824.8
404.736 11263.3 -10858.6
404.152 11187.2 -10783
490.493 11337.5 -10847.1
561.826 11378.7 -10816.8
566.072 11319.3 -10753.2
590.703 11337.9 -10747.2
601.506 11375 -10773.4
654.079 11446.5 -10792.5
610.683 11405 -10794.3
509.799 11305.5 -10795.7
540.578 11344.3 -10803.7
527.807 11311.1 -10783.3
607.813 11379.6 -10771.8
548.405 11332.2 -10783.8
568.065 11371.1 -10803.1
524.959 11353.5 -10828.6
631.455 11435.4 -10804
630.004 11432.6 -10802.6
-7319.51 3481.41 -10800.9
-829.189 9856.94 -10686.1
-158.525 10548.7 -10707.2
134.155 10870.4 -10736.3
293.854 11002.9 -10709.1
436.498 11175.6 -10739.1
-3446.49 7263.78 -10710.3
-183.71 10455.3 -10639
-41.5992 10587.3 -10628.9
7.0308 10712.5 -10705.5
287.62 10965 -10677.4
454.888 11163.2 -10708.3
484.31 11184.4 -10700.1
-524.574 10185.1 -10709.7
178.189 10857.5 -10679.3
385.492 11090.7 -10705.2
481.793 11212.5 -10730.7
543.521 11248.8 -10705.3
429.228 11198.1 -10768.9
511.803 11261.1 -10749.3
608.049 11323.6 -10715.5
533.85 11280.7 -10746.8
602.465 11294.2 -10691.7
650.186 11342 -10691.8
610.808 11377.5 -10766.6
484.972 11224.7 -10739.8
589.94 11318.2 -10728.3
591.972 11345.2 -10753.3
562.371 11325.2 -10762.9
512.723 11253.6 -10740.9
504.905 11261 -10756.1
451.125 11193.6 -10742.4
598.91 11368.4 -10769.5
671.259 11394.4 -10723.1
582.276 11392.6 -10810.3
617.233 11362.5 -10745.3
576.232 11377.2 -10801
597.615 11374.3 -10776.7
561.431 11349.1 -10787.7
584.204 11375 -10790.8
551.305 11416.8 -10865.5
603.23 11413.6 -10810.3
642.544 11444.3 -10801.7
545.071 11363.7 -10818.6
609.364 11395.9 -10786.5
585.626 11366 -10780.4
561.291 11350.6 -10789.3
569.987 11331.5 -10761.5
636.912 11363.9 -10727
660.485 11412.5 -10752
580.691 11387.1 -10806.4
630.915 11432.4 -10801.5
635.755 11404.6 -10768.8
499.745 11331.5 -10831.8
592.753 11415.7 -10823
571.617 11405.6 -10834
630.826 11466.3 -10835.5
540.091 11398.6 -10858.5
-682.954 10168.6 -10851.6
-308.122 10500.9 -10809
-8595.6 2082.32 -10677.9
-862.935 9813 -10675.9
-378.485 10298.6 -10677.1
-251.319 10369.5 -10620.9
-136.876 10514.6 -10651.5
-715.365 9983.22 -10698.6
-155.241 10543.1 -10698.3
174.239 10894.9 -10720.7
-2818.34 7928.6 -10746.9
43.6481 10769.9 -10726.3
269.746 11051.7 -10781.9
-234352 -222965 -11386.4
327.282 11085.5 -10758.2
159.206 10919.1 -10759.9
351.352 11144.6 -10793.3
378.979 11170.5 -10791.5
503.31 11263.4 -10760.1
558.818 11310.3 -10751.4
613.156 11338.8 -10725.6
580.568 11349.3 -10768.7
581.074 11343 -10762
550.734 11316.9 -10766.2
572.725 11278 -10705.3
635.002 11348.1 -10713.1
566.03 11357.7 -10791.7
567.17 11311.5 -10744.3
554.094 11333.8 -10779.7
553.792 11369.2 -10815.4
536.822 11292.8 -10756
611.063 11357.3 -10746.2
604.954 11376.9 -10772
611.191 11389.2 -10778
666.088 11442.5 -10776.4
508.422 11316.6 -10808.2
593.154 11357.6 -10764.5
596.858 11348.5 -10751.6
628.625 11380.4 -10751.7
-274.563 10439.5 -10714.1
220.128 10941.1 -10721
286.949 11061.2 -10774.2
319.816 11072.8 -10753
279.924 11035.8 -10755.9
284.961 11004.5 -10719.5
27.3692 10805.8 -10778.5
296.52 11102.1 -10805.6
356.043 11163.5 -10807.4
478.88 11266.2 -10787.3
597.933 11373.8 -10775.8
523.063 11337.5 -10814.5
478.758 11303.8 -10825
608.15 11384.6 -10776.5
583.799 11318.5 -10734.7
149.759 10916.2 -10766.5
501.395 11267.6 -10766.2
489.694 11272.4 -10782.8
-71849.4 -60494.4 -11355
593.189 11336.5 -10743.3
599.425 11363.2 -10763.8
645.92 11388.3 -10742.3
615.74 11337.6 -10721.8
625.514 11377.7 -10752.2
594.349 11384.3 -10790
576.132 11370 -10793.9
579.136 11375.5 -10796.4
590.048 11344.9 -10754.8
609.977 11409.1 -10799.1
599.954 11395.1 -10795.2
611.657 11403.1 -10791.5
597.349 11391 -10793.7
559.62 11382.6 -10822.9
614.237 11402 -10787.8
575.729 11333.5 -10757.7
574.836 11367.6 -10792.8
689.621 11457.6 -10767.9
565.071 11321.5 -10756.4
614.765 11369.4 -10754.7
619.766 11385.3 -10765.6
606.814 11394 -10787.2
587.215 11371.5 -10784.3
561.462 11436.7 -10875.2
408.575 11293.6 -10885.1
509.462 11390.5 -10881
222.833 11056.3 -10833.4
582.875 11368.4 -10785.5
565.511 11411.9 -10846.4
587.279 11414.4 -10827.1
605.554 11435.9 -10830.3
550.902 11399 -10848.1
621.153 11424 -10802.8
574.769 11356.6 -10781.9
632.462 11433.1 -10800.7
573.308 11356.2 -10782.9
546.088 11350.3 -10804.2
587.999 11432.4 -10844.4
-1532.3 9270.47 -10802.8
287.354 11120.2 -10832.9
519.093 11314.3 -10795.2
645.661 11419.9 -10774.2
614.671 11397.8 -10783.1
610.616 11429 -10818.4
-1365.13 9412.49 -10777.6
46.5395 10722 -10675.5
345.527 11018.2 -10672.7
340.288 11072.9 -10732.6
386.886 11136.5 -10749.6
590.599 11274.7 -10684.1
540.011 11317.3 -10777.3
559.322 11320.9 -10761.5
619.089 11368.8 -10749.7
647.038 11411.3 -10764.3
573.243 11336.1 -10762.9
629.187 11425 -10795.8
566.313 11385.7 -10819.4
607.286 11359.8 -10752.5
645.902 11336.3 -10690.4
597.255 11335.8 -10738.5
664.404 11369.8 -10705.4
650.178 11383.7 -10733.5
505.935 11291.6 -10785.7
646.909 11380.2 -10733.3
595.205 11340.2 -10745
603.15 11338.8 -10735.6
596.933 11337.8 -10740.9
645.509 11374.5 -10728.9
662.094 11417.1 -10755
640.718 11413 -10772.3
-584.762 10201.7 -10786.5
450.817 11240.1 -10789.3
-5891.51 4909.12 -10800.6
-529.27 10146 -10675.3
-113.785 10556.9 -10670.7
122.879 10851.2 -10728.3
286.077 11009.4 -10723.3
502.744 11196.6 -10693.8
479.169 11182.9 -10703.7
573.829 11290.2 -10716.4
584.454 11340.7 -10756.2
659.974 11426.2 -10766.2
662.636 11439.8 -10777.2
682.807 11420.4 -10737.5
724.941 11447.8 -10722.9
660.157 11409.8 -10749.6
470.56 11180.2 -10709.6
583.079 11384.8 -10801.8
563.835 11357.1 -10793.3
498.459 11326.8 -10828.3
594.314 11408.9 -10814.6
679.577 11499.2 -10819.6
707.329 11519.2 -10811.9
670.113 11552.4 -10882.2
616.811 11470 -10853.2
688.739 11558.4 -10869.7
-461.299 10362.9 -10824.2
334.551 11132.6 -10798.1
438.42 11251.2 -10812.7
329.359 11146.2 -10816.8
-1567.72 9267.37 -10835.1
296.135 11134.1 -10838
-498.615 10279.3 -10777.9
325.757 11026.1 -10700.4
421.778 11143.8 -10722
515.15 11235.6 -10720.5
579.215 11306.4 -10727.2
738.924 11464.3 -10725.4
714.734 11476.1 -10761.3
698.667 11488 -10789.3
689.425 11497.7 -10808.3
752.259 11514.7 -10762.4
762.211 11579.5 -10817.3
746.884 11551.2 -10804.3
723.167 11543.8 -10820.6
691.529 11529.8 -10838.3
785.999 11577.4 -10791.4
746.686 11613.5 -10866.9
857.7 11662.2 -10804.5
825.289 11647.4 -10822.1
780.785 11604.9 -10824.2
784.834 11654 -10869.2
753.875 11606.7 -10852.8
764.364 11621.7 -10857.4
780.03 11642.3 -10862.3
332.065 11143.6 -10811.6
739.019 11549.7 -10810.7
750.755 11584.9 -10834.1
785.431 11610.6 -10825.1
782.207 11637.8 -10855.6
669.576 11583.5 -10913.9
736.25 11603.1 -10866.8
831.424 11661.5 -10830.1
893.643 11712.8 -10819.2
657.442 11544.6 -10887.2
747.871 11586.6 -10838.7
773.464 11635.2 -10861.8
761.29 11681.5 -10920.2
749.893 11674.5 -10924.6
415.37 11246.3 -10831
328.794 11190.1 -10861.3
668.739 11482.6 -10813.9
706.354 11559.4 -10853
764.663 11551.4 -10786.7
673.181 11493.4 -10820.2
761.141 11634.7 -10873.5
795.525 11655.7 -10860.2
829.14 11697.4 -10868.3
-1057.26 9769.23 -10826.5
108.095 10918.4 -10810.3
382.787 11188.9 -10806.1
615.353 11451.2 -10835.9
705.977 11525.4 -10819.4
683.232 11547.8 -10864.6
748.087 11606.8 -10858.8
802.374 11683.4 -10881
791.766 11693.3 -10901.6
834.71 11661.7 -10827
778.119 11620 -10841.9
805.884 11698.8 -10892.9
791.173 11681.9 -10890.7
811.945 11671.2 -10859.2
836.392 11729.2 -10892.8
809.606 11699.1 -10889.5
853.671 11737 -10883.4
834.689 11730.5 -10895.9
-2907.33 7971.79 -10879.1
105.261 10904.6 -10799.4
412.347 11241.4 -10829.1
603.188 11463.5 -10860.3
717.073 11556.5 -10839.5
781.076 11646.8 -10865.7
772.009 11669.7 -10897.7
791.598 11756.3 -10964.7
865.922 11813.3 -10947.4
804.675 11682.5 -10877.8
865.132 11757.4 -10892.3
818.598 11770.6 -10952
845.921 11733.9 -10888
885.225 11777.2 -10892
883.921 11781.9 -10898
866.955 11799.2 -10932.2
843.079 11790.2 -10947.1
937.023 11809.1 -10872.1
853.704 11790 -10936.3
975.296 11876 -10900.7
871.3 11826.8 -10955.5
906.083 11847.8 -10941.7
796.603 11718.1 -10921.4
948.94 11874.4 -10925.5
856.054 11794.7 -10938.6
914.91 11848.6 -10933.7
924.988 11874.2 -10949.2
879.957 11913 -11033.1
876.768 11869.8 -10993
826.704 11761.5 -10934.8
820.75 11820.1 -10999.4
944.203 11939 -10994.8
916.96 11949.3 -11032.4
962.729 11952.1 -10989.4
978.406 11925.9 -10947.5
903.074 11885.1 -10982
919.868 11881.3 -10961.4
966.14 11918.7 -10952.6
869.46 11870.4 -11000.9
889.626 11951.3 -11061.7
820.017 11791.2 -10971.2
829.217 11777.2 -10948
889.608 11790.4 -10900.8
741.44 11724.6 -10983.2
853.526 11809.3 -10955.8
886.951 11803.7 -10916.7
657.016 11548.8 -10891.8
676.294 11635 -10958.7
780.021 11713.3 -10933.3
872.259 11801 -10928.8
831.839 11790.9 -10959
913.326 11860.5 -10947.2
-215.765 10700.3 -10916
562.523 11505.7 -10943.2
752.841 11725 -10972.1
826.548 11808.9 -10982.4
887.688 11848 -10960.3
893.749 11824.2 -10930.4
951.34 11920.6 -10969.3
929.466 11898 -10968.6
481.178 11398.3 -10917.1
928.662 11837.1 -10908.4
969.509 11917.4 -10947.9
957.664 11951.9 -10994.2
954.098 11934.8 -10980.7
973.853 11933.2 -10959.4
945.352 11922.9 -10977.6
1005.23 11931.2 -10926
934.445 11871 -10936.5
1003.91 11972 -10968.1
948.094 11862.2 -10914.1
1032.03 11960.5 -10928.5
1039.22 11938.8 -10899.5
1005.05 11952.5 -10947.5
1046.14 11957.2 -10911.1
1024.69 11984.2 -10959.6
915.63 11853.1 -10937.5
908.536 11867.7 -10959.2
1026.76 11925.2 -10898.4
1040.7 11953.3 -10912.6
981.053 11937 -10956
948.515 11885.6 -10937.1
1027.42 11920.5 -10893.1
980.596 11904.3 -10923.7
1007 11953.9 -10946.9
1037.1 11969.3 -10932.2
986.752 11905.4 -10918.7
1053.23 11959.3 -10906.1
1054.48 11960 -10905.6
1083.76 11976.4 -10892.6
1047.69 11974.1 -10926.4
1044.08 11984.7 -10940.6
1035.8 11993.9 -10958.1
1030.67 11961.9 -10931.2
1070.63 12017.2 -10946.6
1040.44 12015.1 -10974.7
1112.11 12030.9 -10918.8
1088.81 12045.8 -10956.9
1055.46 12035.2 -10979.7
1099.13 12032.6 -10933.5
1061.61 11989.1 -10927.5
1036.89 11975.1 -10938.2
1121.3 12019 -10897.7
1107.17 12024.6 -10917.4
1025.65 11986.1 -10960.5
1064.96 12000.6 -10935.7
1119.12 12063.8 -10944.7
963.172 11949.8 -10986.6
993.915 11955.8 -10961.8
1007.89 11966.2 -10958.3
794.799 11723.1 -10928.3
953.917 11913 -10959.1
339.991 11325.6 -10985.6
884.521 11876.9 -10992.3
87.0314 11010.3 -10923.3
543.878 11432.6 -10888.7
875.324 11809.6 -10934.2
1046.08 12021.3 -10975.2
1021.23 11966.7 -10945.4
824.734 11784.8 -10960.1
891.199 11852.1 -10960.9
904.302 11900.7 -10996.4
863.624 11868.6 -11004.9
952.912 11923.8 -10970.9
791.34 11761.2 -10969.9
950.41 11893.7 -10943.3
1034.51 11951.9 -10917.4
-681.142 10256.2 -10937.3
653.169 11535.9 -10882.7
854.549 11791.2 -10936.6
1073.02 11982.6 -10909.5
1070.19 11991.6 -10921.4
1084.56 12004.8 -10920.2
-2132.11 8819.95 -10952.1
619.027 11452 -10832.9
874.57 11781.4 -10906.8
-2646.04 8257.43 -10903.5
715.053 11660.9 -10945.9
768.83 11759.4 -10990.6
907.54 11852.9 -10945.4
974.127 11873.5 -10899.3
1000.86 11908.1 -10907.2
884.635 11803.5 -10918.9
1063.25 11957.9 -10894.6
1051.94 11969.2 -10917.3
1098.48 11998.9 -10900.4
1144.76 12054.1 -10909.4
1021.11 11967.4 -10946.3
732.741 11667.3 -10934.5
903.358 11786.4 -10883.1
848.808 11748.9 -10900.1
885.182 11825.8 -10940.6
1108.39 12029.8 -10921.4
1143.71 12077.3 -10933.6
946.832 11933.5 -10986.6
1087.3 12022.4 -10935.1
1101.27 12041 -10939.7
1120.13 12064 -10943.9
1117.72 12031.1 -10913.4
1068.37 12028.8 -10960.4
1129.42 12060.7 -10931.3
1064.08 12045.2 -10981.2
1087.28 12055.9 -10968.6
1108.48 12079.2 -10970.8
1077.92 12037.7 -10959.8
1061.23 12068.6 -11007.3
1104.36 12103 -10998.7
1062.71 12090.7 -11028
1113.11 12085.2 -10972.1
1116.69 12116.2 -10999.5
1123.85 12054.8 -10930.9
1070.68 12077.2 -11006.5
1099.14 12072.3 -10973.1
1126.53 12042.9 -10916.4
1094.55 12067.9 -10973.4
1074.29 12080.1 -11005.8
1114.21 12090.8 -10976.6
1150.79 12154 -11003.2
1135.07 12130.6 -10995.5
1110.84 12104.8 -10993.9
1131.8 12099.7 -10967.9
1152.62 12181.5 -11028.9
1135.57 12122 -10986.5
1244.91 12198.4 -10953.5
1092.89 12079.7 -10986.8
1159.51 12126.4 -10966.8
1194.08 12211.6 -11017.5
1158.55 12188.4 -11029.8
1152.67 12149.8 -10997.1
1128.72 12182 -11053.3
1213.27 12226.5 -11013.3
1190.17 12208.1 -11018
1154.51 12155.8 -11001.3
1169.62 12146.3 -10976.6
1210.1 12166.1 -10956
1026.23 11977.6 -10951.4
1120.45 12092.6 -10972.1
661.569 11636.2 -10974.6
1106.5 12045.8 -10939.3
1121.98 12090.5 -10968.5
1163.35 12079.8 -10916.5
1232.56 12183.7 -10951.1
1236.63 12217.9 -10981.2
1233.28 12219 -10985.7
373.734 11354.6 -10980.9
845.133 11826.3 -10981.2
937.826 11921.3 -10983.4
1080.05 12079.2 -10999.1
1153.66 12115.8 -10962.1
1150.87 12126.6 -10975.7
1220.55 12168.6 -10948.1
1155.28 12124.1 -10968.8
1146.47 12119.7 -10973.3
1251.15 12244.7 -10993.5
360.383 11332.5 -10972.1
1052.61 12031.3 -10978.7
1120.83 12105.5 -10984.6
1184.85 12198.9 -11014.1
1249.81 12211.2 -10961.4
1185.59 12206.7 -11021.1
1207.04 12211.9 -11004.9
1257.29 12249.1 -10991.8
1165.52 12146.8 -10981.3
1215.18 12213.5 -10998.3
