17.44
17.44
17.44
16.8087
16.8087
16.8087
16.8087
16.8087
16.8087
16.8087
16.5202
16.5876
16.677
16.4501
16.4501
16.4501
16.4501
16.4501
16.4501
16.4501
16.4501
16.4501
16.4501
16.4501
16.4501
16.6417
16.5323
16.5323
16.5323
16.5323
16.5323
16.5323
16.5323
16.5613
16.5823
16.5823
16.5823
16.5823
16.5823
16.5823
16.5823
16.8537
16.8411
16.8411
16.8411
16.8411
16.8411
16.8411
16.8411
16.8411
16.8794
16.8593
16.8481
16.836
16.8098
16.8025
16.7934
16.7775
16.7779
16.7789
16.7697
16.7773
16.7822
16.7822
16.784
16.7928
16.7678
16.7482
16.7159
16.7389
16.7521
16.7313
16.6762
16.6961
16.7178
16.5897
16.5897
16.5897
16.5897
16.5897
16.5897
16.5897
16.5897
16.5897
16.5897
16.5897
16.7504
16.6366
16.6366
16.6366
16.6366
16.6366
16.6366
16.6366
16.7037
16.7037
16.7037
16.7037
16.7037
16.7037
16.7037
16.7037
16.7037
16.7037
16.6881
16.5396
16.6971
16.6971
16.6971
16.6971
16.6971
16.6971
16.6971
16.6971
16.6971
16.697
16.697
16.697
16.697
16.583
16.4711
16.4711
16.9021
16.8749
16.8749
16.7508
16.9527
16.9527
16.4323
16.7465
16.6287
16.5001
16.8334
16.8334
16.6511
16.6742
16.6742
16.6742
16.7542
16.6348
16.6348
16.6348
16.6348
16.6348
16.6348
16.6348
16.6348
16.6348
16.6348
16.6348
16.6348
16.6146
16.6146
16.6146
16.6146
16.6146
16.6146
16.615
16.615
16.615
16.615
16.615
16.615
16.615
16.5677
16.5677
16.5677
16.5677
16.7166
16.8909
16.8909
16.8909
16.675
16.675
16.9576
16.8427
16.8203
16.8206
16.8203
16.7055
16.7055
16.7264
16.7811
16.7267
16.6538
16.6822
16.8429
16.8626
16.7861
16.6829
16.7315
16.7315
16.6646
16.6646
16.8311
16.7561
16.6449
16.6812
16.6812
16.5614
16.5614
16.5577
16.5577
16.5577
16.9078
16.7776
16.7776
16.7776
16.7002
16.7002
16.7002
16.5684
16.5684
16.4906
16.4906
16.4906
16.4906
16.4906
16.4906
16.4906
16.4906
16.4906
16.4906
16.4906
16.4906
16.4906
16.5529
16.5529
16.5529
16.5529
16.5529
16.5529
16.5529
16.6261
16.6261
16.5888
16.5888
16.5888
16.5888
16.5888
16.5888
16.5584
16.7424
16.7424
16.7424
16.7424
16.7424
16.7424
16.7424
16.7424
16.7929
16.9047
16.7955
16.7955
16.7955
16.7955
16.7947
16.8706
16.8574
16.8265
16.8265
16.8319
16.8189
16.8064
16.735
16.7297
16.5946
16.5511
16.6316
16.6319
16.6635
16.7901
16.7807
16.6816
16.7026
16.7026
16.7026
16.7026
16.7026
16.7026
16.7026
16.706
16.706
16.706
16.706
16.706
16.706
16.719
16.719
16.719
16.719
16.719
16.719
16.719
16.871
16.871
16.6337
16.6337
16.6337
16.6337
16.6337
16.6337
16.6337
16.711
16.6124
16.5535
16.5411
16.5337
16.5291
16.6803
16.6803
16.8232
16.8232
16.7711
16.7893
16.7893
16.8938
16.9126
16.8783
16.8783
16.6864
16.8269
16.8269
16.8269
16.8269
16.8269
16.8269
16.8269
16.8269
16.8269
16.8269
16.8269
16.8269
16.8269
16.8269
16.8269
16.8269
16.8269
16.8269
16.9286
16.9286
16.9286
16.9286
16.9286
16.6162
16.834
16.6567
16.6567
16.6567
16.5526
16.5247
16.479
16.5523
16.5568
16.5568
16.5568
16.7149
16.6655
16.6655
16.6655
16.9025
16.7139
16.5614
16.5614
16.5558
16.5558
16.5313
16.5313
16.6881
16.6881
16.6881
16.6658
16.6658
16.6648
16.7284
16.7284
16.7284
16.7456
16.8349
16.8349
16.7777
16.7777
16.6058
16.6058
16.6058
16.6058
16.6058
16.6058
16.6058
16.6378
16.6378
16.6378
16.6378
16.6378
16.8003
16.5905
16.7364
16.7364
16.7364
16.8125
16.8125
16.9841
16.9841
17.0051
17.1914
16.8702
16.8418
16.8418
16.6483
16.6673
16.7884
16.7884
16.7884
16.8682
16.94
16.9647
16.506
16.506
16.8246
16.8246
16.8246
16.8246
16.791
16.7263
16.6495
16.822
16.822
16.822
17.0831
16.8647
16.8647
16.7618
16.7618
16.7618
17.0474
17.0474
17.0474
17.0702
17.0702
17.0702
17.0702
17.0702
16.8059
16.8059
16.8059
16.8059
16.8059
16.8059
16.8059
16.8059
16.8059
16.8234
16.5298
16.7242
16.7242
16.7625
16.7625
16.7625
16.7256
16.7256
16.5919
16.6688
16.6688
16.6688
16.6688
16.6688
16.6688
16.6688
16.7036
16.7036
16.7036
16.7036
16.7563
16.7138
16.6198
16.6198
16.5369
16.9231
16.9231
16.9048
16.9048
16.9258
16.5644
16.8037
16.9836
16.6761
16.6761
16.6761
16.7614
16.7614
16.7614
16.7614
16.8479
16.8479
16.6571
16.8905
16.8905
16.8627
16.8627
16.8627
16.6706
16.8287
16.8287
16.8287
16.8287
16.8118
16.8118
16.8118
16.8118
16.7371
16.7371
16.7371
16.7371
16.7371
16.9637
16.9637
17.1808
17.1808
17.2078
17.2485
17.2485
17.026
16.7521
16.7521
16.7521
16.7521
16.7521
16.7858
16.7623
16.9054
16.9054
16.9054
16.6893
16.6893
16.6893
16.7266
16.7534
16.7534
17.0031
17.0031
17.0031
17.0031
17.0031
17.0031
17.0031
17.0031
17.0031
16.954
16.954
17.1074
17.1074
17.1074
17.1074
17.0658
17.0641
16.9657
16.7069
16.7069
16.7069
16.7069
16.7008
16.7008
16.5331
16.6688
16.6688
16.542
16.6823
16.6384
16.6384
16.7733
16.7733
16.9569
16.8315
16.8315
16.8315
16.8315
17.0667
17.0667
17.0667
17.1254
17.123
16.9674
16.9674
16.9674
17.0581
17.1339
17.1339
17.1339
16.8576
16.8576
16.8632
16.8632
16.8632
16.7434
16.7434
16.7434
16.7434
16.7434
16.8324
16.8324
16.9398
16.9278
16.8962
16.8962
16.9077
16.9077
16.6523
16.6523
16.6523
16.9342
16.7372
16.7755
16.6217
16.6217
16.6217
16.6217
16.5157
16.958
16.958
16.958
17.054
17.054
16.8529
16.8529
16.8446
16.8915
16.8915
16.8915
16.6763
16.6763
17.0844
17.0021
17.0021
16.7557
16.7557
16.7557
16.8448
16.9967
16.9967
16.9351
17.0469
17.1413
17.1413
17.1413
17.1413
16.792
16.792
16.792
16.792
16.792
16.792
16.8184
16.8184
16.8184
16.8184
16.8184
16.8184
16.7987
16.7987
16.7987
16.5834
16.7051
16.7051
16.9735
16.9735
16.6141
16.6141
16.8521
16.8521
16.8521
16.6351
16.6351
16.7048
16.7048
16.7048
16.7048
16.6416
16.5987
16.7593
16.7593
16.6587
16.6587
16.5101
16.5101
16.7299
16.7202
16.7202
16.7202
16.7202
16.8158
16.9842
16.9842
16.9842
16.9842
16.9842
16.7854
16.6766
17.0469
16.5924
16.5589
16.5589
16.5589
16.8024
16.8024
16.8024
16.7319
16.7013
16.546
16.546
16.5622
16.5622
16.5622
16.5622
16.5622
16.5622
16.66
17.0025
17.0025
16.8805
16.8805
16.8805
16.8805
16.8805
16.8805
16.7867
16.7045
16.7045
16.7045
16.7045
16.7224
16.8293
16.8293
16.7992
16.8132
16.8282
16.8282
16.8282
16.8282
17.0163
17.0163
16.8727
16.8727
16.6748
16.6748
16.5748
16.6796
16.9045
16.9045
16.6923
16.6923
16.6923
16.6923
16.6923
16.6923
16.8595
16.8595
16.8595
16.8595
16.7115
16.7115
16.7367
16.6152
17.0914
16.6334
16.6334
16.6907
16.6907
16.6533
16.6533
16.6533
16.6533
16.6533
16.6533
16.6533
16.6533
16.6533
16.8775
16.5944
16.5944
16.7849
16.7849
16.7849
16.6992
16.6992
16.9922
16.9922
16.9922
16.6617
16.8811
16.8811
16.8811
16.8811
16.8811
16.6598
16.9666
16.9666
16.9666
16.7868
16.8052
16.9036
16.921
16.937
17.055
16.495
16.495
16.495
17.0354
16.5992
16.6856
16.6856
16.7107
16.6749
17.3267
17.3267
17.3082
17.3082
17.3082
17.1562
17.1458
16.5358
16.5981
16.5981
16.5981
16.5981
16.5981
16.8714
16.8714
16.8714
16.8714
16.8714
16.5953
16.5953
16.7194
16.7194
16.7194
16.7475
16.6802
16.6802
17.0107
16.6627
16.6627
16.6627
16.6627
16.6627
16.6206
16.6206
16.6206
16.6206
16.9386
16.9386
16.5789
16.5789
16.5789
16.5092
16.4885
16.4885
16.4885
16.6778
16.6778
16.6778
16.6778
16.6778
16.6778
16.6778
16.6778
16.6778
16.6699
16.8897
16.6773
16.6773
16.6773
16.644
16.7314
16.8658
16.68
16.68
16.68
16.6231
16.7487
16.5629
16.809
17.0818
17.0818
16.9547
16.9547
16.9547
16.9547
16.9547
16.6965
16.6965
16.6965
16.7134
16.8017
16.8641
16.8641
16.5931
16.5931
16.5931
16.5931
16.5931
17.0354
17.0828
17.0828
17.0828
17.0828
17.0828
17.0828
17.0657
16.747
16.747
16.747
16.747
16.5195
16.7421
16.7421
16.7421
16.7421
16.7421
16.7421
16.7421
16.9564
16.9986
16.8257
16.8257
16.9797
16.874
16.874
16.7642
16.8383
16.8383
16.8607
16.8607
16.7678
16.8693
16.8693
16.8693
16.8693
16.8693
16.8693
16.7811
16.7811
16.6955
16.6764
16.6764
16.6764
16.6764
16.6764
16.6764
16.6764
16.6764
17.0289
17.2509
17.2509
17.0503
17.0503
17.0503
16.7272
16.703
16.703
16.703
16.8492
16.5417
16.5417
16.723
16.723
16.4844
16.4844
16.5616
16.8882
16.7774
16.7774
16.7774
16.7774
16.6816
16.6816
16.6816
16.6816
16.6816
16.6816
16.8922
16.8922
16.6726
16.6726
16.6726
16.6726
16.6726
16.8802
16.8802
16.8802
16.8802
16.8802
16.8802
16.7207
16.7178
16.6842
16.9306
16.5861
16.8005
16.6967
16.5622
