29
31
40
30
32
40
36
35
38
39
31
31
38
34
32
41
43
36
40
44
38
25
31
37
28
24
30
30
30
25
28
26
37
27
33
39
34
29
28
33
36
36
36
49
42
40
46
27
46
32
36
45
37
36
53
43
33
27
24
41
29
37
32
45
38
28
26
30
43
38
26
22
34
34
39
35
27
24
35
29
43
25
38
29
26
25
33
38
34
27
29
30
27
27
22
29
26
46
32
35
37
39
24
30
27
28
38
28
24
30
30
31
28
26
28
33
47
40
33
39
27
31
23
29
30
39
26
29
26
22
31
26
22
20
25
28
37
25
23
53
26
30
29
21
37
26
28
24
29
24
26
29
23
27
20
27
21
23
24
26
33
50
35
40
47
27
35
36
32
25
44
37
26
19
26
36
22
25
24
20
20
24
33
33
28
31
34
39
28
30
30
30
30
35
28
25
31
30
31
25
30
23
25
26
28
38
24
31
19
22
31
35
25
27
19
23
30
23
25
28
39
25
24
24
23
17
18
16
17
21
23
29
24
24
27
22
19
19
27
28
28
20
20
22
27
21
21
21
24
37
18
18
21
19
20
16
19
21
18
18
22
21
19
20
22
15
18
18
23
26
17
21
17
24
20
18
17
19
17
18
18
17
21
26
21
26
25
17
15
23
31
19
18
17
18
22
16
24
15
18
14
17
19
23
12
13
14
15
11
16
12
15
16
12
13
12
18
16
10
15
13
11
15
14
11
13
12
11
12
10
16
13
13
17
14
13
14
11
11
13
12
13
15
16
15
19
12
15
14
13
17
15
12
11
18
11
11
12
15
16
16
20
19
20
25
15
11
14
11
18
10
14
12
13
12
16
20
13
15
16
17
16
15
13
12
13
11
13
13
16
14
15
11
13
13
16
13
12
17
14
15
10
12
11
15
18
21
20
17
17
19
20
16
29
18
16
10
14
17
14
10
17
19
12
13
15
11
10
12
12
11
13
12
11
12
13
11
13
13
18
20
26
19
30
15
17
16
22
15
14
15
14
20
15
11
12
15
19
19
24
18
19
13
13
16
12
14
20
22
15
13
15
19
15
14
11
16
12
21
12
14
10
10
11
12
13
11
13
13
14
11
17
17
11
13
18
12
12
13
16
12
14
15
12
13
13
15
17
14
18
17
13
11
10
14
19
14
13
13
12
19
14
12
11
12
10
12
16
18
16
13
16
15
11
14
14
17
15
15
13
14
11
15
21
11
15
16
15
30
15
18
15
10
13
18
19
13
15
17
11
13
18
11
16
19
15
19
19
16
21
12
17
16
14
12
11
15
13
16
19
12
18
23
16
12
15
11
19
12
14
14
13
17
14
13
10
12
15
15
18
10
14
16
11
13
11
14
12
11
15
14
16
13
16
14
14
12
14
13
13
19
11
10
13
10
20
13
14
11
10
14
15
15
19
12
18
12
15
11
11
12
15
13
15
12
11
10
13
22
19
16
16
12
21
17
12
13
16
14
11
15
19
19
22
18
27
16
14
14
13
10
15
13
14
15
15
15
10
17
12
12
14
13
22
12
15
14
11
12
10
11
13
12
13
10
21
13
12
13
12
17
11
15
15
18
20
15
13
11
11
11
11
17
10
14
13
14
13
13
18
15
35
18
15
15
14
18
15
17
24
13
18
13
16
12
14
14
19
10
14
10
19
15
13
10
17
16
20
20
10
13
15
18
13
12
15
18
13
14
19
23
23
13
16
21
28
15
26
11
13
15
16
16
31
12
11
15
15
15
19
15
13
15
14
18
16
15
14
15
15
10
15
12
24
29
17
12
19
24
25
25
16
17
16
22
11
15
11
11
11
12
21
12
19
14
13
14
12
12
15
15
10
11
12
13
12
17
11
12
16
13
14
10
16
13
14
19
11
11
16
15
13
19
15
12
13
10
12
11
12
13
11
14
16
10
20
23
13
11
10
12
11
17
18
20
16
12
10
15
20
26
13
20
18
14
23
18
12
12
18
20
16
11
17
17
12
16
21
24
14
12
14
13
11
19
10
15
18
15
20
11
13
11
16
10
14
14
12
12
17
15
16
19
12
14
12
21
15
14
14
13
20
15
17
13
15
11
11
14
18
14
12
14
17
14
12
12
13
11
13
13
13
12
11
17
12
10
11
14
22
11
14
12
13
20
15
12
10
11
11
15
15
16
17
20
12
20
14
18
15
15
18
13
17
13
11
15
20
15
14
15
14
11
24
15
15
10
16
14
12
12
10
16
11
10
17
21
12
12
15
