0.437256 0.177599

0.432657 0.200442
0.437406 0.182046

0.432419 0.1871
0.437413 0.182046

0.43194 0.164906
0.437816 0.199769

0.43196 0.164906
0.437624 0.190924

0.432574 0.191441
0.437333 0.177681

0.432494 0.187026
0.437537 0.186493

0.432611 0.191433
0.437838 0.199687

0.432629 0.191433
0.437745 0.195297

0.433235 0.217773
0.437653 0.190915

0.433056 0.209009
0.437951 0.204038

0.432683 0.191513
0.437567 0.186573

0.432895 0.200245
0.437767 0.195289

0.432913 0.200245
0.438063 0.20834

0.432736 0.191544
0.438261 0.217025

0.432657 0.187202
0.438072 0.208356

0.432289 0.169863
0.438077 0.208356

0.432115 0.161209
0.437314 0.173803

0.432614 0.182805
0.437703 0.191049

0.43244 0.174182
0.437709 0.191049

0.433031 0.200005
0.43781 0.195345

0.433333 0.212893
0.43753 0.182479

0.433634 0.225758
0.437251 0.169637

0.433649 0.225758
0.437163 0.165363

0.433191 0.204392
0.437358 0.173895

0.432925 0.191594
0.437459 0.178153

0.432847 0.187336
0.43784 0.195157

0.432958 0.191587
0.43822 0.21213

0.433349 0.208561
0.43757 0.182478

0.433364 0.208561
0.438042 0.203621

0.432914 0.187417
0.438233 0.212064

0.433209 0.200081
0.437865 0.195208

0.433225 0.200081
0.43787 0.195208

0.433333 0.204288
0.437968 0.199407

0.433626 0.216886
0.438065 0.2036

0.433456 0.208502
0.438529 0.224525

0.433747 0.221057
0.438624 0.228703

0.433945 0.229413
0.438902 0.241215

0.433501 0.208559
0.439269 0.257869

0.433333 0.200232
0.438998 0.2454

0.43344 0.204388
0.439273 0.257848

0.433636 0.212687
0.439093 0.249563

0.433288 0.196117
0.438824 0.237157

0.433575 0.208524
0.438826 0.237157

0.433409 0.200267
0.438919 0.241279

0.433153 0.187902
0.438742 0.233049

0.433169 0.187902
0.438565 0.224834

0.433274 0.19201
0.438658 0.228935

0.43302 0.179707
0.438482 0.220747

0.433125 0.183801
0.438396 0.216659

0.432784 0.167453
0.438311 0.212579

0.432978 0.175613
0.438137 0.204432

0.432727 0.163392
0.43823 0.208499

0.43292 0.171526
0.437616 0.180077

0.433201 0.183707
0.437621 0.180077

0.43304 0.1756
0.437802 0.188171

0.433143 0.179647
0.437895 0.192211

0.433333 0.187727
0.437899 0.192211

0.433611 0.199828
0.437904 0.192211

0.4331 0.175666
0.437734 0.18417

0.433028 0.171645
0.438087 0.200226

0.43313 0.175659
0.437744 0.184196

0.432972 0.167644
0.438009 0.196199

0.4329 0.163643
0.437754 0.184215

0.432916 0.163643
0.437759 0.184215

0.432845 0.159655
0.437935 0.192179

0.432774 0.155673
0.438026 0.196154

0.432961 0.163624
0.437944 0.192185

0.433233 0.175531
0.437949 0.192185

0.433504 0.187419
0.437612 0.17636

0.433603 0.191375
0.437702 0.18031

0.433702 0.195325
0.437877 0.188197

0.433461 0.183494
0.437542 0.172447

0.433559 0.187432
0.437632 0.176379

0.433742 0.195294
0.437722 0.180304

0.433924 0.203145
0.438147 0.199898

0.434021 0.207063
0.437983 0.192073

0.43395 0.203151
0.43782 0.184259

0.433627 0.187524
0.437992 0.192061

0.433556 0.183623
0.437996 0.192061

0.433403 0.175834
0.438167 0.199837

0.433583 0.183611
0.438004 0.192073

0.434012 0.203023
0.437925 0.188196

0.434191 0.210776
0.438178 0.199807

0.433954 0.199165
0.438347 0.207536

0.43405 0.203029
0.438598 0.219112

0.433979 0.199171
0.438272 0.203702

0.433498 0.176056
0.438357 0.207548

0.433593 0.179902
0.437951 0.188345

0.434098 0.202947
0.437628 0.173005

0.433947 0.195277
0.438041 0.19215

0.434041 0.199106
0.437963 0.188327

0.433646 0.17999
0.437886 0.18451

0.433902 0.191442
0.437647 0.173075

0.434239 0.206688
0.437571 0.169269

0.434008 0.195271
0.437576 0.169269

0.433778 0.183871
0.437661 0.173063

0.433629 0.176282
0.437988 0.188218

0.4334 0.164916
0.438153 0.195784

0.433494 0.168699
0.437996 0.188229

0.433587 0.172476
0.43792 0.184458

0.43336 0.161161
0.437685 0.17316

0.433613 0.172459
0.43745 0.161878

0.433307 0.157418
0.437455 0.161878

0.433638 0.172437
0.437698 0.173126

0.433651 0.172437
0.437465 0.161895

0.433901 0.183668
0.437549 0.165633

0.433913 0.183668
0.437712 0.173099

0.433925 0.183668
0.43748 0.161917

0.43378 0.176214
0.437878 0.180526

0.433713 0.172492
0.437882 0.180526

0.433725 0.172492
0.437495 0.161971

0.433816 0.176203
0.437734 0.173088

0.433828 0.176203
0.438129 0.191588

0.433996 0.183603
0.437743 0.173115

0.434008 0.183603
0.437981 0.184182

0.434019 0.183603
0.438295 0.198918

0.433876 0.176235
0.438375 0.202597

0.434275 0.194628
0.438224 0.19525

0.434517 0.205648
0.438304 0.198918

0.434759 0.216652
0.438538 0.209906

0.434615 0.209327
0.438311 0.198934

0.434549 0.205669
0.438621 0.213543

0.434636 0.209322
0.438394 0.202602

0.434723 0.212969
0.438473 0.206244

0.434656 0.209327
0.438476 0.206244

0.434514 0.202053
0.438327 0.198981

0.434144 0.183896
0.438406 0.202607

0.434307 0.191149
0.43803 0.184501

0.43447 0.198391
0.43811 0.188117

0.434026 0.176695
0.438189 0.191728

0.433962 0.173084
0.438418 0.202546

0.434049 0.176689
0.438195 0.191743

0.43406 0.176689
0.438124 0.188147

0.434146 0.180285
0.438052 0.184557

0.434382 0.191058
0.438056 0.184557

0.434542 0.198229
0.438134 0.188137

0.434776 0.208971
0.438361 0.198865

0.434711 0.205395
0.438439 0.202436

0.434721 0.205395
0.438293 0.195304

0.434583 0.198264
0.438519 0.205987

0.43437 0.187581
0.438373 0.198875

0.434085 0.173357
0.438303 0.195324

0.433801 0.159153
0.438453 0.202416

0.433738 0.155607
0.438529 0.205957

0.434044 0.169772
0.438385 0.198884

0.433982 0.166235
0.438022 0.181226

0.434139 0.173299
0.438391 0.19886

0.434369 0.183879
0.43854 0.205904

0.43438 0.183879
0.438543 0.205904

0.434317 0.180362
0.438618 0.209417

0.434255 0.176849
0.438911 0.223447

0.43412 0.169834
0.438986 0.22695

0.43442 0.183846
0.439349 0.244441

0.434286 0.176849
0.439278 0.240947

0.434296 0.176849
0.439063 0.230481

0.434234 0.173361
0.438705 0.213061

0.434245 0.173361
0.438636 0.209582

0.434111 0.166402
0.438495 0.202632

0.434265 0.173351
0.438283 0.192222

0.434419 0.180292
0.437929 0.174895

0.434429 0.180292
0.438146 0.185277

0.43451 0.183752
0.438078 0.181821

0.434662 0.190665
0.438366 0.195628

0.434458 0.18031
0.438085 0.181839

0.43461 0.187204
0.437876 0.171512

0.434761 0.194089
0.438163 0.185264

0.434982 0.204403
0.437954 0.174963

0.43485 0.197536
0.438099 0.181821

0.434648 0.187249
0.438383 0.195519

0.434938 0.200947
0.438596 0.205778

0.435088 0.207787
0.438669 0.209194

0.434746 0.19071
0.438531 0.202372

0.434895 0.197531
0.438394 0.195559

0.434974 0.200938
0.438537 0.202363

0.434564 0.180526
0.4384 0.195568

0.434296 0.166935
0.438472 0.198961

0.434514 0.177115
0.438683 0.209128

0.43487 0.194059
0.438547 0.202359

0.434602 0.180521
0.438411 0.195598

0.43468 0.183901
0.438276 0.188847

0.434483 0.173774
0.438554 0.202333

0.434423 0.170403
0.438488 0.198965

0.434433 0.170403
0.438353 0.19224

0.434443 0.170403
0.438425 0.195598

0.434658 0.180478
0.438154 0.182182

0.434872 0.19054
0.438294 0.188882

0.435085 0.20059
0.438365 0.192227

0.434889 0.190553
0.438503 0.19891

0.434558 0.173846
0.438438 0.195573

0.434839 0.187195
0.438441 0.195573

0.434983 0.193861
0.438511 0.198901

0.434924 0.190532
0.438378 0.192253

0.435068 0.197181
0.438583 0.202213

0.434874 0.18722
0.438788 0.212162

0.434949 0.190536
0.438588 0.202226

0.434958 0.190536
0.438591 0.202226

0.435101 0.197152
0.438258 0.185708

0.435042 0.193848
0.438194 0.182408

0.434916 0.187249
0.438197 0.182408

0.434791 0.180658
0.438267 0.185699

0.434733 0.177367
0.438536 0.198848

0.434875 0.183941
0.438272 0.185716

0.434884 0.183941
0.438607 0.202111

0.434892 0.183941
0.438808 0.211936

0.435033 0.190491
0.438479 0.195581

0.434843 0.180679
0.438614 0.202115

0.434785 0.177412
0.438616 0.202115

0.434596 0.167623
0.43875 0.208633

0.434803 0.1774
0.439015 0.221652

0.43468 0.17089
0.439016 0.221652

0.434754 0.174141
0.43856 0.198924

0.434763 0.174141
0.438562 0.198924

0.435098 0.190355
0.438369 0.189207

0.435367 0.203311
0.438436 0.192442

0.435375 0.203311
0.438764 0.208597

0.435382 0.203311
0.438571 0.198916

0.435584 0.212992
0.438509 0.195693

0.435527 0.209769
0.438058 0.173157

0.435663 0.216208
0.438061 0.173157

0.43567 0.216208
0.437935 0.166734

0.435548 0.209785
0.43781 0.160319

0.435813 0.222616
0.437942 0.166727

0.435691 0.216208
0.43801 0.169927

0.435634 0.213008
0.437756 0.157142

0.435833 0.222596
0.438016 0.169911

0.43584 0.222596
0.438147 0.176288

0.435719 0.216219
0.43815 0.176288

0.435853 0.222589
0.438344 0.185831

0.435796 0.219408
0.438347 0.185831

0.435676 0.213054
0.438349 0.185831

0.435619 0.20988
0.438605 0.19851

0.435563 0.206711
0.438671 0.201675

0.435443 0.200379
0.438483 0.192189

0.435513 0.203541
0.438612 0.198506

0.435773 0.216175
0.438299 0.182732

0.436031 0.228793
0.438113 0.17328

0.435975 0.225642
0.438305 0.182721

0.435604 0.206759
0.437868 0.160716

0.435674 0.209902
0.438059 0.170136

0.435556 0.203622
0.438125 0.173272

0.4355 0.200486
0.438066 0.17014

0.435445 0.197354
0.438193 0.176397

0.435265 0.187967
0.438134 0.173272

0.435334 0.191092
0.438012 0.167029

0.435528 0.200457
0.43814 0.173265

0.435349 0.191103
0.43839 0.185723

0.435232 0.184874
0.438331 0.182612

0.435116 0.178652
0.438519 0.191934

0.435247 0.184867
0.438644 0.198141

0.435193 0.181763
0.438769 0.204341

0.435631 0.203464
0.438648 0.198148

0.435637 0.203464
0.438344 0.182683

0.435706 0.206557
0.438162 0.173415

0.43559 0.200378
0.438165 0.173415

0.435657 0.203464
0.43829 0.17958

0.435847 0.212711
0.438171 0.173422

0.435732 0.206553
0.438478 0.188799

0.436043 0.22193
0.438663 0.198014

0.435927 0.215786
0.438968 0.213356

0.435448 0.191239
0.43897 0.213356

0.435515 0.194304
0.43885 0.207233

0.435582 0.197366
0.438912 0.210291

0.435589 0.197366
0.438914 0.210291

0.435354 0.185148
0.439036 0.216393

0.435 0.166841
0.438977 0.213346

0.435008 0.166841
0.438979 0.213346

0.434835 0.157708
0.438801 0.204223

0.435082 0.169872
0.438623 0.195111

0.435269 0.178984
0.438804 0.204213

0.435336 0.182018
0.438925 0.210274

0.435463 0.188079
0.438748 0.201193

0.435291 0.178997
0.43881 0.204217

0.435238 0.175974
0.438752 0.201196

0.435245 0.175974
0.438635 0.195162

0.435134 0.169939
0.438459 0.18612

0.435022 0.163912
0.438462 0.18612

0.435207 0.172943
0.438405 0.183113

0.435037 0.163922
0.438466 0.186117

0.435162 0.169929
0.438527 0.189117

0.435228 0.17293
0.438588 0.192115

0.435059 0.163938
0.438355 0.180139

0.435066 0.163938
0.438592 0.192102

0.435073 0.163938
0.438594 0.192102

0.435022 0.160951
0.438655 0.195086

0.434971 0.157967
0.438774 0.201047

0.435036 0.160947
0.438542 0.189137

0.435277 0.172858
0.438544 0.189137

0.435167 0.166909
0.438663 0.195079

0.435349 0.175823
0.438723 0.198047

0.435356 0.175823
0.438725 0.198047

0.435478 0.181752
0.438669 0.195086

0.435543 0.184713
0.43896 0.209877

0.43578 0.196547
0.43873 0.198057

0.435786 0.196547
0.438847 0.20396

0.435908 0.20245
0.439079 0.215755

0.435971 0.205399
0.438966 0.209864

0.436092 0.21129
0.439139 0.218691

0.43627 0.220117
0.439255 0.22457

0.435989 0.205421
0.439256 0.22457

0.435823 0.196613
0.439371 0.230436

0.436 0.205412
0.439372 0.230436

0.435892 0.199552
0.439316 0.227509

0.435897 0.199552
0.43926 0.224586

0.436131 0.211247
0.439148 0.218745

0.435909 0.199565
0.439149 0.218745

0.435915 0.199565
0.438697 0.19543

0.435807 0.193736
0.438699 0.19543

0.4357 0.187914
0.438701 0.19543

0.435706 0.187914
0.438477 0.18381

0.435712 0.187914
0.438479 0.18381

0.435606 0.182109
0.43865 0.192507

0.435724 0.187907
0.438989 0.209882

0.435674 0.185011
0.438654 0.192525

0.435736 0.187904
0.438655 0.192525

0.435854 0.193684
0.438769 0.198299

0.435636 0.182137
0.438883 0.204066

0.435531 0.176369
0.438717 0.195424

0.435425 0.170608
0.438663 0.192546

0.435487 0.173485
0.43872 0.195421

0.435661 0.18211
0.438778 0.198293

0.435667 0.18211
0.439001 0.209768

0.435617 0.179241
0.439058 0.212634

0.435623 0.179241
0.439115 0.215497

0.435408 0.167789
0.439392 0.229797

0.435525 0.173509
0.439448 0.232654

0.435697 0.18208
0.439229 0.221237

0.435647 0.179226
0.43945 0.232642

0.435543 0.173524
0.439341 0.226945

0.435495 0.170676
0.439012 0.209874

0.435775 0.184902
0.438795 0.198504

0.435671 0.179217
0.43896 0.207023

0.435677 0.179217
0.438689 0.19284

0.435738 0.182054
0.438799 0.198507

0.435853 0.187721
0.439128 0.215492

0.435858 0.187721
0.43902 0.209836

0.436082 0.199033
0.438859 0.201361

0.436033 0.196208
0.438806 0.198539

0.436418 0.215963
0.438808 0.198539

0.436043 0.196228
0.438972 0.206988

0.436265 0.207493
0.438973 0.206988

0.43627 0.207493
0.43892 0.204178

0.436329 0.210304
0.439137 0.215409

0.436388 0.213112
0.439246 0.221019

0.436339 0.210307
0.43957 0.237833

0.436237 0.204702
0.439463 0.232234

0.436242 0.204702
0.439464 0.232234

0.436247 0.204702
0.439411 0.22944

0.436359 0.21029
0.439305 0.223858

0.436471 0.215872
0.439306 0.223858

0.436262 0.204719
0.439307 0.223858

0.43648 0.215861
0.439041 0.209945

0.436591 0.221426
0.438989 0.207165

0.436702 0.226986
0.438884 0.20161

0.4366 0.221432
0.438833 0.198836

0.436711 0.226981
0.438728 0.193293

0.436556 0.218666
0.438836 0.19883

0.436508 0.215897
0.438943 0.204363

0.43646 0.213131
0.438786 0.196072

0.436201 0.199313
0.438735 0.193312

0.436047 0.191031
0.438579 0.185038

0.436211 0.199305
0.438581 0.185038

0.436163 0.19655
0.43853 0.182285

0.436168 0.19655
0.438427 0.176785

0.436173 0.19655
0.438534 0.18228

0.435969 0.185561
0.438536 0.18228

0.435817 0.177328
0.438433 0.176796

0.435718 0.171844
0.438644 0.187753

0.435724 0.171844
0.438594 0.185016

0.435677 0.169108
0.438804 0.195952

0.435683 0.169108
0.438857 0.198683

0.435636 0.166376
0.439118 0.212325

0.435331 0.150005
0.439171 0.215051

0.435751 0.171812
0.439327 0.223221

0.43586 0.177259
0.439225 0.21778

0.435969 0.1827
0.439071 0.209626

0.436077 0.188136
0.438969 0.204195

0.436237 0.196282
0.439022 0.206908

0.435985 0.182718
0.43892 0.201487

0.436298 0.198979
0.438922 0.201487

0.436149 0.190856
0.439077 0.209602

0.436256 0.196266
0.439027 0.2069

0.436415 0.204373
0.43913 0.212299

0.436368 0.201674
0.439029 0.206905

0.436373 0.201674
0.438827 0.196127

0.436173 0.190895
0.438675 0.188051

0.436178 0.190895
0.438575 0.182672

0.436081 0.185516
0.438628 0.185359

0.436239 0.193577
0.438477 0.177306

0.436142 0.188208
0.438479 0.177306

0.436147 0.188208
0.438835 0.19606

0.436101 0.185529
0.438938 0.201414

0.436308 0.196236
0.438838 0.196065

0.436414 0.201584
0.438789 0.193394

0.436419 0.201584
0.43869 0.188055

0.436524 0.206923
0.438843 0.196055

0.436629 0.212256
0.438945 0.201384

0.436633 0.212256
0.438896 0.198722

0.436437 0.201609
0.438897 0.198722

0.436391 0.19895
0.438849 0.196065

0.436245 0.19098
0.4389 0.19872

0.43645 0.201597
