0.436256 0.217846

0.435256 0.203423
0.43611 0.213399

0.435411 0.212318
0.43602 0.20896

0.435025 0.194562
0.435831 0.200099

0.434739 0.18127
0.435545 0.186831

0.434752 0.18127
0.436049 0.208903

0.434864 0.185684
0.435665 0.191278

0.434778 0.181278
0.435577 0.18688

0.434398 0.163686
0.435588 0.18688

0.434314 0.159296
0.435403 0.178116

0.434621 0.172442
0.435707 0.191238

0.434829 0.18119
0.435231 0.169408

0.434939 0.185556
0.435728 0.191199

0.434563 0.168123
0.436029 0.20425

0.43477 0.176824
0.435845 0.195565

0.434589 0.168139
0.435663 0.186895

0.434602 0.168139
0.435865 0.195549

0.435096 0.189773
0.435779 0.19123

0.435108 0.189773
0.435694 0.186919

0.435311 0.198396
0.43599 0.19983

0.435609 0.211308
0.435714 0.186941

0.435524 0.207011
0.4362 0.208384

0.435534 0.207011
0.436019 0.199822

0.435261 0.194169
0.436407 0.216916

0.435177 0.189895
0.436321 0.21265

0.435 0.181364
0.436424 0.216908

0.4352 0.18988
0.435962 0.195654

0.435587 0.206884
0.435785 0.187167

0.43541 0.198397
0.436168 0.204111

0.435327 0.194161
0.43627 0.20834

0.435058 0.181475
0.436372 0.212561

0.435535 0.202582
0.436566 0.220989

0.435545 0.202582
0.436481 0.216782

0.435463 0.198375
0.436767 0.229381

0.435104 0.181577
0.436221 0.204227

0.435115 0.181577
0.435954 0.191672

0.43531 0.189947
0.436239 0.204206

0.434954 0.173236
0.436522 0.216718

0.434966 0.173236
0.436621 0.220881

0.434795 0.164908
0.436538 0.216725

0.434989 0.173221
0.436636 0.220874

0.435091 0.177371
0.436372 0.208447

0.435011 0.173228
0.436471 0.212583

0.435656 0.202177
0.436298 0.204326

0.435395 0.189791
0.435946 0.187839

0.435405 0.189791
0.435865 0.183725

0.435685 0.202135
0.435874 0.183725

0.435336 0.185704
0.435794 0.179624

0.435078 0.173402
0.435625 0.171436

0.435089 0.173402
0.435724 0.175523

0.4351 0.173402
0.435378 0.159201

0.435289 0.181562
0.435477 0.163275

0.435831 0.206004
0.436106 0.191744

0.436018 0.214138
0.436203 0.195804

0.43585 0.206018
0.435947 0.183643

0.435419 0.18575
0.436132 0.191737

0.435429 0.18575
0.435965 0.183656

0.435702 0.197871
0.436149 0.191724

0.435449 0.18577
0.43607 0.187697

0.435284 0.177716
0.435991 0.183676

0.435468 0.185757
0.435826 0.175648

0.435304 0.177729
0.435922 0.179656

0.435141 0.169714
0.436364 0.199661

0.435584 0.189719
0.436199 0.191672

0.435421 0.18173
0.435948 0.179707

0.435517 0.185718
0.435871 0.175726

0.436129 0.21359
0.436309 0.195602

0.436223 0.217565
0.43666 0.211478

0.436317 0.221534
0.436325 0.195628

0.436068 0.209646
0.436333 0.195628

0.435906 0.201734
0.436681 0.211428

0.436 0.205684
0.436263 0.191709

0.436263 0.217515
0.436525 0.203522

0.435932 0.201765
0.436364 0.195659

0.435772 0.193902
0.435949 0.176033

0.436034 0.205678
0.435958 0.176033

0.436547 0.229191
0.435798 0.168208

0.436555 0.229191
0.435639 0.160394

0.436646 0.233098
0.435983 0.175997

0.436234 0.213595
0.435658 0.160419

0.436159 0.209701
0.435833 0.168195

0.436083 0.205812
0.435842 0.168195

0.436008 0.20193
0.436266 0.187577

0.436183 0.209683
0.436356 0.191448

0.436273 0.213553
0.436529 0.199176

0.436364 0.217417
0.436289 0.187601

0.436454 0.221276
0.436708 0.206864

0.435967 0.198161
0.43655 0.199171

0.435893 0.194314
0.436639 0.203011

0.435492 0.175111
0.436483 0.195342

0.435746 0.186615
0.436653 0.203

0.435592 0.178957
0.436823 0.210646

0.435519 0.175134
0.436829 0.210646

0.435447 0.171317
0.436998 0.218269

0.435538 0.175128
0.43668 0.203046

0.435628 0.178934
0.436121 0.176445

0.43596 0.194134
0.43621 0.18024

0.436129 0.201723
0.436298 0.184028

0.436056 0.197934
0.436225 0.180245

0.435984 0.194151
0.436072 0.172691

0.435912 0.190374
0.43624 0.180234

0.43624 0.205461
0.436248 0.180234

0.436327 0.209227
0.436335 0.183994

0.436175 0.201706
0.436501 0.191504

0.436421 0.21297
0.436349 0.184006

0.436587 0.220469
0.436515 0.191493

0.43604 0.194263
0.436443 0.187755

0.436443 0.212954
0.436529 0.191487

0.43645 0.212954
0.436457 0.18776

0.436614 0.220408
0.436621 0.195204

0.436621 0.220408
0.436706 0.19892

0.436706 0.224125
0.436634 0.195209

0.436399 0.209281
0.436797 0.20262

0.43625 0.20187
0.436569 0.19152

0.436413 0.20927
0.436732 0.198909

0.436109 0.194492
0.436971 0.209977

0.43565 0.172356
0.436977 0.209977

0.435504 0.164988
0.436983 0.209977

0.435513 0.164988
0.437066 0.21365

0.43583 0.179681
0.437148 0.217318

0.435915 0.183349
0.437231 0.220981

0.436 0.187012
0.436929 0.206351

0.435931 0.183355
0.436705 0.195394

0.436092 0.190659
0.436788 0.199041

0.435946 0.183365
0.436489 0.184474

0.436107 0.190649
0.436724 0.195384

0.436267 0.197922
0.436806 0.199016

0.436274 0.197922
0.43704 0.209895

0.436281 0.197922
0.436894 0.202652

0.436288 0.197922
0.4369 0.202652

0.436446 0.205154
0.436755 0.19543

0.436528 0.208765
0.436685 0.191824

0.43646 0.205159
0.436617 0.188223

0.43609 0.187155
0.436698 0.191819

0.436098 0.187155
0.436629 0.188228

0.435955 0.179974
0.43671 0.191814

0.436112 0.187145
0.43694 0.202556

0.436194 0.190726
0.436872 0.198981

0.436648 0.21218
0.43658 0.184697

0.436729 0.215751
0.437106 0.209658

0.436512 0.205054
0.437481 0.227463

0.436815 0.219297
0.437486 0.227463

0.436747 0.215741
0.437343 0.220361

0.4369 0.222844
0.437274 0.216815

0.436832 0.219297
0.437279 0.216815

0.436765 0.215756
0.437284 0.216815

0.437064 0.229902
0.437436 0.223878

0.437143 0.233434
0.43766 0.234458

0.437075 0.229907
0.437664 0.234458

0.437372 0.243995
0.43796 0.248527

0.437231 0.23696
0.438036 0.252039

0.437455 0.247498
0.437822 0.241516

0.437677 0.25802
0.437174 0.20999

0.437681 0.25802
0.437324 0.216987

0.437613 0.254522
0.437112 0.206506

0.437112 0.230068
0.437117 0.206506

0.437261 0.237046
0.436978 0.199538

0.437194 0.233562
0.436912 0.196059

0.436984 0.223124
0.437061 0.203008

0.436846 0.216174
0.437138 0.206478

0.437138 0.230054
0.437143 0.206478

0.436714 0.209262
0.437219 0.209939

0.43672 0.209262
0.437153 0.206483

0.436868 0.216174
0.437158 0.206483

0.436306 0.188561
0.437021 0.199589

0.436667 0.205796
0.436673 0.182376

0.436389 0.192026
0.436749 0.185814

0.436325 0.188589
0.436825 0.189248

0.436614 0.202322
0.43662 0.178961

0.436408 0.192035
0.436344 0.165264

0.436063 0.174914
0.436561 0.175523

0.436211 0.181753
0.436427 0.168692

0.436147 0.178338
0.436573 0.175514

0.436294 0.18516
0.436649 0.178921

0.436579 0.198786
0.436585 0.175519

0.436516 0.195384
0.436939 0.192507

0.436522 0.195384
0.436667 0.178934

0.43625 0.181811
0.436464 0.168767

0.436256 0.181811
0.436955 0.192459

0.436401 0.18858
0.436753 0.182318

0.436546 0.19534
0.436759 0.182318

0.43669 0.202091
0.436764 0.182318

0.436695 0.202091
0.436838 0.185685

0.436426 0.188623
0.436981 0.192411

0.436432 0.188623
0.436918 0.189053

0.436507 0.191982
0.436923 0.189053

0.436444 0.188627
0.437065 0.195752

0.436314 0.181928
0.436934 0.189061

0.436525 0.191965
0.437007 0.192402

0.436599 0.195306
0.437012 0.192402

0.436537 0.191969
0.437017 0.192402

0.436881 0.208633
0.437157 0.19906

0.436751 0.201976
0.437095 0.195735

0.436959 0.211949
0.437032 0.192415

0.437032 0.215269
0.436902 0.185783

0.437037 0.215269
0.43684 0.182471

0.436975 0.211958
0.436644 0.172548

0.436846 0.205342
0.43665 0.172548

0.436985 0.211949
0.43699 0.189045

0.436923 0.20865
0.436995 0.189045

0.436995 0.211945
0.437133 0.195628

0.436933 0.208654
0.437072 0.19234

0.436872 0.205367
0.43701 0.189057

0.436678 0.195517
0.43728 0.202173

0.436617 0.192238
0.437417 0.208723

0.436821 0.202063
0.437686 0.221807

0.43676 0.198792
0.43736 0.205473

0.436766 0.198792
0.437232 0.198947

0.436442 0.182478
0.437303 0.202206

0.436316 0.17596
0.437176 0.195696

0.436453 0.18247
0.43718 0.195696

0.436328 0.175968
0.437185 0.195696

0.436334 0.175968
0.437582 0.215153

0.436209 0.169483
0.43739 0.205437

0.436607 0.188916
0.437459 0.208672

0.436938 0.205091
0.437659 0.218365

0.436813 0.198629
0.437468 0.208683

0.436948 0.205083
0.437342 0.202237

0.437083 0.21153
0.437476 0.208676

0.437087 0.21153
0.437092 0.189383

0.437157 0.214745
0.437161 0.192594

0.437161 0.214745
0.437295 0.19901

0.436908 0.201915
0.437492 0.208621

0.436977 0.205118
0.437432 0.205421

0.43679 0.195518
0.437372 0.202225

0.436474 0.179538
0.43744 0.205418

0.43616 0.163576
0.437125 0.189475

0.436294 0.169953
0.436874 0.176736

0.436236 0.166768
0.436943 0.179917

0.436178 0.163587
0.436884 0.17674

0.436121 0.16041
0.436762 0.170393

0.436 0.154063
0.43645 0.154545

0.43626 0.166742
0.436519 0.157711

0.436329 0.169908
0.436651 0.164035

0.436461 0.176232
0.436656 0.164035

0.436467 0.176232
0.436724 0.16719

0.436724 0.188851
0.43673 0.16719

0.436478 0.176247
0.436923 0.176632

0.436421 0.1731
0.437116 0.186062

0.436552 0.179387
0.436995 0.179783

0.436682 0.185667
0.437063 0.182919

0.43675 0.188803
0.436942 0.176654

0.436443 0.17314
0.436822 0.170396

0.436511 0.176269
0.436765 0.16727

0.436267 0.163768
0.436957 0.176635

0.436335 0.166889
0.437023 0.179754

0.436403 0.170007
0.43678 0.167296

0.436347 0.166893
0.437032 0.179739

0.436291 0.163782
0.437037 0.179739

0.436358 0.166889
0.437288 0.192154

0.436302 0.163786
0.437292 0.192154

0.436308 0.163786
0.437112 0.182864

0.436129 0.154496
0.437178 0.185957

0.436258 0.160682
0.437243 0.189047

0.436141 0.154503
0.437492 0.20139

0.436514 0.173019
0.437313 0.192143

0.436763 0.185348
0.4375 0.20138

0.436707 0.182269
0.437504 0.20138

0.437017 0.197646
0.437325 0.192164

0.437204 0.206862
0.437269 0.189096

0.436783 0.185383
0.437273 0.189096

0.436848 0.188448
0.437337 0.192157

0.43649 0.170079
0.437221 0.186041

0.436254 0.157847
0.437345 0.19215

0.436199 0.154793
0.43741 0.195201

0.436566 0.173099
0.437414 0.195201

0.436692 0.179195
0.437477 0.198246

0.436456 0.167018
0.437241 0.186082

0.436582 0.173099
0.437305 0.18912

0.436946 0.191324
0.43725 0.186086

0.436951 0.191324
0.437254 0.186086

0.436776 0.182232
0.43696 0.170949

0.43696 0.191314
0.436845 0.164902

0.437024 0.194338
0.436731 0.158861

0.437147 0.200379
0.436855 0.164895

0.437151 0.200379
0.4368 0.161881

0.437156 0.200379
0.436864 0.164892

0.436923 0.188337
0.437282 0.185942

0.436928 0.188337
0.437345 0.188946

0.43705 0.194344
0.43729 0.185945

0.437113 0.197345
0.437471 0.194937

0.437176 0.200342
0.437768 0.209907

0.437122 0.197348
0.437654 0.203925

0.437126 0.197348
0.437599 0.200938

0.437247 0.203323
0.437661 0.203922

0.436959 0.188402
0.437547 0.19796

0.43673 0.176479
0.437668 0.203915

0.436735 0.176479
0.437613 0.200941

0.436739 0.176479
0.4375 0.194999

0.436744 0.176479
0.437329 0.186095

0.436807 0.179447
0.437217 0.180166

0.43687 0.182412
0.437395 0.18905

0.436643 0.170566
0.437341 0.186092

0.436994 0.188315
0.43746 0.192002

0.437114 0.194225
0.437349 0.186098

0.437176 0.197177
0.437237 0.180201

0.437237 0.200126
0.437299 0.183146

0.437299 0.203072
0.437475 0.191973

0.437131 0.194244
0.437364 0.186095

0.437364 0.206001
0.437253 0.180223

0.437368 0.206001
0.4372 0.17729

0.437314 0.203068
0.437318 0.183149

0.437375 0.205998
0.43755 0.194856

0.437379 0.205998
0.437383 0.186086

0.437383 0.205998
0.437273 0.180245

0.437159 0.194316
0.437106 0.171492

0.437106 0.191399
0.437054 0.168578

0.436997 0.18557
0.436775 0.154022

0.437001 0.18557
0.437006 0.165655

0.436836 0.176846
0.437179 0.17437

0.436953 0.182656
0.437296 0.180174

0.436958 0.182656
0.437243 0.177275

0.437187 0.194252
0.437191 0.174379

0.437135 0.191356
0.437195 0.174379

0.437251 0.197142
0.437367 0.183048

0.437311 0.200032
0.437371 0.183048

0.437259 0.197145
0.437542 0.1917

0.437207 0.194261
0.437601 0.194581

0.437378 0.202903
0.437549 0.191703

0.437326 0.200026
0.437441 0.185953

0.437663 0.217274
0.4375 0.188825

0.437556 0.211531
0.437503 0.188825

0.43767 0.217268
0.437285 0.177362

0.437562 0.211537
0.437344 0.180225

0.437344 0.200085
0.437348 0.180225

0.437238 0.194365
0.437628 0.19451

0.437407 0.202936
0.437686 0.197364

0.437245 0.194374
0.437689 0.197364

0.437139 0.188672
0.437802 0.20306

0.437088 0.185824
0.43797 0.211596

0.437202 0.191514
0.437973 0.211596

0.437151 0.188672
0.438085 0.217275

0.436881 0.174475
0.437923 0.208765

0.436995 0.180148
0.437817 0.203098

0.436835 0.171647
0.43782 0.203098

0.43673 0.165985
0.437823 0.203098

0.43668 0.163157
0.437717 0.197448

0.43712 0.185757
0.43772 0.197448

0.437015 0.180113
0.437724 0.197448

0.437073 0.182932
0.437727 0.197448

0.437023 0.180116
0.437514 0.186193

0.437027 0.180116
0.437517 0.186193

0.437139 0.185737
0.43752 0.186193

0.437143 0.185737
0.437524 0.186193

0.437147 0.185737
0.437527 0.186193

0.437043 0.180133
0.437477 0.183394

0.436993 0.177334
0.437373 0.177801

0.436836 0.168944
0.43743 0.180595

0.436894 0.171737
0.437433 0.180595

0.436952 0.174529
0.43765 0.191748

0.437063 0.180105
0.437813 0.200104

0.437013 0.17732
0.43771 0.194539

0.437177 0.185668
0.437872 0.202878

0.437394 0.196787
0.437822 0.200101

0.437397 0.196787
0.437772 0.197327

0.43756 0.20511
0.437987 0.208413

0.437616 0.207882
0.438201 0.219489

0.437672 0.210651
0.438151 0.216723

0.437517 0.202352
0.438153 0.216723

0.437361 0.194062
0.437839 0.200159

0.43747 0.199584
0.437789 0.197401

0.437211 0.185794
0.43774 0.194645

0.437109 0.180283
0.437638 0.18914

0.437165 0.183036
0.437641 0.18914

0.436855 0.166536
0.437696 0.191887

0.437068 0.177525
0.437856 0.200121

0.436915 0.169292
0.437963 0.205604

0.43718 0.183001
0.438175 0.216561

0.437027 0.174783
0.437917 0.202879

0.437135 0.180256
0.437659 0.18921

0.437347 0.191191
0.437818 0.197403

0.437299 0.18846
0.437769 0.194674

0.437198 0.183003
0.437824 0.1974

0.437098 0.177552
0.437775 0.194677

0.43705 0.174828
0.437674 0.189236

0.437209 0.18299
0.437677 0.189236

0.437058 0.174836
0.43768 0.189236

0.43701 0.172121
0.437786 0.194661

0.43686 0.163983
0.437686 0.189241

0.436864 0.163983
0.437638 0.186534

0.437022 0.172105
0.437744 0.191943

0.437179 0.18022
0.437746 0.191943

0.437081 0.174815
0.437698 0.189244

0.437033 0.172116
0.437803 0.194638

0.436833 0.161327
0.437398 0.173081

0.437041 0.172105
0.43735 0.170389

0.437096 0.174797
0.437557 0.181147

0.437099 0.174797
0.437611 0.183834

0.437205 0.180171
0.437563 0.18115

0.43731 0.18554
0.437567 0.18115

0.437212 0.180176
0.437722 0.189188

0.437215 0.180176
0.437775 0.191864

0.437269 0.182853
0.437677 0.186516

0.437222 0.180179
0.437377 0.170486

0.437226 0.180179
0.43728 0.165147

0.43738 0.188186
0.437384 0.170481

0.437535 0.196186
0.437588 0.181137

0.437538 0.196186
0.437591 0.181137

0.437541 0.196186
0.437644 0.183796

0.437393 0.188209
0.437597 0.18114

0.437196 0.177582
0.43785 0.194411

0.4374 0.188199
