0.434798 0.942155
0.434788 0.943015
0.43479 0.943015
0.434788 0.943015
0.434815 0.944733
0.434816 0.943874
0.434879 0.949027
0.43492 0.951604
0.434934 0.953321
0.435054 0.959329
0.435102 0.966194
0.435067 0.96362
0.435028 0.961905
0.434997 0.958474
0.434941 0.954187
0.434973 0.956759
0.435013 0.956759
0.435081 0.961043
0.435136 0.966184
0.435135 0.968753
0.435092 0.964472
0.435058 0.96019
0.435106 0.965327
0.435119 0.965327
0.435144 0.966182
0.435158 0.969604
0.435153 0.967894
0.435136 0.967039
0.435139 0.966184
0.435123 0.967893
0.435129 0.966184
0.435141 0.967038
0.435209 0.97131
0.435249 0.973872
0.435346 0.979849
0.435344 0.982411
0.435347 0.982411
0.435422 0.984971
0.435475 0.99009
0.435499 0.993502
0.435516 0.994355
0.435573 0.997766
0.435628 1.00288
0.435665 1.00714
0.435677 1.00714
0.435683 1.0097
0.435706 1.01055
0.435692 1.00885
0.435671 1.00714
0.435686 1.008
0.435669 1.00629
0.435684 1.00714
0.43569 1.00714
0.435699 1.00885
0.435664 1.00544
0.435665 1.00459
0.435701 1.00714
0.435711 1.00969
0.43568 1.00714
0.435651 1.0046
0.435565 0.9978
0.435551 0.996951
0.435483 0.991857
0.435495 0.991857
0.435531 0.992706
0.435549 0.9961
0.435627 0.998645
0.435628 1.00204
0.435671 1.00373
0.435696 1.00712
0.435639 1.00289
0.435636 1.00289
0.435621 1.00204
0.435624 0.998651
0.435666 1.00289
0.435681 1.00543
0.435689 1.00543
0.435674 1.00373
0.435596 0.999502
0.435607 0.997809
0.435654 1.00035
0.43564 1.00119
0.435643 1.00288
0.435611 0.999502
0.435591 0.996967
0.435567 0.995277
0.435587 0.996966
0.435644 0.9995
0.435648 1.00119
0.43566 1.00203
0.435674 1.00288
0.435689 1.00457
0.435705 1.0071
0.435704 1.00457
0.435691 1.00541
0.435678 1.00288
0.435648 1.00204
0.43561 0.997822
0.435568 0.994451
0.435587 0.991923
0.435651 0.99782
0.435702 1.00287
0.435774 1.00708
0.435803 1.01129
0.435807 1.01214
0.435809 1.01214
0.435808 1.01129
0.435816 1.01298
0.435806 1.01214
0.435796 1.0113
0.435775 1.00877
0.435795 1.01045
0.435812 1.01129
0.435788 1.00961
0.435768 1.00877
0.435709 1.00541
0.435728 1.00457
0.435734 1.00625
0.435772 1.00793
0.435778 1.00877
0.435801 1.00961
0.435837 1.01297
0.435852 1.01381
0.435835 1.01297
0.435761 1.0071
0.435753 1.00542
0.435775 1.00794
0.435767 1.00877
0.43582 1.01296
0.435777 1.00794
0.435709 1.00375
0.435719 1.00124
0.435716 1.00291
0.435824 1.00793
0.435803 1.00961
0.435826 1.01128
0.435822 1.01044
0.435812 1.01044
0.435761 1.0071
0.435698 1.00125
0.435646 0.99707
0.435606 0.992892
0.435628 0.994563
0.435616 0.993728
0.435637 0.995398
0.435625 0.994563
0.435578 0.991224
0.435563 0.989555
0.435558 0.988721
0.435545 0.987886
0.435556 0.987886
0.43558 0.989554
0.435584 0.990388
0.435544 0.987887
0.435507 0.984554
0.43547 0.982054
0.435441 0.980388
0.435471 0.980388
0.435413 0.97789
0.435384 0.97456
0.435373 0.972895
0.435394 0.973727
0.435441 0.978719
0.43548 0.980383
0.435548 0.984542
0.435606 0.989531
0.435643 0.993688
0.435686 0.994519
0.43573 0.999506
0.435722 1.00117
0.435676 0.997014
0.435636 0.993691
0.435654 0.992031
0.435683 0.996182
0.435691 0.995352
0.43568 0.995352
0.435701 0.997011
0.435707 0.997011
0.435744 0.999499
0.435792 1.00365
0.435778 1.00282
0.435841 1.0053
0.435885 1.01028
0.435868 1.01028
0.435867 1.0111
0.435853 1.00945
0.43583 1.00614
0.435825 1.00614
0.435802 1.00531
0.435801 1.00448
0.43583 1.00613
0.435856 1.00862
0.435802 1.00448
0.435806 1.00365
0.435817 1.00531
0.435825 1.00448
0.435841 1.00613
0.43585 1.00779
0.435848 1.00779
0.435862 1.00696
0.435861 1.00779
0.435905 1.01026
0.435906 1.01026
0.435906 1.01109
0.435903 1.01026
0.435921 1.01109
0.435909 1.01109
0.435931 1.01274
0.435926 1.01439
0.435888 1.01109
0.435882 1.00862
0.435825 1.0045
0.4358 1.00203
0.435741 0.997083
0.435765 0.999554
0.435732 0.99626
0.435737 0.99626
0.43574 0.99626
0.435729 0.995437
0.435783 0.999551
0.435807 1.00037
0.435843 1.00366
0.4359 1.00942
0.435984 1.01435
0.435998 1.016
0.435998 1.01682
0.436048 1.01764
0.436057 1.02175
0.436108 1.02257
0.436122 1.02585
0.436144 1.02749
0.436186 1.03078
0.436274 1.0357
0.436297 1.0398
0.436296 1.0398
0.43633 1.0398
0.436354 1.0439
0.436362 1.04308
0.436381 1.04554
0.436361 1.04472
0.436393 1.04636
0.436373 1.04636
0.436414 1.048
0.436391 1.04554
0.436412 1.048
0.436445 1.04964
0.436468 1.05127
0.436453 1.05045
0.43649 1.05291
0.436431 1.04882
0.436413 1.04718
0.436356 1.0431
0.436303 1.03901
0.436242 1.03492
0.43624 1.0341
0.436243 1.03247
0.436239 1.03329
0.436254 1.0341
0.436269 1.03574
0.436257 1.0341
0.43624 1.03329
0.436248 1.03329
0.436249 1.03329
0.436213 1.03166
0.436213 1.03084
0.436226 1.03084
0.436253 1.03247
0.436282 1.03492
0.436317 1.03818
0.436341 1.03981
0.436343 1.04062
0.436314 1.03899
0.436347 1.03899
0.43635 1.04062
0.436352 1.04062
0.436343 1.04062
0.43635 1.04062
0.436365 1.03981
0.436384 1.04306
0.436372 1.04225
0.436421 1.04469
0.436456 1.04631
0.43645 1.04631
0.436501 1.05119
0.436514 1.05281
0.436486 1.05119
0.436498 1.05119
0.436495 1.05038
0.436485 1.05038
0.436453 1.04713
0.436456 1.04794
0.436485 1.04875
0.436436 1.04632
0.436416 1.0447
0.436423 1.0447
0.436403 1.04308
0.436439 1.04389
0.436395 1.04308
0.436369 1.04064
0.43638 1.04145
0.436406 1.04226
0.43642 1.04307
0.436436 1.04469
0.436421 1.04469
0.436478 1.04631
0.436533 1.05036
0.436579 1.0544
0.436589 1.05602
0.436616 1.06087
0.436569 1.05521
0.436511 1.05279
0.436445 1.04713
0.436443 1.0439
0.436434 1.04471
0.436435 1.04471
0.436442 1.04471
0.436424 1.04309
0.436414 1.04228
0.436402 1.04148
0.43638 1.03986
0.436365 1.03825
0.436351 1.03744
0.436327 1.03422
0.43635 1.03583
0.436371 1.03825
0.436372 1.03744
0.436387 1.03825
0.436412 1.04228
0.436481 1.0455
0.436496 1.04791
0.436488 1.04711
0.436525 1.04711
0.436535 1.05113
0.436587 1.05274
0.436649 1.05838
0.436753 1.06401
0.436821 1.07044
0.436837 1.07527
0.436887 1.07768
0.436905 1.08009
0.436948 1.0825
0.436959 1.08331
0.436994 1.08491
0.43702 1.08973
0.437031 1.08893
0.436978 1.08572
0.436973 1.08331
0.436962 1.08251
0.437006 1.08491
0.437016 1.08812
0.437036 1.08893
0.437021 1.08812
0.437007 1.08732
0.437002 1.08732
0.436998 1.08652
0.437057 1.08812
0.437057 1.09133
0.437035 1.08892
0.437013 1.08732
0.436973 1.08572
0.436948 1.08252
0.436903 1.07932
0.436859 1.07451
0.436885 1.07611
0.436873 1.07611
0.436864 1.07531
0.436866 1.07531
0.436861 1.07451
0.436865 1.07372
0.436894 1.07691
0.43691 1.07851
0.436902 1.07691
0.436901 1.07771
0.436902 1.07771
0.436857 1.07452
0.436823 1.07132
0.436855 1.07292
0.436864 1.07452
0.436894 1.07611
0.436846 1.07372
0.436797 1.06973
0.43677 1.06574
0.436723 1.06335
0.43667 1.05857
0.436655 1.05697
0.43665 1.05697
0.43664 1.05618
0.436663 1.05697
0.436702 1.06096
0.436745 1.06334
0.436733 1.06334
0.436754 1.06414
0.436743 1.06414
0.436742 1.06335
0.436699 1.06096
0.43669 1.05778
0.436707 1.05937
0.436715 1.06096
0.436695 1.05857
0.436718 1.06016
0.436687 1.05937
0.436624 1.0546
0.436623 1.05301
0.436628 1.05222
0.436622 1.05301
0.436626 1.05381
0.436624 1.0546
0.436639 1.05381
0.436664 1.05619
0.436645 1.0546
0.436666 1.05619
0.436678 1.05619
0.436735 1.06015
0.43676 1.06253
0.43679 1.0657
0.436813 1.06728
0.436867 1.07125
0.436876 1.07283
0.436963 1.07837
0.437025 1.08154
0.43705 1.0855
0.437095 1.08787
0.437104 1.08708
0.437145 1.09341
0.437203 1.095
0.437262 1.10053
0.437286 1.1037
0.437341 1.10844
0.437371 1.11081
0.437437 1.11555
0.437442 1.11713
0.4374 1.11397
0.437406 1.11318
0.437391 1.11318
0.437371 1.11081
0.437354 1.11002
0.437341 1.10845
0.437322 1.10687
0.437318 1.10687
0.437305 1.10529
0.437315 1.10529
0.437297 1.1045
0.437297 1.10371
0.437279 1.1045
0.43724 1.10056
0.437223 1.09898
0.437264 1.10135
0.437291 1.10292
0.437267 1.10214
0.43732 1.10607
0.437374 1.1108
0.437456 1.11473
0.437512 1.11788
0.43752 1.12182
0.437599 1.12811
0.437635 1.13047
0.43769 1.13361
0.437708 1.13519
0.437694 1.13676
0.437682 1.1344
0.437658 1.13204
0.43761 1.12969
0.437584 1.12654
0.437558 1.1234
0.437561 1.12419
0.43752 1.12183
0.437533 1.12183
0.437532 1.12262
0.437537 1.12183
0.437557 1.1234
0.437569 1.12419
0.437554 1.12262
0.437542 1.12262
0.437517 1.12105
0.437504 1.11948
0.437529 1.12183
0.437518 1.12105
0.437523 1.12105
0.437523 1.12183
0.437491 1.1187
0.437463 1.11557
0.437488 1.11792
0.437485 1.1187
0.437466 1.11635
0.437474 1.11713
0.437535 1.12105
0.437548 1.12183
0.43756 1.12339
0.437562 1.12261
0.437596 1.12574
0.437611 1.12808
0.437614 1.12652
0.437617 1.12808
0.437631 1.1273
0.437652 1.13042
0.437649 1.12964
0.437725 1.13667
0.437691 1.13355
0.437655 1.12964
0.437657 1.12964
0.437659 1.13043
0.437668 1.13199
0.437637 1.12887
0.437638 1.12965
0.437594 1.12575
0.437544 1.12263
0.43749 1.11795
0.437448 1.11562
0.437412 1.11094
0.437371 1.10783
0.43733 1.10393
0.437347 1.10471
0.437363 1.10705
0.437332 1.10394
0.437382 1.10783
0.437403 1.1086
0.437422 1.11094
0.437383 1.1086
0.43735 1.10549
0.43735 1.10549
0.437321 1.10161
0.437328 1.10316
0.437299 1.10083
0.437304 1.10161
0.4373 1.10083
0.437293 1.10005
0.437292 1.10005
0.437314 1.10083
0.437337 1.10394
0.437354 1.10394
0.43744 1.10859
0.437485 1.11325
0.437523 1.11867
0.437537 1.12022
0.437522 1.11867
0.437521 1.1179
0.437473 1.11402
0.437475 1.11325
0.43747 1.11402
0.437489 1.11557
0.437468 1.11402
0.437437 1.11093
0.437382 1.10706
0.437356 1.10473
0.437328 1.10241
0.437276 1.09777
0.437223 1.0939
0.437204 1.09158
0.437173 1.09003
0.437139 1.08617
0.437156 1.08926
0.437135 1.08694
0.437129 1.08617
0.437146 1.08694
0.437175 1.08926
0.437179 1.08926
0.43721 1.09235
0.437256 1.09466
0.43728 1.09698
0.437304 1.10007
0.437328 1.10161
0.437341 1.10161
0.437325 1.10161
0.437312 1.0993
0.437332 1.10084
0.437294 1.09853
0.437261 1.09544
0.437237 1.0939
0.437236 1.09313
0.437171 1.08851
0.43716 1.08851
0.437146 1.0862
0.437141 1.08466
0.437135 1.08543
0.437162 1.0862
0.437119 1.08389
0.437063 1.08004
0.437056 1.07696
0.437048 1.07773
0.437075 1.07927
0.437119 1.08235
0.437068 1.07927
0.437044 1.0785
0.437011 1.07543
0.436987 1.07313
0.436981 1.07236
0.43698 1.07236
0.436953 1.07082
0.436942 1.06852
0.436945 1.07005
0.436925 1.06775
0.436905 1.06545
0.43691 1.06622
0.436863 1.06238
0.436795 1.05778
0.436739 1.05394
0.436714 1.05011
0.436659 1.04704
0.436689 1.04704
0.436671 1.04628
0.436657 1.04475
0.436624 1.04321
0.436565 1.03785
0.436556 1.03632
0.436554 1.03785
0.436503 1.03249
0.43645 1.0279
0.436408 1.02484
0.436397 1.02484
0.436392 1.02255
0.436397 1.02331
0.436397 1.02331
0.436393 1.02331
0.43644 1.02484
0.436428 1.02637
0.436405 1.02484
0.436393 1.02255
0.436429 1.02408
0.43646 1.02789
0.436443 1.02637
0.43644 1.02713
0.436456 1.02713
0.436424 1.02637
0.436417 1.02408
0.436399 1.02255
0.436357 1.0195
0.43632 1.01645
0.436264 1.01188
0.436227 1.00883
0.436214 1.0073
0.436187 1.00578
0.43615 1.00273
0.436081 0.997398
0.436056 0.995113
0.436084 0.995875
0.436089 0.995875
0.436033 0.99283
0.435981 0.987502
0.435961 0.986741
0.43595 0.985219
0.435977 0.986741
0.436003 0.989783
0.435997 0.988262
0.436006 0.990543
0.435985 0.989023
0.435958 0.986742
0.435928 0.983703
0.435873 0.979144
0.435822 0.974586
0.435776 0.970788
0.435789 0.970029
0.435764 0.96927
0.435743 0.967752
0.43572 0.966234
0.435703 0.964716
0.435726 0.966992
0.435733 0.966992
0.435739 0.965475
0.435759 0.966992
0.435797 0.970025
0.435869 0.975331
0.435899 0.976847
0.435926 0.981393
0.435958 0.984424
0.435945 0.983666
0.435922 0.981394
0.435952 0.981394
0.435904 0.980637
0.435902 0.979123
0.435914 0.981394
0.435912 0.979124
0.435922 0.980637
0.435935 0.980637
0.435949 0.982906
0.435941 0.98215
0.435937 0.981394
0.43595 0.981394
0.435948 0.982149
0.435978 0.985172
0.435955 0.982905
0.435944 0.981395
0.435943 0.981395
0.435926 0.980639
0.435885 0.977619
0.435881 0.97611
0.435848 0.973846
0.435839 0.973091
0.435849 0.973091
0.435852 0.972337
0.435853 0.973091
0.435875 0.973845
0.435895 0.976107
0.435926 0.975353
0.435972 0.982136
0.435983 0.983643
0.436019 0.985903
0.436037 0.98741
0.436073 0.991176
0.436073 0.98967
0.436071 0.990423
0.436048 0.988917
0.435996 0.985907
0.435972 0.982144
0.435978 0.982896
0.435955 0.98064
0.435923 0.978383
0.435938 0.979135
0.435984 0.982143
0.435996 0.984398
0.435992 0.98064
0.435972 0.982143
0.435975 0.982143
0.435956 0.981392
0.43594 0.979138
0.435931 0.978388
0.435849 0.97163
0.435815 0.967877
0.43577 0.964124
0.435703 0.961123
0.43572 0.961123
0.435675 0.957372
0.435656 0.955122
0.435606 0.951373
0.435599 0.950623
0.43558 0.949124
0.435535 0.945376
0.435477 0.94088
0.435482 0.94088
0.435479 0.940131
0.435424 0.935637
0.43537 0.931893
0.435306 0.926652
0.435271 0.922909
0.435233 0.921412
0.435217 0.918418
0.435223 0.919167
0.435216 0.917671
0.435273 0.920662
0.435249 0.920662
0.435244 0.919915
0.435266 0.922157
0.435262 0.922157
0.435251 0.920663
0.43524 0.919168
0.435269 0.922156
0.435253 0.920663
0.435239 0.918422
0.43523 0.917676
0.435225 0.918422
0.435203 0.916929
0.43519 0.915437
0.435122 0.910214
0.435107 0.907976
0.435106 0.90723
0.43512 0.907976
0.435133 0.907976
0.435166 0.910958
0.435211 0.913939
0.43524 0.917665
0.43525 0.918411
0.435218 0.916176
0.43519 0.913196
0.43519 0.913196
0.435189 0.913941
0.435169 0.911707
0.435127 0.909474
0.435107 0.907242
0.435116 0.907242
0.435117 0.907242
0.435088 0.905754
0.435049 0.902779
0.435066 0.902779
0.435062 0.902779
0.435048 0.902036
0.435049 0.899806
0.43504 0.901292
0.435021 0.896835
0.435014 0.89832
0.434964 0.893864
0.434993 0.894607
0.435017 0.897577
0.435029 0.897577
0.434997 0.896834
0.435035 0.899061
0.435062 0.901286
0.435057 0.899061
0.43505 0.900544
0.435069 0.902027
0.435117 0.904993
0.435124 0.906476
0.435092 0.903511
0.435088 0.903511
0.435093 0.903511
0.435123 0.904992
0.435167 0.907214
0.435169 0.907955
0.4352 0.910176
0.435217 0.913137
0.435167 0.910177
0.435198 0.910917
0.435267 0.916096
0.435286 0.917576
0.435296 0.918315
0.435343 0.922013
0.435352 0.923492
0.435346 0.922752
0.435364 0.922013
0.435391 0.925708
0.435391 0.926447
0.435421 0.928664
0.435441 0.929402
0.435458 0.930141
0.435513 0.93531
0.435522 0.93531
0.435553 0.939
0.435528 0.936048
0.435553 0.936786
0.43554 0.937524
0.435536 0.936049
0.43558 0.938261
0.43558 0.939736
0.435594 0.939736
0.435619 0.942684
0.435649 0.944895
0.43569 0.94858
0.435696 0.949317
0.435679 0.947843
0.435692 0.947843
0.435716 0.950789
0.435735 0.952262
0.435724 0.951525
0.435683 0.947845
0.435678 0.947109
0.43565 0.944902
0.43561 0.942695
0.435586 0.939753
0.435559 0.936811
0.435515 0.935341
0.435453 0.92946
0.435422 0.925785
0.435422 0.926519
0.43547 0.927989
0.435514 0.933132
0.435516 0.932397
0.435521 0.933132
0.43551 0.933132
0.435518 0.933132
0.435535 0.933132
0.435584 0.937535
0.435641 0.94047
0.435702 0.945606
0.435772 0.950741
0.43578 0.953674
0.435823 0.955874
0.435878 0.961739
0.435924 0.963939
0.435956 0.96687
0.436023 0.972733
0.43608 0.977861
0.436063 0.977129
0.436062 0.976396
0.436078 0.977129
0.436099 0.978593
0.436113 0.980057
0.436125 0.979325
0.436172 0.98518
0.436211 0.986643
0.436207 0.988106
0.436212 0.988106
0.436217 0.988838
0.436248 0.991031
0.436262 0.992493
0.43625 0.991032
0.436252 0.990301
0.436276 0.991762
0.436281 0.992493
0.436298 0.993954
0.436319 0.996145
0.436335 0.997605
0.436391 1.00126
0.436437 1.00418
0.436458 1.00782
0.436525 1.0122
0.436518 1.0122
0.436523 1.01293
0.43655 1.01512
0.436565 1.01585
0.436593 1.01731
0.436615 1.02022
0.436634 1.02168
0.436645 1.02095
0.436638 1.02241
0.436667 1.02168
0.436669 1.02314
0.436704 1.02678
0.436738 1.02896
0.436744 1.02969
0.436754 1.02969
0.436764 1.03188
0.436761 1.03188
0.436749 1.03042
0.436743 1.02969
0.436771 1.03115
0.436799 1.03406
0.436854 1.03697
0.436895 1.0406
0.436937 1.04278
0.436948 1.04641
0.436998 1.05005
0.437048 1.05368
0.437125 1.05949
0.437175 1.06312
0.437191 1.06603
0.437184 1.0653
0.437222 1.06603
0.437242 1.06965
0.437262 1.07111
0.437239 1.06965
0.437256 1.06893
0.437215 1.06893
0.437201 1.06603
0.437143 1.06168
0.437116 1.06023
0.437083 1.0566
0.437053 1.05371
0.437069 1.05515
0.437029 1.05226
0.437017 1.05153
0.43703 1.05081
0.437027 1.05226
0.437006 1.05009
0.437037 1.05081
0.437015 1.05081
0.43701 1.05009
0.436982 1.04864
0.436978 1.04719
0.43695 1.04502
0.436933 1.04358
0.436909 1.04141
0.436914 1.04141
0.436897 1.03996
0.436913 1.04068
0.436889 1.03924
0.436849 1.03635
0.436815 1.03346
0.436817 1.03274
0.436808 1.03202
0.436842 1.03346
0.436896 1.03851
0.436927 1.03996
0.436929 1.04284
0.436931 1.04284
0.436948 1.04284
0.436935 1.04356
0.436928 1.04212
0.436912 1.04068
0.436987 1.04356
0.436989 1.04572
0.437027 1.04933
0.437035 1.05005
0.437046 1.05149
0.437099 1.05293
0.437131 1.05797
0.437181 1.06013
0.437214 1.06517
0.437244 1.06661
0.437276 1.06949
0.437248 1.06805
0.437235 1.06661
0.437228 1.06661
0.437233 1.06589
0.437222 1.06445
0.437229 1.06517
0.437204 1.06302
0.437183 1.0623
0.437136 1.05727
0.437163 1.05942
0.437204 1.06301
0.43724 1.0666
0.437283 1.06876
0.43729 1.0702
0.437325 1.07235
0.437345 1.07378
0.437383 1.0745
0.437407 1.07809
0.437432 1.08096
0.437425 1.08024
0.437423 1.08096
0.437418 1.08024
0.437352 1.07594
0.437317 1.07236
0.437322 1.07164
0.437341 1.07379
0.437295 1.07164
0.437246 1.06663
0.437219 1.06376
0.437217 1.06304
0.437222 1.06376
0.437247 1.06448
0.437234 1.06519
0.437264 1.06662
0.437263 1.06734
0.437255 1.06662
0.437248 1.06591
0.437253 1.06519
0.437265 1.06734
0.437272 1.06734
0.437291 1.06805
0.43733 1.07091
0.43736 1.07448
0.437381 1.07663
0.437418 1.07806
0.437443 1.08163
0.437455 1.08091
0.437506 1.0852
0.437492 1.08591
0.437495 1.08448
0.437496 1.08663
0.43749 1.0852
0.437488 1.08591
0.437454 1.08306
0.437433 1.07949
0.437428 1.07949
0.437401 1.07735
0.437424 1.07878
0.437424 1.07949
0.437397 1.07735
0.437396 1.07735
0.437372 1.07593
0.437366 1.0745
0.437333 1.07237
0.437306 1.06952
0.437305 1.0681
0.437312 1.06952
0.437305 1.0681
0.437297 1.06881
0.43725 1.06454
0.437203 1.06098
0.43726 1.06454
0.437274 1.06525
0.437296 1.06738
0.437312 1.06952
0.437369 1.07165
0.437392 1.0752
0.437383 1.0752
0.43736 1.07378
0.437321 1.06952
0.437316 1.06952
0.437276 1.06597
0.437258 1.06384
0.437252 1.06313
0.43728 1.06668
0.437314 1.06739
0.437356 1.07164
0.437391 1.07377
0.437419 1.07732
0.437443 1.07803
0.437445 1.07874
0.437423 1.07874
0.437396 1.0759
0.437405 1.0759
0.43743 1.07803
0.437428 1.07732
0.437448 1.07732
0.437469 1.07944
0.437508 1.08369
0.437518 1.0844
0.437524 1.08582
0.437535 1.08582
0.437541 1.08582
0.437518 1.08511
0.437524 1.0844
0.437517 1.0844
0.437514 1.08511
0.437516 1.0844
0.437503 1.08369
0.437478 1.08157
0.437476 1.07945
0.437482 1.08157
0.437469 1.08016
0.437516 1.08369
0.43749 1.08228
0.437503 1.08157
0.437538 1.0844
0.437586 1.08793
0.437625 1.09075
0.437629 1.09287
0.437603 1.09146
0.43763 1.09287
0.43764 1.09357
0.437636 1.09287
0.437636 1.09357
0.43761 1.09146
0.437574 1.08793
0.437547 1.08652
0.437503 1.083
0.437494 1.083
0.437461 1.07877
0.437385 1.07384
0.437351 1.07032
0.437319 1.06821
0.437309 1.0661
0.437273 1.06328
0.437254 1.06187
0.43729 1.06398
0.437353 1.06961
0.437334 1.06961
0.437321 1.0675
0.437276 1.06328
0.437263 1.06258
0.437255 1.06117
0.437251 1.06117
0.437209 1.05836
0.437177 1.05485
0.437198 1.05696
0.437181 1.05485
0.437145 1.05204
0.437167 1.05204
0.437209 1.05625
0.437252 1.05976
0.437203 1.05766
0.437165 1.05415
0.437168 1.05344
0.437134 1.05134
0.437127 1.04994
0.437162 1.05274
0.437175 1.05414
0.43719 1.05485
0.437219 1.05695
0.437247 1.05905
0.43727 1.05975
0.437253 1.06045
0.437263 1.06045
0.437247 1.05975
0.437251 1.05975
0.437261 1.05975
0.437259 1.05905
0.437253 1.05975
0.437267 1.06045
0.437286 1.06255
0.437314 1.06325
0.437335 1.06465
0.437354 1.06745
0.43733 1.06605
0.437303 1.06395
0.437306 1.06395
0.437302 1.06325
0.437289 1.06186
0.437282 1.06116
0.437258 1.06046
0.437264 1.06046
0.437286 1.06186
0.437241 1.05766
0.437274 1.05906
0.437284 1.06116
0.437304 1.06325
0.4373 1.06325
0.43728 1.06185
0.437241 1.05837
0.437253 1.05906
0.437235 1.05627
0.437249 1.05837
0.437255 1.05976
0.437256 1.05976
0.437252 1.05837
0.437267 1.05976
0.437219 1.05628
0.437201 1.05349
0.437233 1.05419
0.43721 1.05627
0.437161 1.0521
0.437132 1.04792
0.437106 1.04653
0.437062 1.04165
0.437021 1.03956
0.436986 1.03608
0.436975 1.03469
0.436982 1.03608
0.436975 1.03469
0.437001 1.03678
0.436998 1.03608
0.436971 1.034
0.436954 1.0333
0.436974 1.034
0.436934 1.03191
0.436884 1.02705
0.436848 1.02427
0.436811 1.0201
0.436814 1.0208
0.4368 1.0201
0.436785 1.01733
0.436764 1.01663
0.436727 1.01386
0.436735 1.01386
0.436775 1.01594
0.436786 1.01733
0.436789 1.01733
0.436799 1.01941
0.436794 1.01802
0.436782 1.01733
0.436774 1.01663
0.43676 1.01594
0.436784 1.01871
0.436787 1.01802
0.436786 1.01663
0.436768 1.01594
0.436788 1.0194
0.436804 1.0201
0.436819 1.0201
0.436829 1.02079
0.436858 1.02356
0.436838 1.0201
0.436866 1.02217
0.436874 1.02356
0.436877 1.02494
0.436859 1.02425
0.436784 1.01733
0.436732 1.01388
0.436706 1.01042
0.436715 1.01042
0.436711 1.01042
0.436692 1.00973
0.436663 1.00627
0.436642 1.00489
0.436598 1.00075
0.436569 0.998677
0.43655 0.997297
0.436549 0.995916
0.436551 0.996606
0.436556 0.997296
0.436598 1.00075
0.436574 0.998677
0.436531 0.995228
0.436505 0.993159
0.436469 0.989022
0.436454 0.987643
0.436445 0.987643
0.436405 0.984197
0.436371 0.982129
0.436361 0.980062
0.436322 0.975929
0.436341 0.978684
0.436363 0.980061
0.436384 0.979373
0.436447 0.984881
0.436485 0.988322
0.436513 0.991076
0.436498 0.991076
0.436503 0.991076
0.436482 0.9897
0.436505 0.991763
0.436576 0.997265
0.436623 1.0007
0.436643 1.00277
0.436689 1.00414
0.436725 1.00758
0.436728 1.01033
0.436778 1.01239
0.436789 1.01376
0.436788 1.01376
0.436808 1.01651
0.436821 1.01582
0.436818 1.01582
0.43682 1.01719
0.43681 1.01651
0.436836 1.01857
0.436894 1.02337
0.436951 1.0268
0.437007 1.02954
0.437027 1.03434
0.437054 1.03572
0.437087 1.03777
0.437095 1.03983
0.437095 1.03983
0.437091 1.03846
0.437065 1.03709
0.437074 1.03709
0.437054 1.0364
0.437083 1.03777
0.437056 1.03709
0.437011 1.03298
0.437002 1.03161
0.437011 1.0323
0.436968 1.02887
0.436939 1.02545
0.43693 1.02545
0.436923 1.02477
0.436934 1.02408
0.436921 1.02477
0.43686 1.0193
0.436813 1.01451
0.43681 1.01451
0.436872 1.01861
0.436875 1.01998
0.436865 1.01861
0.436885 1.01998
0.436887 1.01998
0.436917 1.02203
0.436901 1.02203
0.436903 1.02135
0.436912 1.02271
0.436923 1.02339
0.436927 1.02408
0.436967 1.02476
0.436993 1.02749
0.436996 1.02953
0.436984 1.02817
0.43703 1.03021
0.437022 1.03226
0.43704 1.03294
0.437018 1.03158
0.437053 1.0343
0.437055 1.03499
0.437084 1.03567
0.437105 1.03839
0.437133 1.03907
0.437164 1.0418
0.437199 1.04588
0.437293 1.05133
0.437273 1.05201
0.437299 1.05133
0.437318 1.05473
0.43739 1.05881
0.437426 1.06425
0.43748 1.06833
0.437476 1.06833
0.437499 1.07037
0.437503 1.07037
0.437497 1.07173
0.437498 1.07037
0.437532 1.07241
0.437528 1.07377
0.437524 1.07241
0.437533 1.07309
0.437535 1.07309
0.437545 1.07377
0.437521 1.07309
0.437523 1.07241
0.437492 1.07037
0.437489 1.06766
0.437508 1.07105
0.437498 1.0697
0.437483 1.06902
0.437491 1.06902
0.437484 1.06834
0.437469 1.06766
0.437497 1.06834
0.437507 1.07037
0.437539 1.07241
0.437561 1.07444
0.43757 1.07512
0.43754 1.07376
0.437482 1.06902
0.437514 1.07038
0.437531 1.07173
0.437527 1.07173
0.437507 1.07038
0.4375 1.07038
0.437527 1.07241
0.437518 1.07105
0.437515 1.07038
0.437487 1.06902
0.437475 1.06767
0.437482 1.06699
0.437476 1.06632
0.437525 1.0697
0.437545 1.07173
0.437574 1.07375
0.437572 1.07443
0.4376 1.07645
0.437652 1.07983
0.437656 1.08186
0.437708 1.08523
0.437707 1.08591
0.437718 1.08793
0.437729 1.08726
0.437739 1.08861
0.437764 1.08996
0.437766 1.08996
0.437797 1.09265
0.437825 1.09468
0.437815 1.09535
0.437841 1.09737
0.437832 1.09535
0.437847 1.09737
0.437882 1.10074
0.437887 1.10074
0.437888 1.10276
0.43792 1.10344
0.437914 1.10276
0.437921 1.10344
0.43797 1.10748
0.43797 1.10748
0.437986 1.10882
0.438015 1.11084
0.438067 1.11353
0.43808 1.11488
0.438082 1.11555
0.438092 1.11757
0.438103 1.1169
0.43812 1.11958
0.438105 1.11891
0.438124 1.11958
0.438144 1.12227
0.438172 1.12294
0.438233 1.12832
0.438269 1.13168
0.438284 1.13436
0.438267 1.13302
0.438229 1.12966
0.438266 1.13101
0.438314 1.13503
0.438326 1.13638
0.438312 1.13571
0.438316 1.13503
0.438344 1.13705
0.438334 1.13705
0.438328 1.13638
0.438338 1.13705
0.438347 1.13772
0.438357 1.13906
0.438346 1.13772
0.438293 1.13437
0.438229 1.12834
0.43819 1.12566
0.438158 1.12298
0.43812 1.1203
0.438083 1.11628
0.438045 1.11226
0.438017 1.11093
0.438013 1.11026
0.438013 1.11026
0.438025 1.11026
0.438071 1.1136
0.438102 1.11695
0.438107 1.11695
0.438119 1.11828
0.438143 1.12029
0.438165 1.12296
0.438166 1.12363
0.43814 1.12029
0.438191 1.12229
0.438201 1.12497
0.438187 1.12564
0.438191 1.1243
0.438222 1.12697
0.438257 1.12831
0.438278 1.12964
0.438286 1.13298
0.438309 1.13298
0.438337 1.13565
0.438354 1.13698
0.438346 1.13765
0.43834 1.13698
0.438303 1.13365
0.438284 1.13231
0.438293 1.13231
0.4383 1.13365
0.438299 1.13231
0.438263 1.13098
0.438262 1.13032
0.438264 1.13165
0.438313 1.13298
0.438324 1.13431
0.438328 1.13564
0.438312 1.13431
0.438285 1.13165
0.438283 1.13231
0.4383 1.13298
0.438299 1.13298
0.43832 1.13298
0.438345 1.13697
0.438381 1.1383
0.438416 1.14163
0.438436 1.14429
0.438409 1.14229
0.438378 1.1403
0.438387 1.1403
0.438392 1.14163
0.438392 1.13963
0.438416 1.14296
0.438403 1.14096
0.438387 1.1403
0.438371 1.13831
0.438354 1.13698
0.438328 1.13632
0.438363 1.13698
0.438414 1.14096
0.438449 1.14428
0.438479 1.14826
0.438467 1.14826
0.438463 1.14627
0.438427 1.14362
0.438429 1.14163
0.438406 1.14163
0.438367 1.13898
0.438379 1.1403
0.438382 1.13898
0.438387 1.13964
0.438379 1.13831
0.43835 1.13633
0.438307 1.13302
0.43826 1.1297
0.438263 1.1297
0.438236 1.12639
0.438247 1.12706
0.438238 1.12706
0.438199 1.12375
0.438177 1.1211
0.438139 1.11912
0.438124 1.11779
0.43808 1.11316
0.438066 1.11184
0.438114 1.11449
0.438139 1.11779
0.438116 1.11779
0.438135 1.11647
0.438133 1.11713
0.438099 1.11449
0.438058 1.11118
0.43805 1.10986
0.438031 1.10986
0.438049 1.10986
0.438074 1.11118
0.43804 1.11052
0.43802 1.10788
0.437976 1.10458
0.437953 1.10261
0.437896 1.09799
0.437834 1.09271
0.437788 1.08743
0.4378 1.08809
0.437782 1.08743
0.437762 1.08612
0.437754 1.0848
0.437754 1.08348
0.437717 1.0815
0.437724 1.08282
0.437678 1.07887
0.437648 1.07558
0.437636 1.07558
0.437632 1.07492
0.437589 1.07097
0.437558 1.06768
0.43757 1.06965
0.437574 1.06899
0.437575 1.06768
0.437611 1.07097
0.437626 1.0736
0.437627 1.07425
0.437618 1.07294
0.437614 1.07228
0.437602 1.07162
0.437637 1.07425
0.437635 1.0736
0.437621 1.0736
0.437622 1.0736
0.437603 1.07097
0.437644 1.07425
0.437666 1.07688
0.437685 1.07754
0.437665 1.07622
0.437666 1.07557
0.437681 1.07688
0.437689 1.07819
0.437709 1.0795
0.437722 1.08082
0.437708 1.08082
0.437704 1.0795
0.437677 1.07754
0.437643 1.07491
0.437608 1.07098
0.437589 1.06901
0.437543 1.06508
0.437541 1.06574
0.437541 1.06508
0.437529 1.06377
0.437525 1.06377
0.43749 1.06115
0.437496 1.06181
0.437482 1.0605
0.437496 1.0605
0.437505 1.06181
0.437476 1.05919
0.43747 1.05919
0.437478 1.05984
0.437496 1.0605
0.437506 1.06181
0.437512 1.06181
0.437531 1.06246
0.437542 1.06442
0.43756 1.06507
0.437597 1.069
0.437586 1.0703
0.437605 1.069
0.437619 1.0703
0.437664 1.07422
0.437665 1.07488
0.437692 1.07618
0.437702 1.07683
0.437722 1.07879
0.437757 1.08271
0.437781 1.08401
0.43778 1.08467
0.437788 1.08467
0.437808 1.08662
0.437794 1.08532
0.437805 1.08662
0.437809 1.08597
0.437836 1.08858
0.437833 1.08793
0.437851 1.09054
0.437854 1.08923
0.43786 1.09119
0.437874 1.09184
0.437849 1.08988
0.437875 1.09119
0.437864 1.09054
0.437874 1.09054
0.437933 1.09444
0.437962 1.09965
0.438005 1.1029
0.43801 1.10421
0.438018 1.10355
0.438011 1.1029
0.437978 1.10095
0.437956 1.099
0.437958 1.099
0.437975 1.1003
0.437981 1.10095
0.437946 1.09965
0.437922 1.09575
0.437899 1.09315
0.437874 1.0912
0.437873 1.0912
0.437879 1.0912
0.437842 1.08926
0.437845 1.08926
0.437864 1.0899
0.437876 1.09055
0.437888 1.09185
0.437875 1.0912
0.437893 1.0912
0.437922 1.09445
0.437896 1.09315
0.437904 1.0938
0.437916 1.09315
0.437942 1.09509
0.437941 1.09704
0.437967 1.09898
0.437974 1.09898
0.437975 1.09898
0.437972 1.09834
0.437949 1.09769
0.437939 1.09575
0.437939 1.09639
0.437922 1.0951
0.437882 1.09121
0.437852 1.08862
0.437856 1.08927
0.437845 1.08798
0.437837 1.08603
0.437861 1.08927
0.437877 1.08927
0.437877 1.09121
0.437894 1.09121
0.437904 1.09315
0.437897 1.0925
0.437898 1.0925
0.437911 1.0925
0.437929 1.09509
0.437905 1.0925
0.437926 1.09444
0.437915 1.0938
0.437938 1.09444
0.43796 1.09573
0.437977 1.09896
0.438024 1.10025
0.43804 1.10348
0.438086 1.10542
0.438099 1.10929
0.438131 1.11123
0.438192 1.11639
0.438214 1.11832
0.438231 1.11897
0.438211 1.11897
0.438234 1.12026
0.438213 1.11897
0.438221 1.11833
0.438214 1.11768
0.438228 1.11961
0.438244 1.12026
0.438268 1.12284
0.438307 1.12606
0.438288 1.12606
0.438263 1.12348
0.438245 1.1209
0.438239 1.12026
0.438217 1.11833
0.438219 1.11897
0.438194 1.11704
0.438165 1.11383
0.438158 1.11383
0.438147 1.11254
0.43816 1.11254
0.438148 1.11254
0.438129 1.11125
0.438128 1.11125
0.438136 1.11125
0.438099 1.10868
0.438114 1.10932
0.438113 1.11061
0.438081 1.10675
0.438087 1.10675
0.438104 1.10932
0.438108 1.10804
0.438129 1.10997
0.438142 1.10997
0.43816 1.11318
0.438151 1.11253
0.438163 1.11318
0.438148 1.11189
0.438163 1.11382
0.438202 1.11574
0.438221 1.11767
0.438216 1.11702
0.438241 1.11959
0.438215 1.11831
0.438212 1.11702
0.438214 1.11767
0.438236 1.11895
0.438244 1.12087
0.438245 1.11959
0.438248 1.12087
0.438267 1.12151
0.438248 1.11959
0.438264 1.12087
0.438284 1.12279
0.438272 1.12215
0.438261 1.12215
0.438274 1.12151
0.438258 1.12151
0.438266 1.12215
0.438246 1.11959
0.438244 1.11959
0.438274 1.12151
0.438263 1.12151
0.43827 1.12151
0.438236 1.11959
0.438225 1.11831
0.438226 1.11767
0.438207 1.1164
0.438195 1.11512
0.438194 1.11576
0.438155 1.11193
0.438148 1.11129
0.43813 1.11001
0.438146 1.11065
0.43809 1.10618
0.43808 1.1049
0.438084 1.1049
0.438037 1.10107
0.438013 1.10044
0.438012 1.09852
0.438028 1.0998
0.438054 1.10171
0.438068 1.10362
0.438058 1.10235
0.438046 1.10235
0.438024 1.10107
0.437977 1.09661
0.437969 1.09598
0.437954 1.0947
0.43795 1.09343
0.437924 1.09152
0.437923 1.09152
0.437886 1.08897
0.437869 1.08579
0.437862 1.08579
0.437865 1.08515
0.437856 1.08579
0.437864 1.08388
0.437854 1.08515
0.437863 1.08642
0.437871 1.08579
0.437872 1.08706
0.437883 1.08706
0.437849 1.08515
0.437838 1.08324
0.437828 1.08197
0.437836 1.08324
0.437837 1.08197
0.437861 1.08515
0.437852 1.08388
0.437819 1.08261
0.437797 1.08007
0.437792 1.07943
0.437806 1.07943
0.437807 1.0807
0.437824 1.08134
0.437835 1.08261
0.437853 1.08388
0.437853 1.08451
0.437913 1.08705
0.437937 1.09085
0.437913 1.09022
0.437924 1.08832
0.437972 1.09276
0.438014 1.09656
0.43801 1.09783
0.438052 1.09909
0.438093 1.10226
0.438097 1.10353
0.438121 1.10543
0.438139 1.1086
0.438157 1.10796
0.438174 1.11113
0.438188 1.11176
0.438219 1.1143
0.43824 1.11556
0.438234 1.11683
0.438223 1.11493
0.438224 1.11493
0.438247 1.11619
0.438256 1.11746
0.438273 1.11872
0.438298 1.12189
0.438335 1.12315
0.438353 1.12568
0.438377 1.12758
0.438375 1.12821
0.438359 1.12694
0.438341 1.12505
0.438319 1.12315
0.43834 1.12315
0.438337 1.12505
0.438343 1.12505
0.438358 1.12568
0.438378 1.12694
0.438367 1.12631
0.438383 1.12883
0.438372 1.12694
0.438374 1.1282
0.438371 1.1282
0.438383 1.12757
0.438411 1.1301
0.438425 1.13199
0.438468 1.13514
0.438499 1.1364
0.438537 1.14144
0.438512 1.13892
0.438513 1.13955
0.438519 1.13955
0.438517 1.13955
0.438523 1.14081
0.438529 1.14018
0.438547 1.14144
0.438543 1.14207
0.438549 1.1427
0.438588 1.14459
0.438603 1.14711
0.438577 1.14585
0.438579 1.14522
0.438549 1.14207
0.438558 1.14333
0.438581 1.14333
0.438564 1.14459
0.438531 1.14145
0.438503 1.13956
0.438489 1.13767
0.438471 1.13579
0.438477 1.13579
0.438457 1.13516
0.438438 1.13265
0.438413 1.13076
0.438391 1.12888
0.438364 1.12637
0.438329 1.12385
0.438305 1.12134
0.438326 1.1226
0.438301 1.12009
0.4383 1.12072
0.438297 1.12009
0.438326 1.12071
0.438342 1.12448
0.438367 1.12636
0.438335 1.12385
0.438292 1.12009
0.438308 1.12072
0.43829 1.11884
0.438272 1.11821
0.438289 1.11946
0.438268 1.11758
0.438292 1.11884
0.438304 1.12072
0.43825 1.11633
0.438237 1.11445
0.438226 1.11383
0.438218 1.11069
0.438202 1.11132
0.438197 1.11132
0.438172 1.10882
0.43817 1.10819
0.438199 1.11069
0.438215 1.11132
0.438243 1.11445
0.43826 1.11445
0.438263 1.11695
0.43826 1.11632
0.438241 1.11445
0.438247 1.11507
0.438276 1.11695
0.438258 1.11507
0.438267 1.1157
0.438274 1.11757
0.438267 1.11695
0.43825 1.1157
0.438261 1.11632
0.43826 1.1157
0.438249 1.11507
0.438266 1.11695
0.438256 1.11507
0.438287 1.11757
0.438291 1.11882
0.438272 1.11695
0.438263 1.11632
0.438219 1.11383
0.438164 1.10822
0.438124 1.10447
0.438077 1.10073
0.438059 1.09824
0.438034 1.09637
0.438027 1.09575
0.438043 1.09699
0.438061 1.09762
0.438055 1.09824
0.438039 1.09637
0.438004 1.09388
0.437963 1.0889
0.437916 1.08641
0.437921 1.08454
0.437915 1.08516
0.437888 1.08392
0.437872 1.08205
0.437899 1.08392
0.437923 1.0864
0.437886 1.08329
0.437842 1.08018
0.437817 1.07707
0.437788 1.07459
0.437772 1.07334
0.437771 1.07272
0.437801 1.07521
0.437828 1.07832
0.437819 1.07645
0.437816 1.07645
0.437769 1.07272
0.437795 1.07272
0.437789 1.07397
0.437776 1.07334
0.43776 1.07148
0.437758 1.07024
0.437741 1.069
0.43777 1.07148
0.437772 1.07272
0.437807 1.07396
0.437816 1.07645
0.43784 1.07707
0.437863 1.08017
0.437872 1.08079
0.437897 1.08203
0.437894 1.08265
0.437889 1.08141
0.437877 1.08141
0.437869 1.08079
0.437861 1.07893
0.437849 1.07893
0.437818 1.07583
0.437827 1.07707
0.437828 1.07769
0.437817 1.07583
0.437793 1.07459
0.437793 1.07397
0.4378 1.07459
0.437815 1.07521
0.437792 1.07336
0.437781 1.07274
0.437764 1.0715
0.437725 1.06779
0.437705 1.06717
0.437687 1.06408
0.437635 1.06099
0.437603 1.05728
0.437609 1.05728
0.437577 1.0548
0.437554 1.05171
0.437565 1.05233
0.437589 1.0548
0.43759 1.05604
0.437612 1.05789
0.437603 1.05604
0.437623 1.05851
0.437636 1.05974
0.437677 1.06221
0.437669 1.06345
0.437669 1.0616
0.437672 1.06221
0.437666 1.06098
0.437647 1.06036
0.437641 1.05975
0.437651 1.05913
0.437679 1.06221
0.43768 1.06283
0.437699 1.06345
0.437711 1.06529
0.437754 1.06776
0.437762 1.06961
0.43777 1.07084
0.437752 1.06899
0.437727 1.06715
0.437735 1.06653
0.437737 1.06653
0.437763 1.06961
0.437767 1.07022
0.437757 1.06961
0.437752 1.06899
0.437762 1.06899
0.437747 1.06838
0.437756 1.06961
0.437711 1.06653
0.437697 1.06407
0.437657 1.06038
0.437677 1.05854
0.43768 1.06161
0.437663 1.061
0.437645 1.05915
0.437661 1.05977
0.437672 1.06161
0.437658 1.06038
0.437626 1.05854
0.437584 1.05301
0.437556 1.05178
0.437535 1.05055
0.437493 1.04625
0.437496 1.04625
0.437476 1.04319
0.437458 1.04257
0.437419 1.0395
0.437369 1.03521
0.437339 1.03214
0.437289 1.02785
0.437247 1.02417
0.437228 1.02233
0.437224 1.02171
0.437199 1.01987
0.437169 1.01681
0.437148 1.01497
0.437144 1.01497
0.437147 1.01558
0.43712 1.01374
0.437093 1.01068
0.437075 1.00639
0.43707 1.00884
0.437097 1.00945
0.437089 1.00945
0.437077 1.00884
0.437086 1.00884
0.437101 1.01007
0.437108 1.01068
0.437126 1.01313
0.437139 1.01313
0.437166 1.01313
0.437214 1.01802
0.43721 1.01924
0.437203 1.01863
0.437188 1.01863
0.437203 1.01924
0.437226 1.02046
0.437236 1.02169
0.437205 1.01924
0.437241 1.02169
0.437228 1.02108
0.43725 1.0223
0.437276 1.02474
0.437284 1.02596
0.437313 1.02718
0.437326 1.02902
0.437341 1.02963
0.437359 1.03146
0.437379 1.0339
0.437378 1.0339
0.437372 1.03207
0.437361 1.03329
0.437345 1.03085
0.437321 1.02841
0.437339 1.03024
0.437316 1.02902
0.437327 1.02841
0.437365 1.03207
0.437413 1.03633
0.437424 1.03694
0.437409 1.03572
0.437439 1.03755
0.437461 1.03999
0.437476 1.04182
0.437468 1.0406
0.437464 1.03999
0.437454 1.03999
0.437443 1.03877
0.437413 1.03634
0.437435 1.03755
0.437458 1.03877
0.43747 1.03877
0.437517 1.04242
0.437545 1.04607
0.437549 1.04729
0.43756 1.0485
0.437538 1.04668
0.437516 1.04364
0.437515 1.04425
0.437514 1.04425
0.43751 1.04364
0.437513 1.04364
0.437543 1.04607
0.437549 1.04668
0.437554 1.04789
0.43759 1.04911
0.437602 1.05154
0.437616 1.05275
0.437621 1.05275
0.437638 1.05457
0.437677 1.05761
0.437738 1.06246
0.437768 1.06489
0.437822 1.06853
0.437846 1.07096
0.437907 1.07581
0.43794 1.07884
0.437958 1.08248
0.438 1.08612
0.438032 1.08733
0.438038 1.08854
0.438046 1.08915
0.438049 1.08915
0.438041 1.08915
0.437992 1.08551
0.437996 1.08551
0.437967 1.08309
0.437934 1.08006
0.437938 1.08006
0.437921 1.07885
0.437933 1.07946
0.43795 1.08127
0.437933 1.07946
0.437938 1.07885
0.437985 1.08188
0.437988 1.08369
0.438013 1.0849
0.438026 1.08732
0.438063 1.08913
0.438087 1.09216
0.438132 1.09458
0.438119 1.09579
0.438114 1.09518
0.438077 1.09155
0.438129 1.09337
0.438141 1.0976
0.438173 1.10001
0.438202 1.10303
0.43823 1.10424
0.438208 1.10303
0.438175 1.10001
0.438145 1.097
0.43813 1.09639
0.438148 1.0976
0.438163 1.0982
0.438167 1.09881
0.438164 1.09881
0.438138 1.097
0.438127 1.097
0.438092 1.09398
0.43806 1.09036
0.438058 1.08916
0.438033 1.08735
0.438007 1.08494
0.438 1.08373
0.438043 1.08675
0.438055 1.08976
0.438087 1.09217
0.438103 1.09337
0.438095 1.09217
0.438075 1.09096
0.438095 1.09217
0.438106 1.09337
0.438107 1.09397
0.438117 1.09458
0.438125 1.09458
0.438138 1.09638
0.43816 1.09758
0.438177 1.09939
0.438229 1.1018
0.43824 1.1048
0.438242 1.1048
0.438237 1.1048
0.438239 1.1036
0.438227 1.1042
0.438242 1.1042
0.438263 1.106
0.438272 1.10781
0.438317 1.11141
0.438335 1.11261
0.438353 1.11382
0.438369 1.11502
0.438378 1.11682
0.438383 1.11802
0.438381 1.11682
0.438383 1.11622
0.438391 1.11802
0.438405 1.11922
0.438385 1.11802
0.438373 1.11622
0.438352 1.11382
0.438352 1.11442
0.438384 1.11622
0.438393 1.11802
0.438409 1.11802
0.438418 1.12102
0.438437 1.12102
0.438433 1.12102
0.438451 1.12221
0.438472 1.12341
0.438496 1.12581
0.438513 1.1282
0.438519 1.12761
0.43852 1.1288
0.438542 1.13
0.438559 1.1312
0.438554 1.1312
0.438552 1.1312
0.43859 1.13419
0.438613 1.13539
0.438637 1.13718
0.43864 1.13898
0.438631 1.13838
0.438606 1.13599
0.438601 1.13539
0.4386 1.13479
0.438604 1.13599
0.438614 1.13479
0.438617 1.13659
0.438626 1.13718
0.43863 1.13838
0.438665 1.14017
0.438635 1.13898
0.438632 1.13718
0.43858 1.1342
0.438582 1.1342
0.438592 1.13479
0.438589 1.1342
0.438575 1.1336
0.438565 1.13241
0.438524 1.12883
0.438488 1.12584
0.438469 1.12345
0.43844 1.12166
0.438425 1.11988
0.438476 1.12345
0.438479 1.12524
0.438468 1.12345
0.438455 1.12345
0.438448 1.12167
0.438428 1.12107
0.438401 1.11809
0.438418 1.11809
0.438453 1.11928
0.438462 1.12286
0.438442 1.12166
0.43845 1.12107
0.438447 1.12047
0.438433 1.11988
0.438464 1.12226
0.438435 1.12107
0.43843 1.11988
0.438374 1.11571
0.438375 1.11393
0.43835 1.11333
0.438312 1.10976
0.438288 1.10738
0.438301 1.10798
0.438297 1.10679
0.438276 1.10619
0.438273 1.1056
0.438243 1.10322
0.438232 1.10203
0.438207 1.09965
0.438204 1.09965
0.438207 1.09965
0.438193 1.09906
0.438182 1.09787
0.438183 1.09787
0.438174 1.09668
0.438174 1.09728
0.438176 1.09668
0.438208 1.09847
0.438244 1.10262
0.43826 1.1044
0.43823 1.10203
0.43821 1.09965
0.438203 1.09906
0.438201 1.09847
0.438199 1.09906
0.438225 1.10084
0.438215 1.09965
0.438216 1.10025
0.438201 1.09906
0.438209 1.09965
0.438208 1.09965
0.438198 1.09906
0.438203 1.09906
0.438209 1.09788
0.438207 1.09906
0.438211 1.09965
0.438212 1.10025
0.438193 1.09847
0.438181 1.09729
0.438179 1.09669
0.43815 1.09433
0.438133 1.09314
0.438138 1.09314
0.438136 1.09196
0.438129 1.09196
0.438139 1.09314
0.438132 1.09314
0.438106 1.09018
0.438078 1.08723
0.438057 1.08545
0.438038 1.08427
0.438037 1.08368
0.438056 1.08604
0.438061 1.08604
0.438053 1.08604
0.438052 1.08545
0.438042 1.08427
0.438029 1.08309
0.438028 1.08191
0.438044 1.08368
0.438051 1.08368
0.438052 1.08486
0.438071 1.08604
0.438063 1.08545
0.438071 1.08663
0.438082 1.08722
0.438088 1.08722
0.438096 1.0884
0.438088 1.08722
0.438079 1.08722
0.438091 1.08781
0.438075 1.08722
0.438067 1.08604
0.438073 1.08781
0.438076 1.08663
0.438059 1.08546
0.438019 1.08133
0.438014 1.08133
0.438017 1.08192
0.437999 1.07839
0.437982 1.07839
0.437983 1.07839
0.43799 1.07956
0.437997 1.07956
0.43804 1.08133
0.438082 1.08427
0.438072 1.08604
0.438078 1.08604
0.438076 1.08604
0.438076 1.08604
0.43808 1.08604
0.438053 1.08486
0.438056 1.08369
0.438074 1.08604
0.438061 1.08486
0.438047 1.08427
0.438031 1.08251
0.438035 1.08192
0.438054 1.08369
0.438052 1.08486
0.438056 1.08427
0.438076 1.08603
0.438082 1.08603
0.43811 1.08721
0.438102 1.0878
0.438122 1.08897
0.438121 1.0878
0.438122 1.08956
0.438083 1.08662
0.438074 1.08545
0.438048 1.0831
0.438043 1.08252
0.438061 1.08369
0.438038 1.08252
0.438013 1.08017
0.438028 1.08134
0.438011 1.07958
0.437989 1.07841
0.437972 1.07607
0.437946 1.07372
0.437924 1.07196
0.437947 1.07255
0.43795 1.07372
0.437948 1.07372
0.437943 1.07372
0.437949 1.07314
0.43796 1.07372
0.437958 1.07489
0.437945 1.07372
0.437958 1.07372
0.437937 1.07255
0.437944 1.07255
0.437951 1.07314
0.437952 1.07372
0.437935 1.07255
0.437963 1.07489
0.437973 1.07489
0.437983 1.07665
0.438009 1.07898
0.438014 1.07782
0.438049 1.08249
0.438061 1.08366
0.438054 1.08308
0.438034 1.08074
0.438005 1.0784
0.437977 1.07548
0.437989 1.07665
0.437956 1.07373
0.437955 1.07315
0.437953 1.07315
0.437947 1.07315
0.437932 1.07198
0.437948 1.07256
0.437965 1.07431
0.437944 1.07256
0.437934 1.07081
0.437935 1.07198
0.437963 1.07373
0.437952 1.07198
0.437963 1.07373
0.437954 1.07314
0.437924 1.07081
0.437901 1.06906
0.437861 1.06498
0.437864 1.06498
0.437885 1.06673
0.437888 1.06673
0.437896 1.0679
0.437906 1.06731
0.437918 1.06906
0.43793 1.07023
0.437948 1.07197
0.437951 1.07256
0.43798 1.07488
0.438001 1.07663
0.438036 1.07896
0.438052 1.08129
0.438047 1.0807
0.438069 1.08245
0.438066 1.08187
0.438081 1.08245
0.4381 1.08536
0.438119 1.08652
0.43817 1.08943
0.438179 1.09234
0.438204 1.09466
0.438263 1.09699
0.438273 1.10047
0.438281 1.10047
0.438289 1.10222
0.438291 1.1028
0.438325 1.10454
0.438328 1.10512
0.438314 1.10396
0.438316 1.10222
0.438319 1.10512
0.438319 1.10454
0.438287 1.10222
0.438266 1.0999
0.438283 1.10048
0.438273 1.10048
0.438256 1.09932
0.43822 1.09583
0.438226 1.09525
0.438227 1.09641
0.438223 1.09525
0.438228 1.09641
0.438267 1.09873
0.438257 1.09873
0.438251 1.09873
0.438238 1.09699
0.438227 1.09584
0.438204 1.09468
0.438191 1.09236
0.438176 1.0912
0.438157 1.08888
0.438159 1.09004
0.438184 1.09062
0.438205 1.0941
0.438162 1.09062
0.438134 1.08773
0.438139 1.08773
0.438132 1.08715
0.438115 1.08599
0.438117 1.08657
0.438087 1.08426
0.438085 1.08194
0.438094 1.08368
0.438065 1.08137
0.438062 1.08021
0.43807 1.08137
0.438078 1.08252
0.438092 1.0831
0.438119 1.08657
0.438126 1.08772
0.438136 1.08714
0.438111 1.08541
0.438087 1.08368
0.438078 1.08195
0.438108 1.08426
0.438101 1.08368
0.438105 1.08368
0.438136 1.08714
0.438094 1.08426
0.438091 1.08368
0.438083 1.08195
0.438077 1.08137
0.438113 1.08426
0.438127 1.08541
0.438122 1.08599
0.438123 1.08483
0.438119 1.08483
0.438124 1.08599
0.438138 1.08656
0.438137 1.08714
0.438147 1.08714
0.438126 1.08541
0.438131 1.08656
0.438152 1.08771
0.438169 1.09002
0.438191 1.08944
0.438186 1.09059
0.438191 1.09117
0.438191 1.09117
0.438201 1.09117
0.438208 1.09232
0.438184 1.09117
0.438185 1.09002
0.438166 1.09002
0.438168 1.08944
0.438183 1.08944
0.438186 1.09059
0.438192 1.09117
0.438208 1.0929
0.438241 1.09462
0.438244 1.09462
0.43827 1.09692
0.438299 1.10037
0.438326 1.10209
0.438344 1.10439
0.438356 1.10439
0.438363 1.10611
0.438354 1.10554
0.438357 1.10497
0.43837 1.10669
0.438367 1.10669
0.438316 1.1021
0.43831 1.1021
0.438278 1.09865
0.438242 1.09578
0.438224 1.09406
0.438201 1.09176
0.438157 1.08832
0.438118 1.08431
0.438106 1.08373
0.438109 1.08373
0.438093 1.08201
0.438061 1.07972
0.438065 1.07857
0.438037 1.07743
0.438036 1.07628
0.438026 1.07628
0.438049 1.07743
0.438067 1.07972
0.438044 1.07743
0.438032 1.07571
0.438053 1.078
0.438042 1.07743
0.438079 1.07914
0.438085 1.08029
0.438088 1.08029
0.438091 1.08086
0.438083 1.08143
0.438075 1.07972
0.438034 1.07686
0.438046 1.07628
0.43804 1.07686
0.438041 1.07628
0.438043 1.07628
0.438035 1.07628
0.438022 1.07514
0.438035 1.07514
0.438004 1.07342
0.437981 1.07114
0.437972 1.07
0.437954 1.06942
0.437972 1.06942
0.437982 1.07057
0.437991 1.07057
0.438002 1.07114
0.438038 1.07628
0.438077 1.07856
0.438103 1.08199
0.43812 1.0837
0.43811 1.08256
0.438118 1.08199
0.438133 1.08484
0.438155 1.08598
0.438148 1.08598
0.438163 1.08712
0.43817 1.08769
0.43815 1.08655
0.438159 1.08712
0.438143 1.08541
0.438112 1.08085
0.438103 1.08199
0.438113 1.08199
0.43811 1.08256
0.438133 1.0837
0.438143 1.0837
0.438176 1.08769
0.438202 1.08769
0.438196 1.08997
0.43822 1.09054
0.438236 1.09282
0.43824 1.09225
0.438253 1.09395
0.438248 1.09452
0.438242 1.09339
0.438266 1.09452
0.438271 1.09623
0.43828 1.09623
0.438284 1.09794
0.438273 1.09623
0.438273 1.09623
0.438274 1.09566
0.438227 1.09282
0.438219 1.09168
0.438228 1.09168
0.438247 1.09282
0.438239 1.09282
0.438268 1.09566
0.438279 1.09623
0.438276 1.09566
0.438298 1.09793
0.438301 1.0985
0.438314 1.09907
0.438317 1.09907
0.438302 1.0985
0.438311 1.09907
0.438298 1.09793
0.438303 1.0985
0.438319 1.0985
0.43832 1.09964
0.43831 1.09907
0.438322 1.0985
0.438333 1.10077
0.438347 1.10134
0.438363 1.10304
0.438376 1.10417
0.43838 1.10474
0.43837 1.10361
0.438379 1.10474
0.438378 1.10587
0.438387 1.10531
0.438391 1.10474
0.43842 1.10701
0.438437 1.10984
0.438429 1.10871
0.438421 1.10927
0.438405 1.10757
0.438415 1.10757
0.438383 1.10531
0.438385 1.10531
0.438419 1.10644
0.438441 1.1104
0.438424 1.1087
0.438392 1.10588
0.438391 1.10531
0.438369 1.10418
0.438385 1.10418
0.438392 1.10588
0.438386 1.10531
0.438344 1.10135
0.438309 1.09852
0.438304 1.09739
0.43833 1.09909
0.438358 1.10192
0.43838 1.10418
0.438379 1.10305
0.438387 1.10474
0.438392 1.10531
0.438397 1.10531
0.438423 1.107
0.438421 1.107
0.43843 1.10869
0.43844 1.10926
0.438433 1.10926
0.438436 1.10757
0.438458 1.10926
0.438477 1.11208
0.438482 1.11264
0.438482 1.11264
0.438484 1.11208
0.438479 1.11264
0.438485 1.11321
0.438484 1.11321
0.438457 1.11095
0.43847 1.11208
0.438474 1.11152
0.438487 1.11264
0.438452 1.11039
0.438401 1.10588
0.438388 1.10475
0.438353 1.10137
0.438343 1.10081
0.438308 1.09743
0.438299 1.09631
0.438258 1.09293
0.438257 1.0918
0.438241 1.09124
0.438238 1.09011
0.43821 1.08842
0.438207 1.08673
0.438204 1.08842
0.438198 1.08673
0.438191 1.08617
0.438177 1.08505
0.438168 1.08392
0.438161 1.08336
0.438149 1.0828
0.438147 1.08167
0.43813 1.08167
0.438104 1.07886
0.438077 1.07661
0.438054 1.07437
0.438046 1.07324
0.438017 1.071
0.438025 1.071
0.438055 1.07268
0.438032 1.07268
0.438033 1.07156
0.437992 1.06875
0.437989 1.06763
0.437979 1.06763
0.437963 1.06594
0.43796 1.06426
0.437944 1.06426
0.437923 1.06201
0.437958 1.06538
0.438001 1.06819
0.438025 1.07043
0.438015 1.07043
0.438006 1.06931
0.437971 1.06707
0.437966 1.06594
0.437987 1.06706
0.438023 1.06875
0.438018 1.07043
0.438041 1.07155
0.438063 1.07379
0.438094 1.07715
0.43811 1.07771
0.438099 1.07771
0.438109 1.07827
0.438101 1.07771
0.438079 1.07491
0.438071 1.07435
0.438063 1.07379
0.438041 1.07211
0.438025 1.07099
0.438058 1.07211
0.438072 1.07491
0.438097 1.07603
0.438083 1.07491
0.438097 1.07603
0.438118 1.07827
0.43813 1.07939
0.43815 1.08106
0.438185 1.0833
0.438196 1.08498
0.438203 1.08609
0.438222 1.08721
0.438248 1.08945
0.438279 1.09112
0.438293 1.09336
0.438304 1.09448
0.438305 1.09559
0.438283 1.09336
0.438269 1.0928
0.438268 1.09168
0.438284 1.0928
0.438244 1.08945
0.438198 1.08666
0.43819 1.08443
0.43818 1.08331
0.438167 1.08275
0.438161 1.0822
0.438133 1.07941
0.438147 1.08052
0.438149 1.08052
0.438197 1.08331
0.438199 1.08498
0.438212 1.08666
0.438213 1.0861
0.438208 1.08666
0.438201 1.08498
0.43817 1.08275
0.438163 1.08164
0.438161 1.08164
0.438133 1.07941
0.438125 1.07885
0.438099 1.07607
0.438082 1.07551
0.438053 1.07217
0.438024 1.06995
0.438018 1.06939
0.438029 1.06995
0.438013 1.06883
0.438012 1.06772
0.438035 1.06939
0.438058 1.07161
0.438062 1.07273
0.438098 1.07439
0.438131 1.07773
0.438139 1.07829
0.438132 1.07829
0.438133 1.07829
0.438152 1.07996
0.43815 1.08051
0.438148 1.0794
0.438135 1.07829
0.438145 1.07829
0.43815 1.07996
0.438128 1.07829
0.438103 1.07607
0.438055 1.07218
0.438012 1.06885
0.43799 1.06552
0.437996 1.06607
0.437997 1.06663
0.437981 1.06496
0.437973 1.06441
0.437965 1.06274
0.437979 1.06441
0.437973 1.06385
0.437977 1.06385
0.43798 1.06496
0.437987 1.06496
0.437965 1.06385
0.437968 1.0633
0.437934 1.06108
0.437906 1.05886
0.437898 1.0572
0.437899 1.0572
0.437895 1.05664
0.437902 1.05609
0.437899 1.05664
0.437925 1.05886
0.437986 1.06329
0.438027 1.06661
0.438031 1.06828
0.438045 1.06938
0.438054 1.07104
0.438036 1.06828
0.438039 1.06883
0.438039 1.06883
0.438034 1.06828
0.438042 1.06938
0.438055 1.07104
0.438109 1.07436
0.438084 1.07326
0.438066 1.07104
0.438066 1.0716
0.438048 1.06994
0.438024 1.06773
0.438 1.06607
0.437987 1.06496
0.437971 1.06275
0.437958 1.06165
0.437949 1.06109
0.437969 1.06165
0.437979 1.0633
0.437949 1.06165
0.437941 1.05889
0.437958 1.06165
0.437951 1.05999
0.437942 1.05889
0.437956 1.06109
0.437954 1.06109
0.437946 1.05999
0.43796 1.06165
0.437973 1.0622
0.43797 1.0622
0.437999 1.0644
0.437992 1.0644
0.437978 1.06275
0.437992 1.0644
0.438003 1.06496
0.438004 1.0644
0.438 1.06496
0.437978 1.0622
0.437993 1.06385
0.438002 1.06385
0.438016 1.06606
0.438041 1.06826
0.438035 1.06771
0.438038 1.06826
0.438027 1.06771
0.437994 1.06496
0.437964 1.0611
0.43794 1.0589
0.437915 1.0567
0.437872 1.05339
0.437863 1.05229
0.437814 1.04789
0.437772 1.04404
0.437748 1.04239
0.437713 1.03964
0.437676 1.03524
0.437664 1.03414
0.43769 1.03579
0.437672 1.03469
0.43767 1.03469
0.437658 1.03359
0.437679 1.03469
0.437721 1.03853
0.437706 1.03853
0.437685 1.03634
0.437686 1.03579
0.437709 1.03798
0.437723 1.03963
0.437684 1.03579
0.437668 1.03414
0.437666 1.03414
0.437644 1.03194
0.437632 1.03085
0.437639 1.03085
0.437641 1.03139
0.43766 1.03249
0.437644 1.03085
0.437638 1.03085
0.437651 1.03194
0.437637 1.03139
0.437612 1.02975
0.437598 1.02701
0.437594 1.02646
0.437585 1.02536
0.437572 1.02427
0.437591 1.02536
0.437593 1.02646
0.4376 1.02701
0.437589 1.02646
0.43758 1.02481
0.437566 1.02481
0.437578 1.02536
0.437597 1.02646
0.437583 1.02591
0.437577 1.02481
0.437607 1.02591
0.437636 1.02974
0.437636 1.03084
0.437633 1.03029
0.437631 1.02974
0.437646 1.03029
0.437653 1.03138
0.437647 1.03084
0.437645 1.03138
0.43763 1.0292
0.437645 1.03084
0.43767 1.03193
0.437681 1.03302
0.437687 1.03466
0.4377 1.03576
0.437682 1.03412
0.437674 1.03302
0.437643 1.03084
0.437635 1.0292
0.43763 1.02975
0.437623 1.02865
0.437612 1.02756
0.437611 1.02701
0.437637 1.02811
0.437648 1.02975
0.437653 1.03084
0.437686 1.03411
0.437703 1.03411
0.437711 1.0363
0.437713 1.0352
0.437715 1.0363
0.437699 1.03466
0.437709 1.0352
0.437708 1.03575
0.437722 1.03684
0.437777 1.03793
0.437788 1.04175
0.437808 1.04393
0.437827 1.04611
0.437822 1.04557
0.437835 1.04666
0.437821 1.04557
0.437833 1.04557
0.437847 1.0472
0.437848 1.04884
0.437834 1.04666
0.437843 1.04775
0.437829 1.04611
0.437808 1.04448
0.43781 1.04393
0.437812 1.04502
0.437839 1.0472
0.437848 1.04774
0.437803 1.04448
0.437813 1.04393
0.43784 1.04557
0.437855 1.04666
0.437863 1.04883
0.437862 1.04829
0.437855 1.04774
0.437878 1.04937
0.437904 1.05209
0.437916 1.05373
0.437927 1.05373
0.437951 1.05481
0.437963 1.05753
0.438005 1.05916
0.438037 1.06351
0.438056 1.06622
0.438057 1.06622
0.438056 1.06622
0.438093 1.06785
0.438103 1.07111
0.438105 1.06894
0.438101 1.07003
0.438107 1.07057
0.438114 1.07003
0.438105 1.07057
0.438101 1.07003
0.438088 1.06894
0.438093 1.06894
0.438098 1.06894
0.438097 1.06894
0.438098 1.07003
0.438076 1.06786
0.438084 1.06731
0.438096 1.0684
0.438083 1.06786
0.43809 1.06786
0.438079 1.06731
0.438067 1.06515
0.438074 1.06731
0.438094 1.06948
0.438087 1.0684
0.438121 1.07057
0.438136 1.07219
0.43812 1.07219
0.438095 1.0684
0.438097 1.06894
0.438065 1.06569
0.438065 1.06678
0.438062 1.06515
0.43806 1.06515
0.438072 1.06677
0.438086 1.06732
0.438087 1.06786
0.438088 1.06786
0.438076 1.06677
0.438071 1.06623
0.438075 1.06677
0.438056 1.06515
0.43803 1.06245
0.438005 1.06083
0.43801 1.06083
0.438031 1.06245
0.438027 1.06245
0.43804 1.06353
0.438008 1.06137
0.438025 1.06191
0.438029 1.06191
0.438003 1.06029
0.437994 1.05921
0.437981 1.05813
0.437964 1.05651
0.437951 1.05543
0.437924 1.05327
0.437933 1.05327
0.437916 1.05219
0.437901 1.05057
0.437862 1.04679
0.437833 1.04409
0.437831 1.04463
0.437815 1.04247
0.437828 1.04301
0.437835 1.04409
0.437851 1.04409
0.437876 1.04679
0.437888 1.04895
0.437841 1.04517
0.437839 1.04409
0.437837 1.04463
0.437843 1.04409
0.437826 1.04356
0.437807 1.04194
0.43781 1.04032
0.43784 1.04248
0.437864 1.04517
0.437896 1.0484
0.437887 1.04948
0.437866 1.04679
0.437863 1.04571
0.437872 1.04679
0.437832 1.04463
0.437807 1.0414
0.437772 1.03818
0.437746 1.03548
0.437747 1.03548
0.437767 1.03764
0.437809 1.04086
0.437824 1.04248
0.437847 1.04463
0.437842 1.04463
0.437828 1.04302
0.437841 1.04355
0.437846 1.04463
0.43787 1.0457
0.437862 1.0457
0.437853 1.04517
0.437866 1.0457
0.437868 1.0457
0.437892 1.04839
0.437908 1.05
0.437912 1.05
0.43791 1.05
0.437934 1.05107
0.437932 1.05215
0.437936 1.05215
0.43794 1.05215
0.437949 1.05376
0.437969 1.05483
0.437979 1.05591
0.43798 1.05591
0.437957 1.05483
0.437973 1.05483
0.437983 1.05644
0.437988 1.05644
0.437959 1.0543
0.437928 1.05162
0.437902 1.04893
0.437881 1.04679
0.437904 1.04893
0.437924 1.05001
0.43791 1.04893
0.437901 1.0484
0.437873 1.04626
0.437873 1.04572
0.437895 1.04679
0.437881 1.04733
0.437913 1.0484
0.437945 1.05161
0.437972 1.05375
0.438004 1.05643
0.438037 1.05964
0.438039 1.06071
0.43806 1.06232
0.438069 1.06339
0.438054 1.06232
0.43806 1.06285
0.438065 1.06285
0.438061 1.06285
0.438037 1.06071
0.438001 1.05804
0.437981 1.05537
0.437945 1.05269
0.437917 1.05002
0.437893 1.04788
0.437892 1.04735
0.437912 1.04842
0.437909 1.04895
0.437914 1.04895
0.437916 1.04948
0.437918 1.04948
0.437914 1.04788
0.437889 1.04735
0.437863 1.04468
0.437851 1.04361
0.437822 1.04094
0.437796 1.03827
0.437765 1.0356
0.437764 1.03507
0.437777 1.03614
0.437768 1.03507
0.437767 1.0356
0.437781 1.0356
0.437801 1.03827
0.437805 1.03827
0.437799 1.03827
0.437786 1.03774
0.437777 1.03614
0.437764 1.03454
0.43775 1.034
0.437728 1.03187
0.437748 1.03294
0.437757 1.03454
0.437746 1.03347
0.437739 1.03294
0.437746 1.03294
0.437745 1.03347
0.437765 1.034
