0.44005 1.05684
0.439995 1.0522
0.439926 1.04664
0.439831 1.04015
0.439875 1.04108
0.439794 1.03738
0.439739 1.03275
0.439718 1.03089
0.43971 1.03089
0.439717 1.03089
0.439754 1.03367
0.439746 1.03182
0.439731 1.03182
0.439723 1.03182
0.439708 1.02997
0.439629 1.02443
0.439586 1.01981
0.439488 1.01334
0.43941 1.00872
0.439403 1.00688
0.439364 1.00226
0.439405 1.00687
0.439325 1.00226
0.439282 0.997649
0.439273 0.995804
0.439293 0.99857
0.439264 0.996727
0.439293 0.997648
0.439295 0.99857
0.439345 1.00133
0.439347 1.00225
0.439325 1.00041
0.439377 1.00225
0.43934 1.00225
0.439314 1.00041
0.439314 0.999494
0.439309 0.998574
0.439281 0.997654
0.439345 1.00041
0.439339 1.00133
0.439318 0.999494
0.439359 1.00133
0.439382 1.00501
0.439439 1.00592
0.439475 1.01051
0.439548 1.01419
0.439598 1.01969
0.439662 1.02428
0.439755 1.02978
0.439753 1.03345
0.439737 1.02978
0.43977 1.03437
0.439812 1.03712
0.439789 1.0362
0.439799 1.03711
0.439787 1.0362
0.439763 1.03162
0.439756 1.03162
0.439681 1.02796
0.439653 1.02613
0.439669 1.02613
0.439715 1.02979
0.439702 1.02887
0.439699 1.02887
0.439694 1.02887
0.439748 1.0307
0.439765 1.03253
0.439776 1.03344
0.439774 1.03344
0.439784 1.03527
0.43978 1.03344
0.439817 1.03618
0.439856 1.04074
0.4399 1.04257
0.439904 1.04348
0.439919 1.04348
0.439914 1.0453
0.439887 1.04257
0.439835 1.03892
0.439827 1.03801
0.439879 1.04074
0.43988 1.04256
0.439887 1.04256
0.439849 1.03983
0.439894 1.04256
0.43988 1.04256
0.439871 1.03984
0.439868 1.04165
0.43981 1.03711
0.439756 1.03256
0.439713 1.02984
0.439679 1.02621
0.439699 1.02802
0.439748 1.03075
0.439812 1.03347
0.439841 1.03801
0.439919 1.04436
0.439966 1.04799
0.439931 1.04436
0.439911 1.04436
0.439881 1.04255
0.439887 1.04164
0.439893 1.04345
0.439882 1.04255
0.439867 1.04164
0.439857 1.04074
0.439865 1.03983
0.439903 1.04345
0.439906 1.04436
0.439851 1.04074
0.439919 1.04164
0.439935 1.04616
0.44 1.05068
0.439979 1.04888
0.440019 1.05159
0.440033 1.05339
0.43999 1.05068
0.439961 1.04707
0.439979 1.04888
0.439969 1.04888
0.439912 1.04527
0.439946 1.04617
0.439947 1.04707
0.439949 1.04617
0.439932 1.04617
0.439878 1.04346
0.439789 1.03625
0.439735 1.03085
0.439657 1.02544
0.439623 1.02184
0.439676 1.02634
0.439746 1.02904
0.43973 1.03174
0.439679 1.02814
0.439629 1.02364
0.439694 1.02544
0.439711 1.02814
0.439708 1.02814
0.439727 1.02904
0.439767 1.03264
0.439766 1.03264
0.43972 1.03174
0.439631 1.02455
0.439578 1.01916
0.439536 1.01557
0.43953 1.01557
0.439495 1.01288
0.439516 1.01378
0.43946 1.00929
0.439468 1.01019
0.439452 1.01019
0.439472 1.01109
0.439457 1.01019
0.439413 1.00661
0.439462 1.00929
0.439453 1.00661
0.439495 1.01019
0.439511 1.01377
0.439476 1.01108
0.439451 1.00929
0.439448 1.00751
0.439401 1.00572
0.439383 1.00393
0.439332 1.00125
0.439312 0.999458
0.439318 0.998565
0.439313 0.998565
0.439306 0.998565
0.43936 1.00214
0.439399 1.00392
0.439371 1.00392
0.439306 0.997675
0.439312 0.998567
0.439277 0.995891
0.439242 0.993216
0.439227 0.991432
0.439232 0.991432
0.439204 0.991432
0.439241 0.992323
0.439197 0.989651
0.43917 0.986979
0.43921 0.98965
0.439181 0.98876
0.439186 0.98876
0.439193 0.98876
0.439181 0.98787
0.439137 0.984312
0.439122 0.984312
0.439163 0.984312
0.439158 0.98609
0.439117 0.983423
0.439099 0.982535
0.439128 0.982535
0.439128 0.985199
0.439131 0.984311
0.439202 0.987863
0.43918 0.98875
0.439199 0.987863
0.439265 0.993186
0.439292 0.99496
0.439343 0.999395
0.43936 1.00028
0.439385 1.00294
0.439446 1.00737
0.439497 1.0118
0.439514 1.01269
0.439544 1.01535
0.439536 1.01535
0.439496 1.0118
0.439504 1.01269
0.439536 1.01357
0.439549 1.01711
0.439557 1.01623
0.439534 1.01446
0.439551 1.01623
0.439585 1.01888
0.439573 1.01888
0.439567 1.01711
0.439549 1.01535
0.439531 1.01446
0.439495 1.01181
0.439462 1.00828
0.439471 1.01005
0.439448 1.00828
0.439358 1.00122
0.439375 1.00211
0.439386 1.00299
0.439345 0.99858
0.439352 1.00034
0.439407 1.00387
0.439396 1.00299
0.439424 1.00563
0.439503 1.01091
0.439463 1.00915
0.439491 1.01091
0.439519 1.01355
0.43957 1.01619
0.439584 1.01707
0.43953 1.01356
0.439564 1.01707
0.439565 1.01707
0.439625 1.01971
0.439623 1.02147
0.43964 1.02235
0.439666 1.0241
0.439675 1.02586
0.43973 1.0285
0.439724 1.02937
0.439745 1.03025
0.439758 1.03025
0.439781 1.03288
0.439784 1.03376
0.439786 1.03464
0.439751 1.03201
0.439702 1.02762
0.439715 1.0285
0.439724 1.02762
0.439665 1.025
0.439616 1.02149
0.439579 1.01799
0.439563 1.01624
0.439569 1.01711
0.439559 1.01624
0.439532 1.01449
0.43956 1.01536
0.439532 1.01361
0.439507 1.01187
0.439498 1.01099
0.439481 1.00924
0.439515 1.01187
0.439534 1.01274
0.439528 1.01449
0.439543 1.01536
0.439618 1.0171
0.439632 1.0206
0.439638 1.02234
0.439645 1.02234
0.439667 1.02409
0.439603 1.0206
0.439579 1.01711
0.439578 1.01624
0.439577 1.01711
0.439546 1.01537
0.439599 1.01798
0.439624 1.02059
0.439617 1.01972
0.439609 1.01972
0.439653 1.02233
0.439658 1.02233
0.439686 1.02494
0.439668 1.02407
0.439718 1.02842
0.439763 1.0319
0.439834 1.03625
0.43984 1.03625
0.439869 1.03799
0.439932 1.04233
0.43993 1.04494
0.439934 1.04407
0.439963 1.0458
0.440004 1.04754
0.440041 1.05362
0.440025 1.05188
0.440034 1.05362
0.440049 1.05188
0.440075 1.05448
0.440118 1.05795
0.440137 1.05882
0.440174 1.06402
0.440151 1.05968
0.440134 1.05882
0.440126 1.05882
0.440126 1.05882
0.440199 1.06315
0.440257 1.06747
0.440319 1.07353
0.440346 1.0744
0.440407 1.08045
0.440474 1.08478
0.440501 1.08651
0.440539 1.08996
0.440578 1.09429
0.44062 1.09688
0.440649 1.10033
0.440627 1.09774
0.440654 1.10033
0.440651 1.10033
0.440619 1.09861
0.44062 1.09774
0.440602 1.09688
0.440603 1.09602
0.440592 1.09516
0.440586 1.09516
0.440554 1.09171
0.440545 1.09171
0.440545 1.09343
0.440548 1.09171
0.440508 1.08998
0.440511 1.08912
0.440451 1.08568
0.440434 1.08396
0.440395 1.08051
0.44034 1.07707
0.440285 1.07277
0.440275 1.07191
0.440225 1.06847
0.44022 1.06589
0.440237 1.06675
0.440179 1.06331
0.440175 1.06331
0.440236 1.06675
0.440296 1.07276
0.440334 1.0762
0.440346 1.07706
0.44036 1.07706
0.440351 1.0762
0.44038 1.07877
0.440383 1.07963
0.44039 1.07963
0.440411 1.0822
0.44038 1.08049
0.440355 1.07706
0.44032 1.0762
0.440305 1.07449
0.4403 1.07363
0.440337 1.07706
0.440287 1.07278
0.44029 1.07278
0.440265 1.07106
0.440277 1.07106
0.440309 1.07449
0.440332 1.07534
0.440346 1.0762
0.440338 1.0762
0.440353 1.07791
0.440347 1.07791
0.440349 1.0762
0.440317 1.07449
0.440278 1.07278
0.440282 1.07107
0.440354 1.07534
0.440343 1.0762
0.440286 1.07278
0.440292 1.07278
0.440288 1.07363
0.440271 1.07193
0.440233 1.06852
0.440204 1.06596
0.440173 1.06426
0.440183 1.0634
0.440156 1.0617
0.44015 1.0617
0.440112 1.06
0.440111 1.05915
0.440053 1.05574
0.440034 1.05234
0.440062 1.05489
0.439993 1.05149
0.439948 1.04723
0.439881 1.04128
0.439856 1.03788
0.439869 1.04043
0.439833 1.03703
0.439847 1.03873
0.439818 1.03533
0.43983 1.03703
0.43981 1.03533
0.439795 1.03533
0.439735 1.03024
0.439663 1.02515
0.439581 1.01836
0.439487 1.01072
0.439461 1.00818
0.439459 1.00818
0.439424 1.00479
0.439421 1.00479
0.439394 1.00394
0.43936 1.00055
0.43937 1.0014
0.439358 1.00055
0.4394 1.00394
0.439383 1.0014
0.439354 0.999706
0.439348 0.999706
0.439305 0.996321
0.439323 0.997167
0.439321 0.997167
0.439356 0.998858
0.439384 1.00139
0.439383 1.00308
0.439425 1.00562
0.439454 1.00646
0.439496 1.01153
0.439557 1.01322
0.439533 1.01407
0.439509 1.01153
0.439555 1.01491
0.43959 1.01744
0.439608 1.01744
0.439635 1.01997
0.439618 1.01997
0.439586 1.01829
0.4396 1.01913
0.439555 1.0166
0.439519 1.01239
0.439587 1.01576
0.439623 1.01997
0.43967 1.02334
0.439709 1.02502
0.439733 1.02839
0.439745 1.02923
0.439782 1.03175
0.439798 1.03428
0.439798 1.03428
0.439797 1.03512
0.439827 1.03512
0.439864 1.03764
0.439889 1.041
0.439863 1.03848
0.439912 1.041
0.439982 1.04772
0.439986 1.04856
0.440015 1.05024
0.439994 1.0494
0.440017 1.05108
0.44008 1.0536
0.440102 1.05611
0.440139 1.05863
0.440186 1.06282
0.440243 1.0645
0.440291 1.06953
0.440343 1.07707
0.440336 1.07707
0.440295 1.07456
0.440311 1.07456
0.440323 1.0754
0.440333 1.07623
0.440324 1.07456
0.440371 1.07791
0.440443 1.08209
0.440525 1.08711
0.440543 1.09045
0.440562 1.0938
0.440581 1.09547
0.440589 1.09547
0.440535 1.09296
0.440561 1.09213
0.440594 1.09296
0.440659 1.10048
0.440778 1.10549
0.440832 1.11217
0.4409 1.11801
0.440915 1.11968
0.440952 1.12385
0.440906 1.12052
0.440892 1.11968
0.440882 1.11885
0.440856 1.11635
0.440882 1.11968
0.440856 1.11635
0.440847 1.11635
0.44081 1.11468
0.440798 1.11302
0.440842 1.11552
0.440865 1.11635
0.440878 1.11885
0.440889 1.11968
0.440824 1.11468
0.440789 1.11219
0.440745 1.10886
0.440714 1.10554
0.440714 1.10554
0.44069 1.1047
0.440644 1.10138
0.440636 1.10055
0.440633 1.09889
0.44066 1.10055
0.440687 1.10304
0.440782 1.10885
0.440841 1.11383
0.440864 1.11881
0.440871 1.11798
0.440872 1.11798
0.440904 1.11964
0.440884 1.11964
0.440852 1.11798
0.440888 1.12047
0.440885 1.11964
0.440921 1.12213
0.440946 1.12461
0.440937 1.12461
0.440953 1.12627
0.440926 1.12296
0.440909 1.1213
0.440871 1.11965
0.440897 1.12213
0.440896 1.1213
0.440864 1.11965
0.440835 1.11717
0.440807 1.11386
0.440795 1.11303
0.440802 1.11303
0.440749 1.10973
0.440722 1.10725
0.440684 1.10477
0.440655 1.10229
0.440695 1.10312
0.440715 1.1056
0.440683 1.10477
0.440628 1.10229
0.440607 1.09817
0.440586 1.09734
0.440543 1.09487
0.440497 1.09157
0.440463 1.08745
0.440429 1.0858
0.440441 1.0858
0.440438 1.08498
0.440394 1.08251
0.440446 1.08415
0.440472 1.08827
0.440501 1.08909
0.440484 1.08909
0.440491 1.08745
0.440464 1.08827
0.440435 1.0858
0.440369 1.08169
0.440295 1.07511
0.440251 1.071
0.440231 1.06854
0.440204 1.06689
0.440166 1.06607
0.440132 1.06197
0.440086 1.05868
0.440025 1.05293
0.440016 1.05211
0.440019 1.05047
0.440018 1.05211
0.440043 1.05375
0.440052 1.05539
0.440068 1.05621
0.440059 1.05457
0.440072 1.05621
0.44012 1.05703
0.440177 1.06277
0.440199 1.06687
0.440176 1.06359
0.440212 1.06523
0.44027 1.06932
0.44031 1.07341
0.440336 1.07505
0.440392 1.08078
0.440373 1.07996
0.44035 1.07996
0.440388 1.07996
0.440397 1.08078
0.440416 1.08323
0.440452 1.0865
0.440498 1.09059
0.440539 1.09386
0.440528 1.09222
0.440532 1.09141
0.440552 1.09304
0.440547 1.09467
0.440566 1.09222
0.440585 1.09794
0.44055 1.09386
0.440537 1.09304
0.440549 1.09467
0.440517 1.09223
0.440494 1.08978
0.440498 1.08978
0.440499 1.0906
0.440484 1.08978
0.440474 1.08815
0.440469 1.08734
0.440436 1.08652
0.440436 1.08652
0.440453 1.08489
0.440473 1.08815
0.440395 1.08327
0.440347 1.07838
0.44034 1.07838
0.440297 1.07513
0.440272 1.07432
0.440209 1.06944
0.440167 1.06619
0.440156 1.06294
0.44016 1.06375
0.440143 1.06213
0.440151 1.06375
0.440167 1.06375
0.440224 1.067
0.440245 1.07024
0.440226 1.06943
0.440258 1.07106
0.440253 1.07187
0.440289 1.07268
0.440357 1.07754
0.440359 1.07998
0.440427 1.08484
0.440452 1.08727
0.440448 1.08565
0.440459 1.08727
0.440413 1.08484
0.440379 1.0816
0.440342 1.07917
0.440382 1.07836
0.440401 1.08241
0.440437 1.08565
0.440461 1.08808
0.440466 1.08808
0.44042 1.08484
0.440504 1.08888
0.440522 1.09293
0.440599 1.09778
0.440642 1.1002
0.440685 1.10586
0.440734 1.10747
0.440735 1.1099
0.440716 1.10747
0.440751 1.1107
0.440748 1.1099
0.44073 1.10909
0.440727 1.1099
0.44073 1.10909
0.440752 1.10909
0.440729 1.10989
0.440739 1.10989
0.440729 1.10909
0.440733 1.10989
0.440681 1.10667
0.440674 1.10425
0.440696 1.10587
0.440678 1.10506
0.440656 1.10264
0.440646 1.10264
0.440668 1.10345
0.440704 1.10667
0.440683 1.10667
0.440693 1.10667
0.440676 1.10506
0.440682 1.10506
0.440662 1.10586
0.440591 1.09943
0.440554 1.09622
0.440515 1.093
0.440517 1.093
0.44054 1.09381
0.440534 1.09381
0.440543 1.09461
0.440541 1.09381
0.440513 1.093
0.440456 1.08819
0.440402 1.08498
0.44037 1.08097
0.440385 1.08257
0.440399 1.08177
0.440415 1.08498
0.440396 1.08257
0.440423 1.08418
0.440411 1.08337
0.440417 1.08337
0.440393 1.08257
0.440415 1.08418
0.440464 1.08658
0.440461 1.08818
0.440505 1.09218
0.440561 1.09618
0.440574 1.09618
0.440597 1.09778
0.44058 1.09778
0.440585 1.09858
0.440611 1.10098
0.440577 1.09778
0.440592 1.10018
0.440584 1.09858
0.440513 1.09299
0.4405 1.09219
0.440443 1.0874
0.440418 1.085
0.440372 1.08181
0.440357 1.08021
0.440352 1.08021
0.440369 1.08021
0.440318 1.07782
0.440251 1.07224
0.440198 1.06825
0.440238 1.06985
0.440305 1.07463
0.440292 1.07622
0.440254 1.07144
0.44028 1.07463
0.440257 1.07224
0.440231 1.07065
0.440242 1.07065
0.440227 1.06905
0.44023 1.06985
0.440274 1.07224
0.440315 1.07462
0.440359 1.0786
0.440424 1.08417
0.440447 1.08655
0.440435 1.08655
0.440447 1.08894
0.440487 1.08814
0.440525 1.09371
0.440582 1.09688
0.440616 1.10006
0.440636 1.10244
0.440619 1.10165
0.440602 1.10085
0.440615 1.10085
0.440575 1.09768
0.44054 1.0953
0.440551 1.09689
0.440555 1.0953
0.440546 1.09689
0.44053 1.0953
0.44053 1.0953
0.440543 1.0953
0.440549 1.0953
0.440489 1.09213
0.440429 1.08738
0.440406 1.085
0.440383 1.08263
0.440377 1.08263
0.44038 1.08184
0.440383 1.08263
0.440408 1.08184
0.440415 1.085
0.440407 1.085
0.440409 1.08421
0.44045 1.08658
0.440407 1.085
0.440436 1.08737
0.440495 1.08974
0.440496 1.09211
0.440473 1.08974
0.440475 1.08974
0.440409 1.08659
0.440403 1.0858
0.440363 1.08185
0.440317 1.0779
0.440247 1.07238
0.440219 1.06923
0.440289 1.07396
0.440312 1.07711
0.440277 1.07475
0.440235 1.07081
0.440249 1.0716
0.440254 1.07238
0.440268 1.07317
0.440282 1.07475
0.44031 1.07553
0.440311 1.07711
0.440329 1.0779
0.440286 1.07553
0.440273 1.07239
0.440302 1.07553
0.440243 1.07317
0.440169 1.06688
0.440099 1.06059
0.440088 1.06059
0.440072 1.05823
0.440068 1.05745
0.440083 1.05823
0.440137 1.06059
0.44014 1.06452
0.440135 1.06373
0.440162 1.0653
0.440165 1.0653
0.440198 1.06766
0.440236 1.07001
0.440231 1.0708
0.440203 1.06923
0.440222 1.07001
0.440267 1.07236
0.440275 1.0755
0.440287 1.07393
0.440303 1.07628
0.440294 1.07628
0.440295 1.0755
0.440316 1.07707
0.440278 1.07472
0.440271 1.07315
0.440337 1.07707
0.440377 1.0802
0.440338 1.07941
0.440344 1.0802
0.440333 1.07941
0.440314 1.07785
0.440353 1.0802
0.440333 1.07941
0.44028 1.0755
0.440231 1.07238
0.440202 1.06847
0.440177 1.06691
0.440129 1.06378
0.440127 1.063
0.4401 1.06066
0.440069 1.05754
0.440052 1.05598
0.440078 1.0591
0.440133 1.06222
0.440119 1.063
0.440094 1.05988
0.440143 1.063
0.440153 1.06534
0.440185 1.06534
0.440212 1.06768
0.440164 1.06612
0.440148 1.06456
0.4401 1.06144
0.440088 1.05989
0.440076 1.05911
0.440074 1.05911
0.440062 1.05677
0.4401 1.05989
0.440066 1.05911
0.440058 1.05755
0.440059 1.05444
0.440064 1.05833
0.440051 1.05755
0.440029 1.05522
0.439959 1.05133
0.439954 1.04822
0.439944 1.04667
0.43998 1.05133
0.439971 1.05055
0.439993 1.05133
0.439986 1.05133
0.44001 1.05366
0.440063 1.05599
0.440096 1.05909
0.440127 1.0622
0.440181 1.06607
0.440213 1.06763
0.440233 1.07073
0.440255 1.07228
0.440247 1.07228
0.44029 1.07615
0.440298 1.07538
0.440308 1.07693
0.440299 1.07693
0.440337 1.07925
0.440316 1.07848
0.440315 1.07693
0.440323 1.07848
0.440306 1.07848
0.440262 1.07461
0.440218 1.07074
0.440219 1.06997
0.440164 1.0661
0.440114 1.06069
0.440111 1.06146
0.440084 1.06069
0.44004 1.05605
0.440027 1.05528
0.439998 1.05219
0.440009 1.05373
0.440013 1.05373
0.440037 1.05528
0.440032 1.05528
0.440035 1.0545
0.440019 1.0545
0.44002 1.0545
0.440053 1.0545
0.440046 1.05682
0.44004 1.05528
0.440044 1.05605
0.440012 1.05373
0.439994 1.05219
0.439999 1.04988
0.44 1.05296
0.440017 1.05219
0.440048 1.05681
0.440045 1.05527
0.440065 1.05835
0.440005 1.05374
0.439963 1.04912
0.439927 1.04835
0.439901 1.04527
0.439868 1.04373
0.439828 1.03912
0.439824 1.03835
0.439791 1.03681
0.439771 1.03451
0.439757 1.03297
0.439745 1.03143
0.439767 1.03374
0.439747 1.0322
0.439715 1.03067
0.439671 1.02683
0.439648 1.02529
0.439673 1.02529
0.439648 1.02452
0.43959 1.01992
0.439596 1.01992
0.439576 1.01839
0.439597 1.01992
0.439617 1.02069
0.439637 1.02222
0.439611 1.02069
0.439589 1.01915
0.439586 1.01992
0.439619 1.02222
0.439666 1.02452
0.439705 1.02911
0.439675 1.02681
0.439651 1.02375
0.439665 1.02452
0.439678 1.02681
0.439715 1.02758
0.439725 1.03064
0.439659 1.02605
0.439663 1.02452
0.439685 1.02605
0.43965 1.02452
0.439639 1.02376
0.439692 1.02758
0.439696 1.02681
0.43968 1.02758
0.439678 1.02681
0.439706 1.0291
0.439688 1.02681
0.439709 1.02834
0.439703 1.02834
0.439678 1.02681
0.439713 1.02834
0.439671 1.02681
0.439648 1.02453
0.439651 1.02376
0.439641 1.02376
0.439656 1.02529
0.439665 1.02529
0.439662 1.02529
0.439641 1.02376
0.439641 1.02376
0.439659 1.02529
0.439647 1.02376
0.439657 1.02453
0.439643 1.023
0.439633 1.02224
0.439609 1.02072
0.439576 1.01844
0.439581 1.01844
0.439614 1.02148
0.439635 1.02224
0.439647 1.02376
0.439731 1.02984
0.439724 1.02908
0.439754 1.03288
0.439778 1.0344
0.439751 1.03288
0.439676 1.02605
0.43962 1.02225
0.439605 1.02073
0.439596 1.01997
0.439583 1.01845
0.439596 1.01921
0.439622 1.02225
0.439627 1.02225
0.439606 1.02073
0.439557 1.01846
0.439542 1.01618
0.439511 1.01164
0.439481 1.01164
0.439437 1.00709
0.439429 1.00709
0.439452 1.00785
0.439471 1.01012
0.439485 1.01088
0.439443 1.00709
0.43947 1.00785
0.43949 1.01087
0.439537 1.01466
0.439513 1.01314
0.439476 1.01012
0.439421 1.00634
0.439486 1.00936
0.439478 1.01012
0.439454 1.00785
0.439439 1.0071
0.439422 1.00558
0.439436 1.00483
0.439438 1.00634
0.439442 1.00634
0.439433 1.00634
0.439454 1.00634
0.439496 1.01162
0.439536 1.01313
0.439543 1.0154
0.439577 1.01766
0.439629 1.02143
0.439682 1.02671
0.439687 1.02822
0.439675 1.02445
0.439711 1.02897
0.439685 1.02671
0.439691 1.02746
0.439684 1.02671
0.439674 1.02595
0.439702 1.02821
0.439742 1.02972
0.439777 1.03424
0.439788 1.03348
0.439821 1.03574
0.439816 1.03649
0.439838 1.038
0.439881 1.04025
0.439942 1.04401
0.439953 1.04853
0.439964 1.04853
0.439944 1.04853
0.439951 1.04777
0.439973 1.04928
0.439969 1.04928
0.439978 1.04928
0.43997 1.04777
0.439989 1.05078
0.439968 1.04928
0.439935 1.04702
0.439913 1.04477
0.439877 1.04327
0.439885 1.04252
0.439889 1.04327
0.439902 1.04327
0.439909 1.04477
0.439896 1.04402
0.439923 1.04477
0.439943 1.04627
0.439895 1.04402
0.439861 1.04103
0.439865 1.04103
0.439832 1.03878
0.439818 1.03653
0.439806 1.03653
0.439757 1.03204
0.439727 1.0298
0.439675 1.02755
0.439671 1.02606
0.439705 1.02681
0.439726 1.0283
0.439784 1.03428
0.439794 1.03578
0.439786 1.03354
0.439769 1.03354
0.439722 1.03055
0.439711 1.02905
0.439699 1.02681
0.439703 1.02681
0.439744 1.02905
0.439757 1.03054
0.439779 1.03129
0.439788 1.03428
0.439744 1.03129
0.439758 1.03204
0.439762 1.03204
0.439742 1.03129
0.439741 1.03055
0.439792 1.03278
0.439741 1.03204
0.439727 1.02906
0.439714 1.02831
0.439669 1.02608
0.439652 1.02384
0.439615 1.02086
0.439543 1.01565
0.439542 1.01491
0.439552 1.01491
0.439547 1.01491
0.439499 1.01193
0.439495 1.01119
0.4395 1.01193
0.439534 1.01267
0.43958 1.01714
0.439627 1.02011
0.439664 1.02383
0.439637 1.0216
0.439598 1.01937
0.439585 1.01788
0.439563 1.01565
0.439501 1.0112
0.43947 1.00897
0.439405 1.00451
0.439428 1.00377
0.439442 1.006
0.43949 1.00897
0.439451 1.00822
0.439431 1.00526
0.439394 1.00229
0.439382 1.00155
0.43938 1.00155
0.439392 1.00229
0.43939 1.00229
0.439401 1.00229
0.43937 1.00081
0.439333 0.998586
0.439327 0.997105
0.439343 0.997105
0.439332 0.997105
0.439311 0.996365
0.439278 0.993404
0.439197 0.986744
0.439208 0.988224
0.439185 0.984525
0.439152 0.983045
0.439136 0.982306
0.439149 0.981567
0.439172 0.983045
0.439174 0.984523
0.439168 0.984523
0.439186 0.985262
0.439162 0.983046
0.439165 0.982307
0.439174 0.984523
0.439229 0.986738
0.439261 0.991168
0.439271 0.992644
0.439282 0.992644
0.439273 0.991168
0.439263 0.991168
0.439254 0.990431
0.43924 0.989693
0.439222 0.988218
0.439241 0.988955
0.439169 0.983795
0.43912 0.979373
0.439089 0.977163
0.439112 0.979373
0.439058 0.974953
0.439058 0.974953
0.439035 0.972744
0.43905 0.972008
0.439036 0.972744
0.43899 0.9698
0.438966 0.96612
0.438919 0.963913
0.438928 0.963177
0.438933 0.964648
0.438962 0.966119
0.438982 0.968325
0.438933 0.963914
0.43891 0.962444
0.438877 0.960239
0.43888 0.960239
0.438826 0.955831
0.438847 0.955097
0.438901 0.959503
0.438921 0.963175
0.438944 0.964643
0.438947 0.965377
0.438925 0.963909
0.438955 0.964643
0.438987 0.967578
0.438977 0.966844
0.438974 0.966111
0.439018 0.97051
0.439013 0.97051
0.438973 0.966845
0.438928 0.963181
0.438905 0.960982
0.438879 0.959517
0.438868 0.957319
0.438869 0.958784
0.438867 0.958052
0.438828 0.956587
0.438811 0.954391
0.438793 0.952195
0.438777 0.950732
0.438799 0.952195
0.438789 0.951464
0.438815 0.952195
0.438858 0.95512
0.438882 0.959508
0.438901 0.960239
0.43892 0.961701
0.438898 0.961701
0.438853 0.958047
0.438814 0.954394
0.43881 0.952933
0.438808 0.952933
0.438768 0.950012
0.438773 0.949282
0.43881 0.952202
0.43882 0.953662
0.438834 0.955121
0.438833 0.954392
0.438832 0.955121
0.438825 0.954392
0.438824 0.954392
0.438814 0.952933
0.438807 0.952933
0.438834 0.95512
0.438794 0.952205
0.438785 0.950748
0.438792 0.950748
0.438816 0.953661
0.438795 0.951477
0.438769 0.949292
0.438752 0.949292
0.438712 0.944925
0.438701 0.944197
0.438685 0.942741
0.438686 0.942014
0.438738 0.946378
0.438739 0.947106
0.43873 0.947833
0.438701 0.943471
0.438699 0.944198
0.438661 0.94129
0.438673 0.93911
0.438675 0.942016
0.438697 0.943469
0.43868 0.940564
0.438699 0.942743
0.43872 0.945647
0.43876 0.948551
0.438782 0.950003
0.438795 0.950003
0.438843 0.953631
0.438864 0.955807
0.438884 0.957983
0.438886 0.958709
0.438899 0.959434
0.438952 0.960884
0.439011 0.967408
0.439042 0.970307
0.439036 0.971756
0.439086 0.974654
0.439086 0.974654
0.439104 0.976103
0.439109 0.976827
0.439087 0.974655
0.43914 0.976103
0.439143 0.978274
0.439149 0.979722
0.439133 0.979722
0.43915 0.979722
0.439176 0.981892
0.439203 0.984061
0.439226 0.985508
0.439251 0.988399
0.439256 0.988399
0.439269 0.989845
0.439292 0.99129
0.439272 0.9884
0.439263 0.9884
0.439263 0.987678
0.439249 0.987678
0.439236 0.986956
0.439311 0.991287
0.439309 0.992731
0.439344 0.995618
0.439344 0.997061
0.439357 0.996339
0.439313 0.994897
0.439324 0.994175
0.439296 0.991291
0.439282 0.99057
0.439298 0.992012
0.439251 0.986967
0.439217 0.985526
0.439248 0.986246
0.439298 0.989848
0.439302 0.989848
0.439332 0.994169
0.439353 0.996329
0.439377 0.997049
0.439419 1.00065
0.439457 1.00497
0.43947 1.0064
0.439499 1.00712
0.439495 1.00784
0.439529 1.01
0.439553 1.01144
0.439545 1.01216
0.439549 1.01144
0.439542 1.01144
0.439556 1.01144
0.439558 1.01359
0.43961 1.01575
0.439633 1.0179
0.439627 1.01934
0.43964 1.01862
0.439636 1.01862
0.439605 1.01575
0.439594 1.01503
0.439635 1.01862
0.439641 1.02077
0.43965 1.01862
0.439662 1.02077
0.439671 1.02077
0.439698 1.02436
0.439666 1.02149
0.439635 1.02077
0.43964 1.01862
0.439644 1.01934
0.439657 1.02077
0.439675 1.02221
0.439676 1.02149
0.439678 1.02292
0.439718 1.02579
0.439769 1.02936
0.439791 1.03008
0.439777 1.02936
0.439807 1.03151
0.43982 1.03437
0.43984 1.0358
0.439856 1.03509
0.439875 1.03938
0.439915 1.04081
0.439917 1.04152
0.439921 1.04152
0.439881 1.03938
0.439852 1.03795
0.439845 1.03581
0.439851 1.03723
0.439858 1.03795
0.439887 1.03795
0.43987 1.03866
0.439845 1.03581
0.439846 1.03581
0.439884 1.03866
0.439914 1.0408
0.439964 1.04437
0.439981 1.04722
0.439971 1.04793
0.439974 1.04722
0.439964 1.04579
0.439969 1.04579
0.43997 1.04508
0.439997 1.04864
0.440039 1.05149
0.440054 1.05434
0.44005 1.05363
0.440043 1.05292
0.440013 1.05007
0.440041 1.05221
0.440059 1.05363
0.440086 1.05648
0.440088 1.05648
0.440078 1.05576
0.440054 1.05434
0.440034 1.05221
0.440028 1.0515
0.440039 1.0515
0.440045 1.05363
0.440014 1.05079
0.439975 1.04795
0.439984 1.04724
0.439966 1.04652
0.439921 1.04297
0.439912 1.04226
0.439871 1.03871
0.439884 1.03942
0.439867 1.03871
0.439839 1.03517
0.439852 1.03659
0.439846 1.03588
0.439878 1.038
0.439865 1.038
0.439855 1.03659
0.43985 1.03659
0.439871 1.03871
0.439897 1.04084
0.439902 1.04084
0.43989 1.04013
0.439865 1.03871
0.439854 1.03801
0.439856 1.03659
0.439854 1.0373
0.439843 1.03659
0.43978 1.03234
0.439779 1.03164
0.43976 1.02951
0.43976 1.02951
0.439743 1.0281
0.439769 1.03022
0.43977 1.02951
0.439746 1.02739
0.439723 1.02598
0.439724 1.02527
0.439723 1.02668
0.439684 1.02315
0.439682 1.02315
0.439678 1.02245
0.439674 1.02174
0.439646 1.01962
0.439621 1.0175
0.439633 1.01892
0.439621 1.01821
0.439587 1.01539
0.43957 1.01398
0.439533 1.01186
0.439528 1.00904
0.439489 1.00692
0.439456 1.0041
0.439485 1.00622
0.439533 1.01045
0.439581 1.01256
0.439632 1.01468
0.43964 1.0182
0.439635 1.0189
0.439641 1.0182
0.439656 1.02031
0.439698 1.02242
0.439736 1.02524
0.439783 1.02876
0.439792 1.03157
0.439809 1.03298
0.439848 1.03579
0.43986 1.0365
0.439901 1.03861
0.43993 1.04212
0.439954 1.04493
0.440015 1.04564
0.440056 1.05126
0.440114 1.05547
0.440161 1.06039
0.440187 1.0632
0.440233 1.06601
0.440265 1.06952
0.440294 1.07233
0.440314 1.07444
0.440337 1.07514
0.440363 1.07794
0.440387 1.08075
0.440379 1.08075
0.440391 1.08075
0.440403 1.08286
0.440373 1.07935
0.440335 1.07654
0.440321 1.07584
0.440303 1.07584
0.440314 1.07444
0.440263 1.07094
0.440229 1.06884
0.440246 1.06884
0.440236 1.06744
0.440247 1.06954
0.440269 1.07024
0.440299 1.07304
0.440293 1.07374
0.440297 1.07374
0.440313 1.07444
0.440318 1.07444
0.440351 1.07723
0.440326 1.07654
0.440304 1.07444
0.440291 1.07304
0.440278 1.07234
0.440214 1.06815
0.440224 1.06745
0.440202 1.06605
0.440183 1.06535
0.440146 1.05977
0.440201 1.06396
0.44025 1.07024
0.440275 1.07094
0.440279 1.07233
0.440274 1.07164
0.440255 1.07094
0.44024 1.06884
0.440236 1.06815
0.440229 1.06745
0.440219 1.06675
0.440206 1.06606
0.440207 1.06536
0.440191 1.06536
0.440145 1.06187
0.440156 1.06187
0.440128 1.05978
0.440157 1.06118
0.440169 1.06327
0.440199 1.06396
0.440209 1.06675
0.440244 1.06884
0.440255 1.07023
0.440294 1.07371
0.440283 1.07301
0.440264 1.07092
0.440262 1.07232
0.440244 1.06884
0.440199 1.06675
0.44018 1.06397
0.440189 1.06467
0.440193 1.06536
0.440181 1.06328
0.440176 1.06467
0.440165 1.06189
0.440161 1.06328
0.440158 1.06189
0.44016 1.06189
0.44014 1.0605
0.440158 1.06119
0.440188 1.06466
0.440144 1.06189
0.440127 1.05981
0.440136 1.05981
0.440137 1.06119
0.440138 1.0605
0.440138 1.06119
0.440108 1.05842
0.44011 1.05773
0.440169 1.05911
0.440183 1.06396
0.440202 1.06466
0.440183 1.06466
0.440159 1.06258
0.440166 1.06258
0.440154 1.06189
0.440155 1.06258
0.44015 1.06119
0.440171 1.06396
0.440214 1.06535
0.440224 1.06673
0.440253 1.0695
0.440284 1.07296
0.440317 1.07503
0.44035 1.0778
0.440373 1.07849
0.440413 1.08264
0.44044 1.08609
0.440494 1.09024
0.440491 1.08955
0.440513 1.08955
0.440523 1.09231
0.440574 1.09714
0.440602 1.09852
0.440655 1.10267
0.440652 1.10474
0.440636 1.10198
0.440659 1.10405
0.440637 1.10267
0.440645 1.10267
0.440639 1.10267
0.440629 1.10198
0.440596 1.09922
0.44054 1.09508
0.440531 1.0937
0.44058 1.09646
0.440592 1.09784
0.440583 1.09784
0.440588 1.09784
0.440622 1.10059
0.440607 1.10128
0.44058 1.09784
0.440571 1.09715
0.440574 1.09715
0.440611 1.09922
0.440623 1.10128
0.44063 1.10197
0.440611 1.10128
0.440585 1.09853
0.440558 1.09578
0.440534 1.09372
0.440511 1.09234
0.440493 1.09165
0.440499 1.09097
0.440466 1.08822
0.440454 1.08684
0.440455 1.08753
0.440486 1.08822
0.440515 1.09234
0.440549 1.09371
0.440571 1.09714
0.44059 1.09783
0.440617 1.10126
0.440632 1.10195
0.440615 1.10195
0.440597 1.0992
0.440558 1.09646
0.440535 1.0944
0.440527 1.09372
0.440548 1.09372
0.440514 1.09235
0.440477 1.09029
0.440456 1.08755
0.440439 1.08618
0.44041 1.08412
0.440367 1.08001
0.440339 1.07864
0.440382 1.08138
0.440406 1.08344
0.440392 1.08207
0.440362 1.0807
0.440361 1.08001
0.440309 1.07659
0.440314 1.07591
0.440296 1.07386
0.440284 1.07317
0.440342 1.07728
0.440359 1.07933
0.440333 1.07796
0.440312 1.07591
0.440299 1.07454
0.44028 1.07386
0.440286 1.07386
0.440242 1.07044
0.44021 1.06771
0.440221 1.06771
0.44024 1.06908
0.44023 1.06908
0.440196 1.06635
0.440136 1.06225
0.440079 1.05748
0.440038 1.05406
0.440034 1.0527
0.440066 1.05475
0.440095 1.05543
0.440106 1.05747
0.440116 1.05884
0.440081 1.05679
0.440096 1.05679
0.440092 1.05679
0.440095 1.05816
0.440104 1.05816
0.440122 1.0602
0.44019 1.0636
0.440204 1.06565
0.440211 1.06769
0.440201 1.06633
0.440214 1.06565
0.44025 1.06905
0.440278 1.07177
0.440322 1.07585
0.440334 1.07789
0.440365 1.08061
0.440395 1.08061
0.440423 1.08401
0.440451 1.08605
0.440483 1.08945
0.440468 1.08945
0.44048 1.09081
0.440479 1.08945
0.440495 1.09081
0.440451 1.08809
0.44043 1.08538
0.44041 1.0847
0.440424 1.08538
0.440417 1.08402
0.440426 1.08538
0.440447 1.08605
0.440471 1.08809
0.440472 1.08809
0.440473 1.08877
0.440509 1.0908
0.44053 1.09351
0.440552 1.09555
0.440583 1.09826
0.440611 1.10097
0.440655 1.10504
0.440659 1.10436
0.440665 1.10504
0.440659 1.10571
0.440662 1.10571
0.440636 1.10368
0.440639 1.103
0.440646 1.10436
0.440638 1.10368
0.440571 1.09962
0.440537 1.09556
0.440514 1.09353
0.440496 1.0915
0.440443 1.0888
0.44043 1.08609
0.440443 1.08542
0.440458 1.08745
0.440469 1.0888
0.440488 1.09082
0.44048 1.09015
0.440452 1.08745
0.440457 1.08677
0.440467 1.08947
0.44046 1.0888
0.440442 1.08677
0.440451 1.08745
0.440432 1.08677
0.440407 1.0834
0.440433 1.08677
0.44046 1.08745
0.440491 1.09082
0.440502 1.09352
0.440495 1.09149
0.440519 1.09352
0.4405 1.09284
0.440497 1.09217
0.440482 1.09015
0.440478 1.09082
0.440479 1.08947
0.440478 1.09082
0.440496 1.09217
0.440514 1.09284
0.440545 1.09486
0.440555 1.09688
0.440548 1.09688
0.440544 1.09486
0.440547 1.09419
0.440551 1.09486
0.440574 1.09822
0.440585 1.0989
0.440547 1.09688
0.440548 1.09621
0.440584 1.09822
0.440602 1.0989
0.440597 1.10024
0.440615 1.10226
0.440643 1.10494
0.440669 1.10562
0.440696 1.1083
0.440764 1.11368
0.440778 1.11569
0.440814 1.11703
0.440819 1.11972
0.440828 1.11972
0.440829 1.12039
0.44083 1.12039
0.440829 1.12039
0.440832 1.11972
0.440833 1.12039
0.440841 1.12106
0.440862 1.1224
0.440845 1.12173
0.440861 1.1224
0.440823 1.12039
0.44081 1.11905
0.440784 1.11771
0.440782 1.11637
0.440793 1.11771
0.440787 1.11503
0.440781 1.11704
0.440745 1.11369
0.44078 1.11369
0.440806 1.11771
0.440797 1.11771
0.440787 1.11704
0.440768 1.1157
0.440742 1.11303
0.440729 1.11169
0.440716 1.11035
0.440681 1.10834
0.440679 1.10834
0.440655 1.10567
0.440674 1.10768
0.440693 1.10768
0.440679 1.10834
0.440671 1.10701
0.440677 1.10768
0.440668 1.10634
0.440668 1.10634
0.440657 1.10634
0.440636 1.10434
0.440634 1.10434
0.440625 1.103
0.440596 1.101
0.440586 1.10033
0.440559 1.09833
0.440552 1.09567
0.440592 1.099
0.440579 1.09967
0.44056 1.09767
0.440553 1.09767
0.44059 1.099
0.440609 1.10166
0.440619 1.10233
0.44064 1.105
0.440641 1.10433
0.440685 1.10766
0.440677 1.10766
0.440679 1.10832
0.440668 1.10766
0.440622 1.10367
0.440587 1.09967
0.440582 1.101
0.440574 1.09967
0.440554 1.09834
0.44056 1.09834
0.440532 1.09568
0.440556 1.09768
0.440558 1.09834
0.440536 1.09701
0.440526 1.09568
0.440518 1.09568
0.440482 1.0917
0.440448 1.08904
0.440448 1.08904
0.44047 1.09103
0.440465 1.08971
0.440456 1.08971
0.440461 1.08838
0.440495 1.09103
0.440523 1.09435
0.440532 1.09634
0.440517 1.09501
0.44051 1.09435
0.440531 1.09568
0.440557 1.09833
0.440565 1.09899
0.440577 1.09966
0.440609 1.10231
0.440608 1.10164
0.440608 1.10231
0.44065 1.10429
0.440661 1.10496
0.440686 1.10959
0.440681 1.10893
0.440684 1.10893
0.440701 1.10827
0.440741 1.11092
0.440757 1.11555
0.440793 1.11753
0.440819 1.11952
0.440846 1.12217
0.440854 1.12349
0.440868 1.12415
0.440884 1.12613
0.44083 1.1215
0.440818 1.12018
0.440767 1.11688
0.440723 1.11291
0.440715 1.11159
0.440747 1.11489
0.440783 1.11622
0.440801 1.11886
0.440829 1.11952
0.440843 1.12282
0.440859 1.12348
0.440903 1.12744
0.440922 1.12942
0.440956 1.13206
0.44099 1.13536
0.441017 1.13668
0.44103 1.138
0.441039 1.13932
0.441052 1.14064
0.441073 1.14195
0.441064 1.14129
0.441028 1.13866
0.440988 1.13536
0.440979 1.1347
0.440983 1.13405
0.440977 1.13405
0.440941 1.13141
0.440915 1.12878
0.44094 1.13075
0.440949 1.13207
0.440957 1.13207
0.440948 1.13207
0.440911 1.13009
0.440899 1.12746
0.440887 1.1268
0.440885 1.1268
0.440836 1.12286
0.440803 1.11957
0.440802 1.11891
0.440799 1.11957
0.440789 1.11891
0.440792 1.11826
0.440809 1.11891
0.440842 1.12351
0.440862 1.12417
0.440868 1.12548
0.440884 1.1268
0.440857 1.12417
0.440864 1.12483
0.440854 1.12286
0.440819 1.12154
0.440799 1.11958
0.440807 1.11892
0.440836 1.12023
0.440874 1.12417
0.440872 1.12482
0.440876 1.12482
0.440903 1.12745
0.440937 1.12941
0.440961 1.13269
0.440994 1.13597
0.440982 1.13466
0.440945 1.13269
0.440956 1.13204
0.440943 1.13138
0.440958 1.13335
0.440982 1.134
0.440985 1.13531
0.441001 1.13596
0.440958 1.134
0.440966 1.134
0.440983 1.13335
0.441025 1.13858
0.441022 1.13858
0.441024 1.13858
0.441026 1.13923
0.441083 1.1412
0.441092 1.14446
0.4411 1.14512
0.441105 1.14512
0.441128 1.14773
0.441139 1.14969
0.44116 1.15035
0.441146 1.14839
0.441123 1.14773
0.441101 1.14577
0.441089 1.14447
0.441035 1.14055
0.440997 1.13729
0.440988 1.13598
0.44097 1.13402
0.440953 1.13337
0.44098 1.13533
0.44101 1.13794
0.441037 1.14055
0.441031 1.13924
0.44105 1.13989
0.441013 1.13859
0.440964 1.13533
0.440975 1.13468
0.440989 1.13664
0.440968 1.13598
0.440947 1.13273
0.440935 1.13208
0.440943 1.13273
0.440935 1.13208
0.440891 1.12817
0.440837 1.12361
0.440813 1.12231
0.440807 1.12166
0.440777 1.11841
0.44075 1.11645
0.440708 1.1132
0.440681 1.1106
0.440659 1.10865
0.440665 1.1093
0.440644 1.10735
0.440632 1.10605
0.440627 1.10605
0.440582 1.10215
0.44055 1.09955
0.440532 1.09825
0.440511 1.0963
0.440513 1.09565
0.440494 1.09435
0.440471 1.09241
0.440457 1.09111
0.440475 1.09306
0.440517 1.095
0.440564 1.10084
0.440557 1.10019
0.440558 1.10084
0.440536 1.0989
0.440542 1.09825
0.440511 1.0963
0.440524 1.09565
0.440512 1.0976
0.4405 1.09501
0.440478 1.09436
0.440504 1.09501
0.440534 1.0976
0.440476 1.09371
0.440441 1.09047
0.44043 1.08918
0.440435 1.08983
0.440427 1.08853
0.440439 1.08983
0.440448 1.09112
0.440405 1.08659
0.440407 1.08724
0.440378 1.0853
0.440339 1.08206
0.44032 1.07947
0.440278 1.07624
0.440287 1.07689
0.4403 1.07818
0.440308 1.07883
0.440291 1.07818
0.440272 1.0756
0.440228 1.07236
0.440198 1.07043
0.440186 1.06849
0.44016 1.06591
0.440143 1.06461
0.440144 1.06526
0.440138 1.06461
0.440138 1.06526
0.440121 1.06332
0.440098 1.06139
0.440062 1.05816
0.440036 1.05687
0.440047 1.05752
0.440024 1.05494
0.439998 1.053
0.439974 1.05107
0.439974 1.05107
0.439992 1.05042
0.439993 1.05171
0.439983 1.05107
0.439979 1.05107
0.440003 1.053
0.440025 1.053
0.440034 1.05558
0.440036 1.05429
0.440051 1.05686
0.440027 1.05558
0.44003 1.05558
0.440014 1.05558
0.440017 1.05429
0.440025 1.05365
0.439991 1.05236
0.439987 1.05236
0.439944 1.0485
0.439937 1.04657
0.439948 1.0485
0.439955 1.05043
0.439972 1.04979
0.439968 1.04979
0.439967 1.05043
0.439992 1.05107
0.440005 1.05236
0.440023 1.05364
0.44004 1.05557
0.44006 1.05557
0.440081 1.05813
0.440121 1.06263
0.440132 1.06455
0.440135 1.06455
0.440134 1.06327
0.440137 1.06391
0.440103 1.06135
0.440076 1.06006
0.440059 1.05814
0.440049 1.05686
0.440039 1.05557
0.440068 1.05878
0.44009 1.0607
0.440103 1.06198
0.440087 1.06006
0.440079 1.06006
0.440068 1.05878
0.440052 1.0575
0.440034 1.05558
0.439993 1.05238
0.439969 1.04982
0.439981 1.05046
0.439984 1.0511
0.439965 1.05046
0.439978 1.05046
0.440017 1.05366
0.44003 1.05557
0.44002 1.05493
0.440015 1.05493
0.440022 1.05493
0.440022 1.0543
0.44 1.05366
0.440002 1.05238
0.440019 1.05366
0.440008 1.05366
0.440034 1.05557
0.440055 1.05685
0.440056 1.05813
0.440065 1.05813
0.440053 1.05749
0.440087 1.05813
0.440099 1.06004
0.440078 1.06068
0.440086 1.06068
0.440104 1.06196
0.440126 1.06323
0.440114 1.0626
0.44011 1.06196
0.44008 1.06068
0.440085 1.05941
0.440077 1.05813
0.440075 1.05941
0.44008 1.06068
0.440074 1.05941
0.440081 1.05941
0.440071 1.05877
0.440071 1.05877
0.440097 1.06132
0.44012 1.06259
0.440128 1.06259
0.440156 1.06641
0.440175 1.06641
0.440236 1.07023
0.440254 1.07468
0.440304 1.07659
0.440355 1.08105
0.440354 1.08359
0.440381 1.08423
0.44047 1.08932
0.440476 1.09313
0.440495 1.0944
0.440538 1.09695
0.440539 1.09885
0.440576 1.10076
0.44057 1.10139
0.440614 1.10394
0.440606 1.10521
0.44062 1.10711
0.44061 1.10584
0.440606 1.1033
0.44061 1.10457
0.440606 1.10521
0.440584 1.1033
0.44055 1.10076
0.440486 1.09505
0.440489 1.09505
0.440485 1.09442
0.440464 1.09188
0.440466 1.09315
0.440459 1.09188
0.440452 1.09188
0.440477 1.09378
0.440487 1.09442
0.440507 1.09632
0.440502 1.09632
0.4405 1.09695
0.440463 1.09315
0.440408 1.08872
0.440355 1.08365
0.440378 1.08428
0.440368 1.08428
0.440378 1.08428
0.44037 1.08428
0.440337 1.08238
0.440297 1.07985
0.440263 1.07542
0.440257 1.07416
0.440262 1.07542
0.440258 1.07542
0.440219 1.07289
0.440236 1.07353
0.440237 1.07416
0.440203 1.071
0.440159 1.06721
0.440138 1.06405
0.440163 1.06657
0.440097 1.06278
0.440088 1.06089
0.440034 1.05647
0.440005 1.05457
0.439983 1.05142
0.439978 1.05142
0.439991 1.05079
0.439997 1.05268
0.439963 1.05015
0.439952 1.04952
0.439933 1.04826
0.439949 1.04889
0.439949 1.04889
0.439925 1.04763
0.439903 1.04574
0.43993 1.04637
0.439924 1.047
0.439968 1.04763
0.439986 1.05078
0.440028 1.05393
0.440033 1.05645
0.440046 1.05708
0.440059 1.05834
0.440055 1.05834
0.440073 1.05771
0.440074 1.0596
0.440076 1.0596
0.440056 1.05771
0.440064 1.05771
0.440086 1.0596
0.440079 1.0596
0.440103 1.06212
0.440079 1.06023
0.440099 1.06023
0.440123 1.06337
0.440114 1.06337
0.440154 1.06652
0.440177 1.06715
0.440194 1.06903
0.440189 1.06966
0.440196 1.06966
0.440197 1.07029
0.440184 1.06966
0.440168 1.06778
0.440161 1.06715
0.440152 1.06652
0.440128 1.06401
0.440107 1.06213
0.440088 1.06087
0.44007 1.05899
0.44005 1.05836
0.440057 1.05773
0.440024 1.05522
0.44003 1.05648
0.440027 1.05585
0.440008 1.05397
0.440007 1.05397
0.439991 1.05209
0.439956 1.04958
0.440001 1.05272
0.43999 1.05209
0.439951 1.0477
0.439953 1.04896
0.439972 1.05021
0.439999 1.05209
0.440029 1.05585
0.440061 1.0571
0.440094 1.0596
0.440089 1.06085
0.440103 1.06148
0.440118 1.06336
0.440133 1.06523
0.440135 1.06461
0.440221 1.06961
0.440265 1.07336
0.440281 1.07711
0.440294 1.07774
0.440317 1.07962
0.440308 1.08024
0.440295 1.07899
0.440315 1.07899
0.440343 1.08149
0.44034 1.08274
0.440336 1.08274
0.440375 1.08399
0.440386 1.08586
0.440407 1.08773
0.440448 1.09086
0.440473 1.0921
0.440482 1.0946
0.440471 1.09398
0.440467 1.09335
0.440459 1.09398
0.440404 1.08961
0.440431 1.09023
0.440411 1.08961
0.440407 1.08836
0.440434 1.09023
0.44046 1.09148
0.440515 1.09584
0.440561 1.09958
0.440587 1.10207
0.440596 1.10457
0.440615 1.10643
0.440648 1.1083
0.44066 1.11079
0.440664 1.11079
0.440685 1.11266
0.440682 1.11204
0.440686 1.11328
0.440717 1.11328
0.440732 1.11702
0.440743 1.11764
0.440743 1.11702
0.440759 1.11764
0.44074 1.11702
0.440726 1.11577
0.440735 1.11702
0.440768 1.1195
0.440735 1.11702
0.440697 1.11329
0.440704 1.11391
0.440702 1.11391
0.440672 1.11143
0.4407 1.11391
0.440676 1.11205
0.440683 1.11267
0.440686 1.11205
0.440689 1.11391
0.440681 1.11143
0.440697 1.11391
0.440684 1.11267
0.440648 1.10957
0.440666 1.11019
0.44066 1.11081
0.440678 1.11205
0.440686 1.11267
0.440675 1.11205
0.440676 1.11143
0.44066 1.11081
0.440625 1.10709
0.440631 1.10771
0.440646 1.10895
0.440634 1.10833
0.440624 1.10771
0.440618 1.10709
0.440617 1.10647
0.440649 1.10771
0.440686 1.11204
0.440658 1.11018
0.440629 1.10833
0.440596 1.10461
0.440588 1.104
0.440577 1.10338
0.440573 1.10276
0.440561 1.104
0.440544 1.1009
0.440545 1.09967
0.440524 1.09843
0.440508 1.09781
0.440504 1.09719
0.440519 1.09905
0.440527 1.09843
0.440526 1.09905
0.440515 1.09781
0.440503 1.09719
0.44047 1.09472
0.440482 1.09534
0.440493 1.09658
0.440516 1.09719
0.440535 1.10028
0.440523 1.09781
0.440526 1.09843
0.440529 1.09966
0.440571 1.10151
0.440562 1.10275
0.440564 1.10213
0.440547 1.10151
0.440561 1.10213
0.440599 1.10583
0.440584 1.1046
0.440582 1.10336
0.440549 1.10213
0.440542 1.10028
0.440514 1.09843
0.440512 1.09843
0.440522 1.09905
0.440497 1.09782
0.440485 1.09535
0.440481 1.09535
0.440484 1.09535
0.440442 1.09228
0.440406 1.0892
0.440388 1.08797
0.440349 1.08366
0.44035 1.08489
0.440372 1.08612
0.440342 1.08305
0.440347 1.08305
0.440342 1.08366
0.440327 1.08243
0.440323 1.08243
0.440326 1.08243
0.44036 1.08428
0.440399 1.08735
0.440418 1.09042
0.440418 1.09042
0.440416 1.08981
0.440414 1.09103
0.440391 1.08796
0.44038 1.08796
0.440358 1.08489
0.440331 1.08305
0.440312 1.08121
0.440295 1.07937
0.440291 1.07998
0.440272 1.07753
0.440256 1.0763
0.440269 1.07446
0.440294 1.07937
0.440319 1.08121
0.440332 1.08182
0.440331 1.08305
0.440354 1.08427
0.440376 1.0855
0.440395 1.08672
0.440386 1.08734
0.440357 1.08489
0.440355 1.08489
0.440353 1.08489
0.440367 1.08611
0.440383 1.08611
0.440365 1.0855
0.440357 1.08489
0.440353 1.08489
0.440355 1.08489
0.440346 1.08366
0.440335 1.08366
0.440317 1.08183
0.440274 1.07877
0.440262 1.07693
0.440251 1.07571
0.440259 1.07632
0.440251 1.07571
0.440217 1.07266
0.440204 1.07204
0.4402 1.07143
0.440221 1.07204
0.440253 1.07571
0.440267 1.07754
0.440309 1.08121
0.440295 1.07999
0.440295 1.07999
0.440304 1.07999
0.440329 1.08121
0.440385 1.08426
0.440401 1.08914
0.440404 1.08914
0.440409 1.08975
0.440429 1.09097
0.440426 1.09097
0.44042 1.08975
0.440438 1.09219
0.440422 1.09036
0.440414 1.09036
0.440387 1.08792
0.440331 1.08366
0.440332 1.08305
0.440309 1.08061
0.440291 1.07939
0.440273 1.07817
0.440252 1.07635
0.440252 1.07635
0.440254 1.07574
0.440253 1.07635
0.440291 1.07756
0.440327 1.08243
0.440329 1.08304
0.440343 1.08426
0.440349 1.08548
0.440333 1.08304
0.440349 1.08304
0.440334 1.08365
0.440306 1.08243
0.440316 1.08183
0.440287 1.07939
0.440239 1.07514
0.440225 1.07392
0.440232 1.07392
0.440235 1.07514
0.440238 1.07514
0.440224 1.07392
0.440239 1.07392
0.44022 1.07392
0.4402 1.07271
0.440177 1.07028
0.440145 1.06785
0.44014 1.06664
0.440135 1.06664
0.440137 1.06603
0.440136 1.06664
0.440095 1.06239
0.440077 1.06118
0.440103 1.06057
0.440132 1.06603
0.440152 1.06664
0.440137 1.06664
0.440121 1.06421
0.440117 1.06542
0.440081 1.06239
0.440066 1.05997
0.440085 1.06118
0.440107 1.063
0.440107 1.06481
0.4401 1.063
0.44008 1.06118
0.440099 1.06239
0.440068 1.06058
0.440043 1.05815
0.440043 1.05876
0.440035 1.05755
0.440044 1.05815
0.440028 1.05694
0.440035 1.05755
0.440033 1.05755
0.439998 1.05452
0.439952 1.0509
0.439929 1.04969
0.439904 1.04606
0.439867 1.04425
0.439862 1.04122
0.439868 1.04243
0.439875 1.04364
0.439902 1.04425
0.439925 1.04727
0.439955 1.05029
0.439993 1.0521
0.439986 1.05331
0.439959 1.05089
0.43996 1.05089
0.439983 1.0527
0.439966 1.05089
0.439984 1.0533
0.440019 1.05451
0.440009 1.05511
0.440002 1.05511
0.440007 1.05511
0.440014 1.05572
0.440028 1.05632
0.440033 1.05632
0.440041 1.05692
0.440048 1.05873
0.440114 1.06295
0.440087 1.06175
0.440065 1.05994
0.440065 1.05994
0.440047 1.05813
0.440022 1.05753
0.439995 1.05512
0.439958 1.05151
0.439957 1.0497
0.439925 1.0485
0.439918 1.04729
0.439902 1.04669
0.439891 1.04428
0.439874 1.04368
0.439865 1.04308
0.43986 1.04128
0.439837 1.04067
0.439815 1.03827
0.439814 1.03827
0.439814 1.03827
0.439809 1.03767
0.43977 1.03466
0.439722 1.03106
0.439671 1.02625
0.439661 1.02565
0.439658 1.02445
0.439612 1.02144
0.439609 1.02084
0.439584 1.01844
0.439567 1.01664
0.439547 1.01424
0.439552 1.01424
0.439543 1.01424
0.439572 1.01484
0.439609 1.01844
0.439649 1.02324
0.439654 1.02384
0.439635 1.02384
0.439647 1.02324
0.439652 1.02264
0.439674 1.02564
0.43966 1.02444
0.439633 1.02264
0.439608 1.02084
0.439594 1.01904
0.439587 1.01784
0.439555 1.01605
0.439547 1.01485
0.439559 1.01545
0.439526 1.01245
0.439536 1.01425
0.439549 1.01425
0.439586 1.01784
0.439614 1.01964
0.439601 1.01904
0.439614 1.02024
0.439647 1.02203
0.439655 1.02383
0.439629 1.02084
0.439641 1.02263
0.439641 1.02263
0.439631 1.02203
0.439623 1.02143
0.439629 1.02143
0.439626 1.02143
0.439624 1.02143
0.439607 1.01964
0.43959 1.01845
0.439609 1.01904
0.439617 1.02024
0.439597 1.01904
0.439624 1.02143
0.439631 1.02203
0.439641 1.02143
0.439648 1.02382
0.439631 1.02143
0.43962 1.02084
0.439615 1.02024
0.439608 1.02024
0.439596 1.01964
0.439582 1.01726
0.439556 1.01547
0.439548 1.01487
0.43953 1.01308
0.439503 1.0107
0.439475 1.00831
0.439428 1.00414
0.439405 1.00235
0.439395 1.00056
0.439383 0.999968
0.439364 0.998181
0.439382 0.999372
0.4394 1.00175
0.43942 1.00295
0.43945 1.00533
0.43944 1.00533
0.439427 1.00414
0.439424 1.00295
0.439409 1.00235
0.43941 1.00235
0.439398 1.00116
0.439413 1.00235
0.43941 1.00176
0.439379 0.999972
0.439373 0.998188
0.439382 0.999972
0.43942 1.00176
0.439457 1.00413
0.43948 1.0077
0.43949 1.00829
0.43954 1.01245
0.439553 1.01305
0.439584 1.01542
0.4396 1.01839
0.439627 1.02077
0.439652 1.02196
0.439675 1.02493
0.439704 1.0273
0.439701 1.02671
0.439697 1.02671
0.439686 1.02671
0.439676 1.02493
0.439668 1.02433
0.439683 1.02552
0.439706 1.0273
0.439706 1.02789
0.439716 1.02908
0.439709 1.02789
0.439671 1.02612
0.439676 1.02434
0.439706 1.02552
0.439706 1.02789
0.439698 1.02671
0.439707 1.02789
0.43971 1.02849
0.439721 1.02849
0.439718 1.02908
0.439723 1.02967
0.43971 1.02849
0.439702 1.02789
0.439751 1.02789
0.439747 1.03145
0.439765 1.03204
0.439782 1.0344
0.43982 1.03618
0.439827 1.03795
0.439831 1.03914
0.439839 1.03914
0.439858 1.0415
0.439841 1.03973
0.439862 1.0415
0.439856 1.0415
0.439886 1.04209
0.43993 1.04564
0.439947 1.048
0.439946 1.04919
0.439944 1.04859
0.439942 1.048
0.439923 1.04682
0.439933 1.048
0.439934 1.04741
0.439959 1.04918
0.439976 1.05037
0.440002 1.05332
0.440015 1.0545
0.440015 1.0545
0.440019 1.05627
0.439981 1.05214
0.439978 1.05155
0.439999 1.05273
0.440057 1.05627
0.440095 1.06039
0.440081 1.06098
0.440087 1.06157
0.440092 1.06216
0.440061 1.05922
0.440028 1.05686
0.440072 1.05863
0.440064 1.05922
0.440061 1.05922
0.440075 1.06039
0.440094 1.06098
0.440095 1.06157
0.44011 1.06334
0.440123 1.06451
0.440115 1.06334
0.440106 1.06334
0.440087 1.06157
0.440065 1.05922
0.440044 1.05745
0.440035 1.05628
0.440024 1.05569
0.440037 1.05628
0.440065 1.05863
0.440049 1.05804
0.440045 1.05804
0.440022 1.05628
0.440011 1.05451
0.439994 1.05393
0.44 1.05216
0.440034 1.05686
0.44003 1.05686
0.440024 1.05569
0.440028 1.0551
0.440042 1.05686
0.440037 1.05686
0.439998 1.05393
0.44002 1.05569
0.440007 1.05452
0.439999 1.05334
0.439972 1.05217
0.439935 1.04806
0.439906 1.04571
0.439908 1.04571
0.439901 1.04454
0.439904 1.04513
0.439896 1.04571
0.439878 1.04278
0.439868 1.04161
0.439831 1.03927
0.439839 1.03985
0.439831 1.03868
0.439829 1.03868
0.439863 1.04278
0.439888 1.04337
0.439936 1.04629
0.439933 1.04805
0.439956 1.04922
0.43994 1.04864
0.439938 1.04805
0.439974 1.05098
0.439968 1.05098
0.439947 1.04922
0.439921 1.04688
0.439878 1.04396
0.439845 1.04045
0.439825 1.03928
0.439792 1.03577
0.439763 1.03343
0.439762 1.03226
0.43979 1.0346
0.439775 1.03343
0.439773 1.03343
0.439776 1.03401
0.439801 1.03518
0.439805 1.03635
0.439819 1.03693
0.439806 1.03693
0.439789 1.0346
0.439826 1.03693
0.439809 1.03635
0.439828 1.0381
0.439823 1.03752
0.439841 1.03869
0.439863 1.04102
0.439872 1.0416
0.439902 1.04452
0.439902 1.04452
0.439891 1.04394
0.439843 1.04044
0.439813 1.03752
0.439791 1.03461
0.439783 1.03402
0.439773 1.03286
0.439738 1.03111
0.439723 1.02936
0.439701 1.02761
0.439665 1.02412
0.439649 1.02237
0.439657 1.02353
0.439654 1.02295
0.439683 1.02586
0.439717 1.02819
0.439726 1.02819
0.439724 1.02877
0.43971 1.02819
0.439702 1.02703
0.439678 1.02645
0.439655 1.02354
0.439681 1.0247
0.439684 1.02586
0.4397 1.02703
0.439684 1.02586
0.439691 1.02586
0.439724 1.02877
0.439742 1.02935
0.439743 1.0311
0.439751 1.03168
0.439772 1.03284
0.439774 1.03342
0.439768 1.034
0.439749 1.03226
0.439772 1.03342
0.439788 1.034
0.43982 1.03749
0.439842 1.03981
0.439852 1.04039
0.439894 1.04271
0.439952 1.04678
0.439986 1.04852
0.440025 1.05432
0.440034 1.05606
0.440018 1.05606
0.440008 1.05432
0.439991 1.05258
0.439975 1.05142
0.439945 1.04852
0.439928 1.04736
0.43997 1.04852
0.440024 1.05316
0.440028 1.05548
0.440026 1.05606
0.440047 1.05548
0.440056 1.05779
0.440064 1.05895
0.440082 1.06069
0.440091 1.06069
0.440107 1.06243
0.44011 1.06301
0.440131 1.06532
0.440151 1.06648
0.440184 1.06937
0.440191 1.06995
0.44018 1.06937
0.440183 1.06995
0.440164 1.06822
0.440151 1.06706
0.440155 1.06648
0.440165 1.06764
0.44015 1.06706
0.440163 1.06822
0.440145 1.0659
0.440145 1.06648
0.440173 1.06764
0.440195 1.06937
0.440236 1.07399
0.440252 1.0763
0.440269 1.07746
0.440281 1.0763
0.440291 1.07919
0.440263 1.0763
0.440246 1.07457
0.440253 1.07573
0.440241 1.07573
0.440242 1.07457
0.440256 1.07573
0.440249 1.07573
0.440225 1.074
0.440206 1.07169
0.440222 1.07342
0.440216 1.07169
0.440219 1.07284
0.440248 1.07457
0.440257 1.07573
0.440247 1.07573
0.44027 1.07688
0.440293 1.07976
0.44031 1.08091
0.440315 1.08091
0.440331 1.08206
0.440338 1.08322
0.440331 1.08264
0.440318 1.08149
0.440294 1.07976
0.4403 1.07976
0.440309 1.08091
0.440354 1.08379
0.44038 1.08494
0.440384 1.08724
0.440386 1.08782
0.440401 1.08839
0.440408 1.08897
0.440416 1.09012
0.440448 1.09185
0.440485 1.09587
0.440464 1.09472
0.440459 1.09357
0.440461 1.09472
0.44044 1.093
0.440422 1.09127
0.44042 1.0907
0.440389 1.08955
0.440405 1.0884
0.440429 1.09127
0.440418 1.09127
0.440447 1.09299
0.440456 1.09414
0.440446 1.09299
0.440435 1.09242
0.440418 1.09127
0.440438 1.09185
0.440444 1.09299
0.440447 1.09299
0.440484 1.09586
0.440462 1.09586
0.440465 1.09529
0.440452 1.09357
0.440459 1.09414
0.440479 1.09644
0.440491 1.09758
0.440485 1.09701
0.440493 1.09701
0.440481 1.09701
0.440457 1.09472
0.440454 1.09414
0.440411 1.09071
0.44043 1.09185
0.440433 1.09185
0.440423 1.09128
0.440421 1.09185
0.440453 1.09128
0.440468 1.09529
0.440488 1.097
0.440516 1.09987
0.440473 1.09586
0.440472 1.09472
0.440449 1.09414
0.440436 1.09186
0.440421 1.09014
0.440438 1.09243
0.440448 1.093
0.440464 1.09529
0.440448 1.09357
0.440439 1.09243
0.440408 1.09014
0.440404 1.09014
0.440409 1.09014
0.440422 1.09128
0.440428 1.09186
0.440425 1.09186
0.440425 1.09186
0.440446 1.09243
0.440432 1.09186
0.440402 1.09014
0.440374 1.08729
0.440357 1.08558
0.440354 1.08558
0.44032 1.08386
0.440336 1.08272
0.440358 1.08558
0.440356 1.08558
0.44037 1.08615
0.440388 1.08843
0.440388 1.08786
0.440414 1.09014
0.440442 1.09299
0.440451 1.09356
0.440462 1.09527
0.440452 1.0947
0.440449 1.09413
0.440462 1.09527
0.44048 1.09584
0.44049 1.09698
0.440509 1.09983
0.440501 1.09812
0.440488 1.09755
0.440518 1.09982
0.440514 1.09982
0.440481 1.09698
0.440459 1.0947
0.440463 1.09413
0.440498 1.09755
0.440494 1.09755
0.440495 1.09812
0.440493 1.09812
0.44051 1.09868
0.440469 1.09641
0.44047 1.09584
0.440456 1.09414
0.440427 1.093
0.440423 1.09243
0.440426 1.09129
0.44044 1.09243
0.44044 1.09357
0.44043 1.09129
0.440434 1.093
0.440404 1.09016
0.440387 1.08789
0.440366 1.08675
0.440349 1.08505
0.440343 1.08391
0.440331 1.08448
0.440282 1.08051
0.440279 1.07937
0.440243 1.07653
0.44022 1.07426
0.44021 1.07313
0.440218 1.07313
0.440225 1.0737
0.440221 1.0737
0.440197 1.07199
0.440205 1.07143
0.44021 1.07313
0.44023 1.07426
0.440224 1.07426
0.440224 1.07313
0.440257 1.0771
0.440264 1.07766
0.440231 1.07596
0.440241 1.07426
0.440245 1.07653
0.44024 1.0754
0.440264 1.07766
0.440287 1.07993
0.440296 1.07993
0.4403 1.08049
0.440322 1.08162
0.440337 1.08445
0.440369 1.08728
0.440401 1.08955
0.440416 1.09124
0.44041 1.09068
0.440418 1.09011
0.440424 1.09181
0.440431 1.09294
0.440451 1.09464
0.440473 1.09633
0.440475 1.0969
0.440469 1.09633
0.440469 1.09577
0.44044 1.09407
0.440438 1.09351
0.440445 1.09407
0.440422 1.09181
0.440437 1.09351
0.440451 1.09351
0.44046 1.0952
0.440456 1.0952
0.440465 1.09464
0.440473 1.09633
0.440464 1.09576
0.440457 1.09464
0.440434 1.09351
0.440438 1.09351
0.44044 1.09407
0.440449 1.09464
0.440444 1.09407
0.440441 1.09351
0.440447 1.09407
0.440457 1.09407
0.440467 1.0952
0.440488 1.09689
0.440471 1.09689
0.440483 1.09745
0.440484 1.09745
0.440474 1.09689
0.440474 1.09689
0.440467 1.09633
0.440439 1.09351
0.440416 1.09182
0.440404 1.0907
0.440406 1.09013
0.440377 1.08844
0.440361 1.08619
0.440369 1.08732
0.44036 1.08676
0.440376 1.08844
0.440376 1.08788
0.440372 1.08788
0.44035 1.08563
0.440328 1.08394
0.440301 1.08226
0.440266 1.07888
0.440247 1.07663
0.440251 1.07607
0.440266 1.0772
0.440288 1.07944
0.440296 1.08057
0.440329 1.08338
0.44033 1.08394
0.440329 1.0845
0.440346 1.08506
0.440348 1.08506
0.440346 1.08562
0.440327 1.08394
0.440302 1.08169
0.440284 1.07945
0.440284 1.08001
0.440256 1.07777
0.440238 1.07608
0.440247 1.07777
0.440263 1.07833
0.440279 1.07889
0.440294 1.08057
0.44028 1.08001
0.440282 1.07833
0.440299 1.08113
0.440308 1.08281
0.440371 1.08505
0.440409 1.0901
0.440478 1.09458
0.440497 1.0985
0.44052 1.1013
0.440526 1.10187
0.440516 1.10187
0.440507 1.0985
0.440526 1.10186
0.4405 1.09907
0.44049 1.09795
0.44051 1.09962
0.440519 1.09962
0.440536 1.10242
0.440557 1.10242
0.440555 1.10466
0.44054 1.1041
0.440535 1.10242
0.440526 1.1013
0.440546 1.10298
0.440556 1.10186
0.44056 1.10466
0.440561 1.10466
0.440584 1.10578
0.440598 1.10634
0.440591 1.10745
0.440589 1.1069
0.440589 1.1069
0.440591 1.10745
0.440587 1.10745
0.440604 1.10913
0.440606 1.10801
0.440613 1.10969
0.440588 1.1069
0.44062 1.10913
0.440634 1.1108
0.440636 1.11192
0.440649 1.11304
0.440649 1.11304
0.44063 1.11136
0.440615 1.10969
0.440565 1.10578
0.440564 1.10578
0.440537 1.103
0.440521 1.10132
0.440521 1.10244
0.440474 1.09798
0.440456 1.09575
0.440471 1.09631
0.440484 1.09798
0.440458 1.09575
0.440463 1.09575
0.440474 1.09686
0.440497 1.09798
0.440511 1.10021
0.440512 1.10076
0.440525 1.10188
0.440532 1.10243
0.440552 1.10355
0.440572 1.10633
0.440595 1.10689
0.440605 1.10911
0.440593 1.108
0.440612 1.10967
0.440584 1.10744
0.44056 1.10522
0.44056 1.10522
0.44054 1.10355
0.440521 1.10188
0.440566 1.10466
0.440594 1.10744
0.44061 1.10855
0.440613 1.10855
0.440632 1.11078
0.440623 1.11189
0.440642 1.11244
0.440661 1.11411
0.440655 1.11355
0.440645 1.11355
0.440614 1.11022
0.440592 1.108
0.440614 1.10967
0.440642 1.11189
0.440639 1.113
0.440628 1.11133
0.44061 1.10967
0.440641 1.11133
0.440669 1.11355
0.440688 1.11633
0.440706 1.11799
0.440694 1.11744
0.440684 1.11633
0.440672 1.11466
0.440678 1.11633
0.440643 1.113
0.440644 1.11244
0.440637 1.11244
0.440606 1.11023
0.440603 1.10912
0.440576 1.1069
0.440553 1.10524
0.440562 1.10413
0.440576 1.10579
0.44062 1.10967
0.440628 1.11133
0.440659 1.11355
0.440702 1.11687
0.440735 1.12074
0.440738 1.1213
0.440734 1.1213
0.44075 1.12296
0.440769 1.12351
0.440804 1.12683
0.440804 1.12628
0.440814 1.12794
0.440838 1.1307
0.440854 1.13181
0.440859 1.13291
0.440867 1.13291
0.440878 1.13402
0.440879 1.13457
0.440891 1.13457
0.440894 1.13457
0.440891 1.13513
0.440865 1.13292
0.440873 1.13347
0.44089 1.13513
0.440839 1.13071
0.440832 1.13071
0.440819 1.12905
0.440815 1.12795
0.440798 1.12684
0.440744 1.12243
0.440727 1.11967
0.440742 1.12187
0.440723 1.12132
0.440704 1.11912
0.44067 1.11581
0.440685 1.11691
0.440694 1.11801
0.440704 1.11856
0.44076 1.12242
0.440774 1.12518
0.440799 1.12628
0.44082 1.12738
0.440828 1.13014
0.44081 1.12794
0.440791 1.12683
0.440749 1.12298
