0.439959 1.06241
0.44 1.06612
0.440022 1.06612
0.440068 1.07077
0.440122 1.07356
0.440101 1.07356
0.44014 1.07634
0.440222 1.07913
0.440302 1.08562
0.440282 1.08841
0.440291 1.08655
0.440326 1.09026
0.440337 1.09211
0.440377 1.09397
0.440344 1.09212
0.44032 1.08934
0.440348 1.09119
0.440313 1.08934
0.44032 1.09026
0.440321 1.08934
0.440349 1.09396
0.440337 1.09119
0.440351 1.09211
0.44031 1.08841
0.440314 1.09026
0.44033 1.09119
0.44036 1.09026
0.440389 1.09303
0.440422 1.09765
0.44034 1.09304
0.440338 1.09027
0.440357 1.09119
0.440387 1.09396
0.440399 1.09488
0.440445 1.0958
0.440462 1.10134
0.440492 1.10041
0.440521 1.1041
0.440551 1.10687
0.440563 1.10871
0.440618 1.11147
0.440648 1.11424
0.440688 1.11792
0.44075 1.1216
0.440846 1.1262
0.440845 1.1308
0.440898 1.1308
0.440967 1.13632
0.44101 1.14184
0.441089 1.14644
0.441117 1.15103
0.441099 1.15011
0.441109 1.15103
0.441099 1.1492
0.441111 1.15011
0.441097 1.1492
0.441175 1.15287
0.441209 1.15562
0.441236 1.16021
0.441252 1.16021
0.44122 1.15746
0.441321 1.16479
0.441314 1.16479
0.441419 1.17121
0.44143 1.17304
0.441458 1.1767
0.441498 1.18036
0.441512 1.18128
0.441553 1.18311
0.441592 1.18586
0.441591 1.18494
0.441656 1.18952
0.44167 1.19317
0.441724 1.19683
0.441707 1.19592
0.441685 1.195
0.44165 1.19226
0.441675 1.19318
0.441658 1.19409
0.441596 1.18952
0.441532 1.18587
0.441528 1.18405
0.441548 1.18496
0.441597 1.1877
0.441599 1.18861
0.441616 1.19043
0.441625 1.18952
0.44164 1.19043
0.441668 1.19408
0.441677 1.19408
0.441656 1.19499
0.441701 1.19499
0.441679 1.19408
0.441692 1.19499
0.441672 1.19135
0.441691 1.19499
0.441665 1.19408
0.441594 1.18953
0.441602 1.18862
0.441567 1.1868
0.441509 1.18226
0.44149 1.18226
0.441492 1.18226
0.4415 1.18135
0.44146 1.17772
0.441472 1.17953
0.441412 1.1759
0.441372 1.17046
0.441385 1.17409
0.441378 1.17227
0.441367 1.17227
0.441346 1.17046
0.441326 1.16955
0.44129 1.16684
0.441343 1.16865
0.441369 1.17227
0.441368 1.17227
0.441454 1.1777
0.441508 1.18042
0.441579 1.18585
0.441635 1.18947
0.441612 1.19128
0.441584 1.18766
0.441575 1.18766
0.441556 1.18585
0.44149 1.18224
0.4414 1.17501
0.44134 1.17049
0.44129 1.16688
0.441259 1.16417
0.441145 1.15695
0.44112 1.15334
0.441078 1.15063
0.441051 1.14792
0.441074 1.14883
0.441079 1.15063
0.441029 1.14702
0.440988 1.14342
0.440969 1.14252
0.440959 1.14162
0.440912 1.13801
0.440907 1.13891
0.440874 1.13531
0.440791 1.12901
0.440763 1.12721
0.440692 1.12181
0.440609 1.11552
0.440574 1.11282
0.440542 1.11012
0.440521 1.10832
0.440495 1.10652
0.44047 1.10652
0.440425 1.10203
0.440354 1.09664
0.440326 1.09305
0.440342 1.09395
0.440322 1.09215
0.4403 1.09126
0.440259 1.08857
0.44028 1.09036
0.440274 1.08946
0.440236 1.08677
0.440292 1.08946
0.440284 1.09036
0.440305 1.09215
0.44033 1.09125
0.440327 1.09394
0.440293 1.09305
0.440329 1.09394
0.440341 1.09394
0.440314 1.09305
0.440341 1.09394
0.440367 1.09484
0.440351 1.09573
0.440364 1.09573
0.44032 1.09394
0.440281 1.09037
0.440253 1.08769
0.440257 1.08858
0.440295 1.09037
0.440321 1.09215
0.440287 1.09126
0.440254 1.08858
0.44021 1.08501
0.440148 1.08055
0.44009 1.07699
0.440068 1.0752
0.439978 1.06807
0.43996 1.06629
0.439925 1.06272
0.43986 1.05827
0.439885 1.05916
0.439902 1.06094
0.439868 1.05827
0.439828 1.0556
0.439802 1.05382
0.439828 1.05382
0.439853 1.05649
0.439867 1.05827
0.439861 1.05827
0.439848 1.05649
0.439853 1.05649
0.439847 1.05649
0.43988 1.05915
0.439862 1.05738
0.439829 1.05649
0.439775 1.05205
0.439743 1.05027
0.439729 1.04761
0.43969 1.04584
0.439712 1.04584
0.439685 1.04318
0.439659 1.04229
0.439642 1.0414
0.439672 1.0414
0.43966 1.04229
0.4396 1.03875
0.439547 1.0352
0.439556 1.03432
0.439545 1.03432
0.439579 1.03697
0.439525 1.03343
0.439527 1.03255
0.439504 1.03078
0.439534 1.03166
0.439562 1.0352
0.439546 1.03343
0.439528 1.03255
0.439514 1.0299
0.439501 1.0299
0.43954 1.03343
0.439541 1.03255
0.439558 1.0352
0.439529 1.03255
0.439468 1.02902
0.439464 1.02814
0.439497 1.02902
0.439491 1.02902
0.43954 1.03166
0.439565 1.03431
0.439576 1.03519
0.43958 1.03607
0.439595 1.03607
0.439613 1.03783
0.439607 1.03783
0.439637 1.03783
0.439593 1.03695
0.43961 1.03695
0.439603 1.03783
0.439626 1.03871
0.439627 1.03959
0.439612 1.03783
0.43956 1.03432
0.439497 1.02992
0.439449 1.02729
0.439477 1.02817
0.439414 1.02377
0.439408 1.02114
0.439413 1.0229
0.439387 1.02026
0.439373 1.02026
0.43939 1.02114
0.439405 1.02202
0.439342 1.01763
0.43937 1.01851
0.439404 1.02114
0.439421 1.02464
0.43946 1.0264
0.439476 1.02815
0.439506 1.03078
0.439522 1.03165
0.439575 1.0334
0.439578 1.03428
0.439595 1.0369
0.439624 1.03778
0.439678 1.04215
0.439683 1.04303
0.439708 1.04478
0.439727 1.04652
0.439694 1.04478
0.439713 1.04565
0.439745 1.04652
0.439746 1.04827
0.439741 1.04914
0.439719 1.04565
0.439737 1.04914
0.439717 1.04652
0.439735 1.0474
0.439755 1.04827
0.439791 1.05176
0.439799 1.05176
0.439791 1.05176
0.439807 1.05089
0.439811 1.05263
0.439785 1.05176
0.439851 1.05611
0.439837 1.05524
0.439763 1.05002
0.439719 1.04654
0.439731 1.04741
0.439756 1.04828
0.43975 1.05089
0.439732 1.04828
0.439713 1.04567
0.439721 1.04741
0.439703 1.04393
0.439764 1.04741
0.439749 1.04914
0.439731 1.04654
0.439726 1.04827
0.439755 1.04741
0.439743 1.04914
0.439698 1.04567
0.439661 1.0422
0.439664 1.04133
0.439669 1.0422
0.439677 1.0422
0.439688 1.04307
0.439719 1.0448
0.439712 1.04827
0.439682 1.04307
0.439666 1.04134
0.439676 1.0422
0.439592 1.03701
0.439492 1.03008
0.439454 1.02662
0.439465 1.02662
0.439407 1.02229
0.439328 1.01624
0.439296 1.01278
0.439306 1.01451
0.439318 1.01537
0.439296 1.01364
0.439248 1.01019
0.439316 1.01278
0.439341 1.0171
0.439351 1.01537
0.439349 1.0171
0.439343 1.01796
0.439346 1.01796
0.439316 1.01451
0.439343 1.01623
0.439392 1.01968
0.439429 1.02227
0.439444 1.024
0.439438 1.024
0.439385 1.02141
0.439361 1.01796
0.439349 1.01624
0.439332 1.01624
0.439303 1.01452
0.439254 1.01022
0.439242 1.00763
0.439223 1.00677
0.439209 1.00677
0.439184 1.00419
0.439204 1.00419
0.439264 1.00935
0.439267 1.01107
0.439305 1.01365
0.439295 1.01365
0.439285 1.01279
0.439302 1.01365
0.439266 1.01021
0.439275 1.01107
0.439285 1.01193
0.439321 1.0145
0.439347 1.01708
0.439403 1.01965
0.439416 1.02051
0.43942 1.02222
0.439404 1.02051
0.439415 1.02137
0.439412 1.02308
0.439401 1.02051
0.439406 1.01965
0.439388 1.02051
0.439364 1.0188
0.439367 1.0188
0.439376 1.01794
0.439416 1.02051
0.439429 1.02136
0.439444 1.02393
0.439453 1.02393
0.439461 1.02564
0.439504 1.02906
0.439565 1.03162
0.43961 1.03675
0.439652 1.0376
0.439703 1.04188
0.439765 1.047
0.439849 1.05212
0.439887 1.0581
0.439902 1.05895
0.439926 1.06066
0.439967 1.06492
0.439982 1.06407
0.440018 1.06748
0.440065 1.07004
0.440044 1.07089
0.44001 1.06833
0.440031 1.06918
0.440004 1.06833
0.439992 1.06748
0.439931 1.06067
0.439894 1.05812
0.439903 1.05982
0.439877 1.05641
0.43986 1.05641
0.439825 1.05386
0.439767 1.04961
0.439763 1.04876
0.439767 1.04791
0.439749 1.04791
0.439788 1.05046
0.439745 1.04706
0.439719 1.04451
0.439711 1.04451
0.439694 1.04366
0.439657 1.04027
0.439651 1.04027
0.439667 1.04112
0.43972 1.04281
0.43971 1.04366
0.439643 1.03942
0.439642 1.03857
0.439689 1.04196
0.439735 1.0462
0.43976 1.04874
0.439758 1.04874
0.439746 1.0479
0.439743 1.0479
0.439708 1.04366
0.439683 1.04366
0.43968 1.04197
0.439663 1.04112
0.439654 1.03943
0.439633 1.03774
0.43961 1.03605
0.439649 1.03859
0.439643 1.03943
0.439645 1.03774
0.439649 1.03943
0.439595 1.03605
0.439581 1.03352
0.439592 1.03352
0.439526 1.03099
0.439519 1.0293
0.439524 1.0293
0.439524 1.03014
0.43951 1.02846
0.439505 1.0293
0.439502 1.02846
0.439521 1.02846
0.439491 1.02761
0.439453 1.02508
0.439429 1.02171
0.439447 1.02256
0.439457 1.02424
0.439399 1.02087
0.439366 1.01666
0.439334 1.01498
0.4393 1.01162
0.439327 1.01414
0.439375 1.01834
0.439429 1.02087
0.439384 1.02003
0.439397 1.02003
0.439445 1.02087
0.439443 1.02339
0.439463 1.02423
0.439479 1.02591
0.439465 1.02591
0.439462 1.02507
0.439459 1.02423
0.439458 1.02423
0.439464 1.02423
0.4394 1.02003
0.439335 1.015
0.439303 1.01249
0.439285 1.01081
0.439288 1.01165
0.439264 1.00997
0.439229 1.00746
0.439266 1.00913
0.439296 1.01081
0.43929 1.01165
0.439337 1.01416
0.439393 1.01834
0.439453 1.02085
0.439455 1.02336
0.439443 1.02336
0.439426 1.02002
0.439445 1.02253
0.439454 1.02336
0.439465 1.02503
0.439441 1.02253
0.43945 1.02336
0.439451 1.02169
0.439427 1.02336
0.439465 1.02253
0.439502 1.02503
0.439527 1.02837
0.439569 1.03254
0.439544 1.03254
0.439551 1.03004
0.439549 1.03088
0.439543 1.03004
0.439484 1.02587
0.439535 1.03004
0.439522 1.02837
0.439569 1.03254
0.439572 1.03087
0.439596 1.03504
0.439632 1.03754
0.439626 1.03587
0.439624 1.0367
0.43966 1.03754
0.439666 1.04003
0.439673 1.04003
0.439657 1.0392
0.439667 1.04086
0.439672 1.04086
0.439666 1.04003
0.439703 1.04336
0.439692 1.04253
0.439703 1.04336
0.439725 1.0417
0.439722 1.04502
0.439735 1.04585
0.439691 1.04253
0.4397 1.0417
0.439711 1.04336
0.439784 1.04833
0.439791 1.04916
0.439816 1.05082
0.43983 1.05248
0.439872 1.05497
0.439902 1.05662
0.439929 1.05911
0.439963 1.0616
0.439981 1.06325
0.439979 1.06408
0.439998 1.06491
0.440031 1.06905
0.440011 1.06739
0.439965 1.06491
0.439917 1.05995
0.439937 1.0616
0.439978 1.06408
0.439937 1.0616
0.439896 1.05747
0.43987 1.05499
0.439837 1.05333
0.439902 1.05747
0.439928 1.05994
0.439899 1.05994
0.439861 1.05582
0.439819 1.05251
0.439779 1.04921
0.439833 1.05251
0.439838 1.05334
0.439811 1.05169
0.439808 1.05004
0.439808 1.05086
0.439759 1.04757
0.439754 1.04757
0.439759 1.04757
0.439755 1.04592
0.439784 1.04757
0.43982 1.05086
0.439855 1.05415
0.43988 1.05662
0.439916 1.05991
0.439925 1.05909
0.439974 1.06403
0.440042 1.06814
0.440068 1.06896
0.44012 1.0739
0.440178 1.07719
0.440184 1.0813
0.440221 1.0813
0.440215 1.08212
0.440238 1.08458
0.440292 1.08951
0.440359 1.09197
0.440419 1.0969
0.440457 1.101
0.440545 1.10757
0.440559 1.11003
0.440613 1.11413
0.440681 1.11823
0.440694 1.12069
0.440694 1.12151
0.440704 1.12069
0.440739 1.12397
0.440787 1.12725
0.440828 1.1297
0.440877 1.13298
0.44089 1.13626
0.440942 1.14035
0.440986 1.1428
0.441012 1.14444
0.441043 1.1469
0.441075 1.14853
0.441121 1.15262
0.441171 1.15753
0.441218 1.1608
0.44124 1.16407
0.441287 1.16489
0.441281 1.16734
0.44132 1.17061
0.441326 1.17142
0.441347 1.17306
0.441338 1.17142
0.441305 1.16979
0.441226 1.16326
0.441251 1.16489
0.441258 1.16571
0.441215 1.16245
0.441239 1.16326
0.441231 1.16408
0.441241 1.16489
0.441203 1.16245
0.44118 1.16
0.441133 1.15674
0.441165 1.15756
0.44115 1.15837
0.441135 1.15511
0.441077 1.15349
0.441104 1.1543
0.441068 1.15105
0.441083 1.15267
0.441103 1.1543
0.441115 1.15511
0.441098 1.15349
0.441084 1.15267
0.441027 1.14861
0.44098 1.14536
0.440965 1.14211
0.440986 1.14455
0.440986 1.14536
0.441012 1.14617
0.441017 1.14861
0.440967 1.14373
0.440935 1.1413
0.440941 1.1413
0.440969 1.14292
0.440978 1.14373
0.44093 1.14049
0.440919 1.13968
0.440934 1.1413
0.440953 1.1413
0.440964 1.14373
0.441006 1.14616
0.44098 1.14535
0.440991 1.14454
0.440976 1.14373
0.440997 1.14454
0.440985 1.14454
0.440989 1.14535
0.44095 1.14131
0.440917 1.1405
0.440891 1.13888
0.440873 1.13645
0.440897 1.13807
0.440819 1.13241
0.440805 1.1316
0.44078 1.12918
0.440767 1.12756
0.440774 1.12999
0.440742 1.12676
0.440707 1.12433
0.440701 1.12272
0.440727 1.12353
0.440738 1.12595
0.440724 1.12514
0.440705 1.12272
0.440727 1.12353
0.440716 1.12433
0.440688 1.12272
0.440722 1.12272
0.440746 1.12514
0.440769 1.12836
0.44075 1.12675
0.440758 1.12836
0.440752 1.12756
0.440746 1.12675
0.440705 1.12514
0.44072 1.12434
0.440711 1.12434
0.440725 1.12273
0.440731 1.12594
0.440712 1.12514
0.440709 1.12434
0.440701 1.12353
0.440704 1.12193
0.440733 1.12514
0.440791 1.12916
0.440802 1.13076
0.440786 1.12996
0.44076 1.12835
0.440722 1.12675
0.440686 1.12354
0.440638 1.11872
0.440638 1.11872
0.440613 1.11712
0.44053 1.1107
0.440506 1.1083
0.440456 1.10429
0.440426 1.10188
0.440417 1.10028
0.440424 1.10188
0.440381 1.09948
0.440386 1.09868
0.440374 1.09788
0.440399 1.09948
0.440373 1.09788
0.440361 1.09708
0.440335 1.09468
0.440289 1.09148
0.440278 1.09068
0.440309 1.09148
0.440326 1.09228
0.440365 1.09627
0.440388 1.09947
0.440375 1.09707
0.440364 1.09627
0.440312 1.09308
0.440227 1.08669
0.440191 1.08349
0.440167 1.0811
0.440126 1.07791
0.44016 1.0803
0.440135 1.07791
0.440166 1.0811
0.440207 1.08429
0.440198 1.08509
0.440188 1.08429
0.440161 1.0811
0.440127 1.07871
0.440096 1.07552
0.440027 1.07074
0.439975 1.06516
0.43998 1.06676
0.439979 1.06596
0.439975 1.06437
0.440007 1.06835
0.440018 1.06914
0.439997 1.06755
0.440021 1.06914
0.440016 1.06914
0.44 1.06835
0.439967 1.06437
0.439902 1.06199
0.439924 1.06119
0.439948 1.06358
0.439931 1.06358
0.439938 1.06358
0.439968 1.06517
0.439969 1.06596
0.43998 1.06675
0.440037 1.07072
0.440024 1.07072
0.44002 1.06993
0.440008 1.06993
0.439953 1.06438
0.439918 1.06279
0.439903 1.06121
0.439908 1.05962
0.439862 1.05803
0.439829 1.05486
0.43985 1.05486
0.439826 1.05486
0.439817 1.05407
0.439863 1.05645
0.439884 1.05882
0.439856 1.05724
0.439847 1.05487
0.43985 1.05328
0.4399 1.05882
0.439926 1.06199
0.439988 1.06515
0.439998 1.06594
0.439997 1.06673
0.439948 1.06357
0.439932 1.06278
0.439926 1.06199
0.439932 1.06278
0.439887 1.05883
0.439943 1.06199
0.439897 1.05962
0.439906 1.06041
0.439928 1.06199
0.439929 1.06278
0.439947 1.06278
0.439982 1.06278
0.440036 1.06987
0.440096 1.07303
0.440122 1.07618
0.440193 1.08091
0.44023 1.08564
0.440281 1.08958
0.440317 1.09273
0.440351 1.09588
0.440334 1.0943
0.440299 1.09273
0.440244 1.08801
0.440214 1.08565
0.440184 1.0825
0.440155 1.08171
0.440115 1.07699
0.44008 1.07463
0.440056 1.07306
0.440018 1.0707
0.440051 1.07149
0.440085 1.07306
0.440074 1.07384
0.440085 1.07384
0.440101 1.07542
0.440091 1.0762
0.44008 1.07385
0.440052 1.07306
0.440011 1.06835
0.440012 1.06835
0.44001 1.06914
0.440015 1.06914
0.440046 1.0707
0.440075 1.07384
0.440053 1.07306
0.44007 1.07306
0.440048 1.07227
0.440071 1.07384
0.440067 1.07462
0.440088 1.07541
0.440067 1.07306
0.440034 1.06993
0.440035 1.07071
0.440002 1.06836
0.440039 1.07149
0.440029 1.06993
0.440041 1.07071
0.440054 1.07227
0.440056 1.07227
0.439988 1.06836
0.440001 1.06914
0.439919 1.06289
0.439903 1.05977
0.43986 1.05742
0.439874 1.05742
0.439844 1.05586
0.439859 1.05664
0.439881 1.05898
0.439894 1.05898
0.439866 1.05742
0.439852 1.05586
0.439885 1.0582
0.439892 1.05898
0.439922 1.06132
0.439954 1.06444
0.439954 1.06444
0.439963 1.06366
0.439977 1.06522
0.439998 1.06834
0.439962 1.06522
0.43998 1.06522
0.440011 1.06911
0.440067 1.07223
0.440064 1.07301
0.440087 1.07379
0.440097 1.07612
0.440085 1.07301
0.440087 1.07534
0.440068 1.07379
0.440048 1.07301
0.440031 1.07068
0.440031 1.07068
0.440035 1.07068
0.440033 1.0699
0.440044 1.07145
0.440107 1.07689
0.440176 1.07922
0.440234 1.08621
0.440318 1.09164
0.440378 1.09552
0.440414 1.10018
0.440445 1.10406
0.440498 1.10716
0.440509 1.10871
0.440489 1.10716
0.440494 1.10794
0.440474 1.10639
0.440413 1.10174
0.440383 1.09864
0.440379 1.09864
0.44041 1.09941
0.440442 1.10173
0.440455 1.10561
0.440495 1.10638
0.440489 1.10638
0.44049 1.10638
0.440472 1.10561
0.440466 1.10561
0.44049 1.10793
0.440484 1.10638
0.440463 1.10561
0.440405 1.10097
0.440436 1.10174
0.440491 1.10638
0.440502 1.10792
0.440464 1.10483
0.440458 1.10483
0.440481 1.1056
0.440514 1.10792
0.440568 1.11255
0.440546 1.11332
0.440483 1.10792
0.44045 1.10561
0.440478 1.10715
0.440451 1.10484
0.440385 1.10021
0.440372 1.09713
0.440374 1.09867
0.440372 1.09713
0.440393 1.09713
0.440404 1.10021
0.440436 1.10021
0.440459 1.10329
0.440525 1.10945
0.440538 1.11099
0.440567 1.1133
0.440583 1.11484
0.440634 1.11792
0.440656 1.12099
0.440659 1.12022
0.440661 1.12099
0.440662 1.12099
0.440687 1.12176
0.440669 1.12253
0.440666 1.12099
0.44066 1.12176
0.440633 1.12022
0.440628 1.11715
0.440656 1.12022
0.440626 1.11946
0.440595 1.11715
0.44056 1.11255
0.440569 1.11332
0.440592 1.11562
0.440573 1.11485
0.440584 1.11485
0.440542 1.11255
0.440559 1.11255
0.440591 1.11638
0.440633 1.11792
0.440605 1.11792
0.440579 1.11485
0.440553 1.11332
0.440493 1.10796
0.440419 1.1026
0.440348 1.09724
0.440326 1.09494
0.440304 1.09341
0.440292 1.09188
0.440307 1.09341
0.440255 1.08959
0.440218 1.08653
0.440173 1.0827
0.440186 1.08347
0.440164 1.0827
0.440139 1.08041
0.440117 1.07888
0.440128 1.07812
0.44011 1.07736
0.440112 1.07736
0.440171 1.08041
0.440159 1.0827
0.440138 1.08041
0.440135 1.07888
0.440115 1.07812
0.440135 1.07812
0.440171 1.0827
0.440159 1.08041
0.44016 1.08117
0.44018 1.08346
0.440209 1.08498
0.440241 1.08651
0.440227 1.08727
0.440241 1.08803
0.440256 1.08879
0.440237 1.08727
0.440209 1.08499
0.44021 1.08422
0.440195 1.08575
0.440164 1.0827
0.440206 1.08346
0.44021 1.08651
0.440195 1.08575
0.44019 1.08346
0.440203 1.08498
0.440223 1.08727
0.440237 1.08803
0.440241 1.08575
0.440229 1.08575
0.440235 1.08802
0.440179 1.08347
0.44014 1.08195
0.440135 1.07967
0.44013 1.08043
0.440158 1.08043
0.44013 1.07967
0.440134 1.07967
0.440153 1.08043
0.440143 1.07967
0.440124 1.07815
0.440131 1.07967
0.440174 1.0827
0.440188 1.08422
0.440185 1.0827
0.44018 1.08422
0.440176 1.08346
0.440187 1.08346
0.440138 1.08043
0.440116 1.07968
0.440076 1.07513
0.440019 1.07059
0.439988 1.06832
0.439962 1.06605
0.439913 1.06227
0.439911 1.06151
0.439905 1.06076
0.439914 1.06
0.439955 1.06454
0.439981 1.06605
0.439992 1.06756
0.439987 1.06756
0.439965 1.0668
0.439959 1.06605
0.439953 1.06529
0.439931 1.06303
0.439929 1.06227
0.43991 1.06303
0.439861 1.05775
0.439915 1.06001
0.43996 1.06378
0.439972 1.06604
0.440003 1.06831
0.440025 1.07057
0.440038 1.07132
0.440067 1.07358
0.440064 1.07358
0.440076 1.07509
0.440077 1.07584
0.440065 1.07434
0.440042 1.07208
0.440074 1.07208
0.440095 1.07584
0.440089 1.07584
0.44008 1.07509
0.440035 1.07358
0.440017 1.06982
0.44 1.06907
0.44001 1.06907
0.439974 1.06832
0.439945 1.06381
0.439969 1.06531
0.439967 1.06606
0.439931 1.06306
0.439914 1.06156
0.43991 1.06156
0.439895 1.06005
0.439919 1.06081
0.439924 1.06381
0.439863 1.0578
0.439869 1.0563
0.43989 1.06005
0.439862 1.05855
0.439839 1.05555
0.439866 1.0578
0.439872 1.0578
0.439874 1.0593
0.439881 1.05855
0.439846 1.05705
0.439826 1.05406
0.439836 1.05406
0.439809 1.05556
0.439795 1.05256
0.439779 1.05031
0.439807 1.05256
0.439793 1.05181
0.439807 1.05331
0.439837 1.0563
0.439836 1.0548
0.439831 1.05406
0.439802 1.05331
0.439812 1.05406
0.439809 1.05331
0.439782 1.05181
0.43977 1.05032
0.439805 1.05181
0.439826 1.0548
0.439845 1.05331
0.439871 1.05854
0.439905 1.06078
0.439975 1.06525
0.440043 1.06899
0.440046 1.07272
0.44006 1.07272
0.440062 1.07346
0.440021 1.07123
0.43998 1.06824
0.439945 1.06452
0.439905 1.06079
0.439917 1.06153
0.439917 1.06153
0.439905 1.06153
0.439879 1.0593
0.439922 1.06153
0.439929 1.06228
0.439918 1.06228
0.439951 1.06377
0.439943 1.066
0.439947 1.06377
0.439959 1.06526
0.43995 1.06451
0.440001 1.06823
0.439991 1.06823
0.439948 1.06526
0.439973 1.06674
0.440003 1.06749
0.439974 1.06674
0.439951 1.06451
0.43992 1.06303
0.439905 1.0608
0.439921 1.06303
0.439901 1.0608
0.439923 1.06154
0.439935 1.06228
0.439955 1.06525
0.439954 1.06525
0.439989 1.06674
0.440024 1.0697
0.440048 1.07341
0.440022 1.07119
0.439982 1.06748
0.440009 1.06971
0.440001 1.06971
0.439988 1.06748
0.439975 1.06748
0.439946 1.0623
0.439995 1.06526
0.44002 1.07118
0.440005 1.0697
0.440018 1.07044
0.44002 1.0697
0.440051 1.0734
0.440089 1.07488
0.440087 1.07562
0.440093 1.07562
0.440042 1.07266
0.44006 1.07414
0.440074 1.07414
0.440029 1.07266
0.439966 1.06675
0.439921 1.0638
0.439873 1.05863
0.439839 1.05641
0.439871 1.05641
0.439904 1.0601
0.439884 1.0601
0.439817 1.05493
0.439794 1.05346
0.439744 1.04829
0.439737 1.04756
0.43973 1.04682
0.439706 1.04461
0.439684 1.04387
0.439655 1.04018
0.439647 1.04018
0.439685 1.04092
0.43969 1.04239
0.439715 1.04387
0.439734 1.04681
0.43974 1.04608
0.439753 1.04829
0.43976 1.04829
0.439726 1.04608
0.439685 1.04313
0.439655 1.04093
0.439667 1.04093
0.439684 1.04313
0.439653 1.03945
0.439648 1.04093
0.439684 1.04166
0.439688 1.0424
0.439672 1.04166
0.439678 1.04166
0.439683 1.0424
0.439678 1.04093
0.439688 1.0424
0.43972 1.0468
0.439738 1.04607
0.439775 1.05047
0.439771 1.05047
0.439779 1.05047
0.439821 1.05414
0.439812 1.05267
0.439815 1.05267
0.43981 1.05267
0.439805 1.05194
0.439813 1.05267
0.439826 1.05414
0.439825 1.05414
0.439822 1.05414
0.439844 1.05634
0.439888 1.05927
0.43992 1.06147
0.439914 1.06147
0.439889 1.05927
0.439875 1.05854
0.439881 1.0578
0.439862 1.05707
0.439837 1.05415
0.43986 1.05561
0.439905 1.05854
0.439945 1.06292
0.439964 1.06585
0.439994 1.06731
0.440026 1.07023
0.440064 1.07316
0.440059 1.07316
0.440047 1.07243
0.440036 1.0717
0.440045 1.07243
0.440071 1.07389
0.440038 1.07243
0.440039 1.07097
0.440054 1.07316
0.440087 1.07389
0.440082 1.07462
0.440085 1.07535
0.440136 1.07899
0.440143 1.08045
0.440156 1.08118
0.440101 1.07681
0.440077 1.07535
0.44009 1.07535
0.440066 1.07462
0.440091 1.07535
0.440104 1.07608
0.440087 1.07753
0.440089 1.07608
0.440077 1.07608
0.440058 1.07316
0.440079 1.07535
0.440089 1.07608
0.440105 1.07608
0.440086 1.07608
0.440082 1.07389
0.440095 1.07608
0.440126 1.07753
0.44014 1.07971
0.440109 1.07898
0.440094 1.07608
0.440076 1.07535
0.440038 1.07172
0.440005 1.06881
0.440031 1.06954
0.440068 1.07317
0.440059 1.07317
0.44001 1.06954
0.439952 1.06446
0.439956 1.06519
0.439936 1.06373
0.439915 1.06083
0.439919 1.06083
0.439905 1.06011
0.439899 1.06083
0.439872 1.05793
0.439828 1.05503
0.439766 1.04996
0.439719 1.04561
0.439737 1.04706
0.439731 1.04634
0.439735 1.04706
0.439698 1.04344
0.439673 1.04199
0.439652 1.04055
0.439659 1.0391
0.439679 1.04199
0.439681 1.04199
0.439697 1.04272
0.439702 1.04489
0.439696 1.04344
0.439749 1.04778
0.439736 1.04706
0.439726 1.04561
0.439716 1.04706
0.439703 1.04417
0.439707 1.04344
0.43971 1.04489
0.43969 1.04272
0.439666 1.04128
0.439654 1.03983
0.439669 1.03983
0.439672 1.04272
0.439714 1.04272
0.439709 1.04488
0.439682 1.04272
0.439668 1.04272
0.439633 1.03839
0.43964 1.03912
0.439591 1.03479
0.439591 1.03551
0.439595 1.03551
0.439616 1.03551
0.439676 1.03983
0.439705 1.04271
0.439721 1.04559
0.439703 1.04415
0.439681 1.04271
0.43965 1.03984
0.439609 1.03696
0.439607 1.03624
0.439583 1.0348
0.439543 1.03192
0.439539 1.02976
0.439491 1.02761
0.439495 1.02689
0.439519 1.02904
0.439547 1.03048
0.439535 1.03048
0.439559 1.03192
0.439557 1.0312
0.439578 1.03264
0.439556 1.03192
0.439613 1.03623
0.439641 1.03694
0.439638 1.0391
0.439647 1.0391
0.439649 1.03982
0.439637 1.03838
0.439604 1.03551
0.439579 1.03336
0.439574 1.03264
0.439566 1.03121
0.439552 1.03193
0.439559 1.03193
0.439513 1.02834
0.439534 1.02834
0.439539 1.03049
0.439553 1.03121
0.439551 1.03049
0.439549 1.03049
0.439514 1.02763
0.439524 1.02834
0.439518 1.02834
0.439552 1.02978
0.43958 1.03264
0.439571 1.03264
0.439579 1.03335
0.439611 1.03478
0.439609 1.03621
0.439663 1.03979
0.439684 1.04193
0.439735 1.04407
0.439746 1.04693
0.439773 1.04836
0.439752 1.04836
0.439738 1.04622
0.439719 1.04479
0.439752 1.0455
0.439693 1.04336
0.439669 1.03979
0.439703 1.04479
0.439685 1.04194
0.439706 1.04408
0.439714 1.04479
0.439715 1.04479
0.439697 1.04336
0.439707 1.04336
0.439707 1.04336
0.439676 1.04123
0.439688 1.04265
0.439701 1.04408
0.439686 1.04194
0.439699 1.04336
0.439731 1.04621
0.439747 1.04692
0.439743 1.04621
0.439753 1.04621
0.43975 1.04763
0.43975 1.04763
0.439735 1.04692
0.439767 1.04835
0.43975 1.04763
0.43973 1.0455
0.439725 1.04479
0.439719 1.04408
0.43973 1.0455
0.439736 1.04621
0.439752 1.04692
0.439771 1.04834
0.439776 1.04905
0.439777 1.04905
0.439788 1.04834
0.439798 1.05118
0.439814 1.05189
0.439859 1.05402
0.439899 1.05828
0.439884 1.05899
0.43991 1.06041
0.439897 1.0597
0.439871 1.05686
0.43987 1.05757
0.439837 1.05473
0.439825 1.05403
0.439771 1.04836
0.439749 1.04694
0.439752 1.04765
0.439719 1.04552
0.439695 1.0434
0.439679 1.04198
0.439674 1.04127
0.439652 1.03844
0.439672 1.04057
0.43971 1.0434
0.43972 1.0441
0.439736 1.04552
0.439722 1.04552
0.439741 1.04623
0.439772 1.04835
0.439772 1.04905
0.439799 1.05047
0.43982 1.05117
0.439844 1.054
0.43989 1.05824
0.439912 1.06036
0.439881 1.05824
0.43988 1.05824
0.439887 1.05824
0.439924 1.06106
0.439946 1.06389
0.439935 1.06389
0.439916 1.06106
0.439905 1.06106
0.439889 1.05895
0.439862 1.05754
0.439873 1.05683
0.439898 1.05965
0.439863 1.05895
0.439846 1.05613
0.43987 1.05683
0.439872 1.05754
0.439914 1.06176
0.439922 1.06176
0.439915 1.06106
0.439874 1.05824
0.439883 1.05824
0.439832 1.05543
0.439756 1.04839
0.439741 1.04628
0.439724 1.04487
0.439713 1.04417
0.439686 1.04206
0.439713 1.04065
0.439735 1.04487
0.439724 1.04628
0.439755 1.04698
0.439773 1.04768
0.439761 1.04909
0.439773 1.04839
0.439821 1.0512
0.439806 1.0519
0.439799 1.0519
0.439804 1.04979
0.43987 1.054
0.439942 1.06102
0.439974 1.06383
0.439967 1.06523
0.439995 1.06734
0.439962 1.06453
0.439932 1.06243
0.439904 1.05962
0.439927 1.06103
0.439949 1.06383
0.439954 1.06383
0.439926 1.06103
0.439884 1.05892
0.439827 1.05402
0.439808 1.05262
0.439766 1.04772
0.439723 1.04632
0.439685 1.04212
0.439667 1.04002
0.439651 1.03792
0.43968 1.04002
0.4397 1.04072
0.43972 1.04351
0.439757 1.04701
0.439761 1.04911
0.439792 1.04911
0.439799 1.05121
0.43984 1.0547
0.439832 1.054
0.439853 1.0554
0.439885 1.05819
0.439895 1.05889
0.439859 1.0561
0.439837 1.05331
0.439867 1.0561
0.439885 1.05749
0.43988 1.05749
0.439858 1.0561
0.439837 1.0547
0.43979 1.05052
0.439765 1.04842
0.439754 1.04773
0.439716 1.04424
0.439677 1.04145
0.439652 1.03866
0.439619 1.03588
0.439657 1.03866
0.43961 1.03518
0.439573 1.03309
0.439517 1.02752
0.439481 1.02473
0.439461 1.02403
0.439407 1.01846
0.439389 1.01638
0.43938 1.01638
0.439386 1.01638
0.439403 1.01707
0.439389 1.01707
0.439393 1.01568
0.439394 1.01707
0.439402 1.01777
0.439431 1.02055
0.439478 1.02402
0.439512 1.02611
0.43955 1.03028
0.43957 1.03236
0.439595 1.03375
0.439599 1.03445
0.439581 1.03167
0.439572 1.03236
0.439567 1.03167
0.439554 1.03028
0.439566 1.03167
0.439593 1.03306
0.439605 1.03306
0.439629 1.03722
0.439655 1.03861
0.439677 1.03999
0.4397 1.04277
0.43968 1.04069
0.439682 1.03999
0.439688 1.04138
0.439631 1.03792
0.439618 1.03584
0.439632 1.03722
0.439603 1.03514
0.439584 1.03307
0.439559 1.03099
0.439562 1.03099
0.439571 1.0303
0.439565 1.0303
0.439554 1.0303
0.439574 1.03099
0.439565 1.03099
0.439597 1.03306
0.439632 1.03583
0.439634 1.03652
0.439644 1.03721
0.439641 1.0379
0.439643 1.0379
0.439627 1.03652
0.439591 1.03376
0.439637 1.03583
0.439654 1.03859
0.439642 1.03859
0.439654 1.0379
0.439659 1.03928
0.439693 1.04136
0.439698 1.04205
0.439691 1.04067
0.43968 1.04205
0.439703 1.04205
0.439706 1.04342
0.439723 1.04411
0.439682 1.04136
0.439666 1.03998
0.439661 1.03929
0.439654 1.03791
0.439635 1.03722
0.439597 1.03446
0.439589 1.03309
0.439562 1.03102
0.439577 1.03033
0.439573 1.03171
0.439593 1.0324
0.439605 1.03515
0.439592 1.03309
0.439555 1.03033
0.439578 1.03033
0.439596 1.03377
0.439582 1.0324
0.439591 1.0324
0.439575 1.0324
0.439603 1.03308
0.439605 1.03446
0.439608 1.03308
0.439603 1.03377
0.439557 1.03034
0.43956 1.03034
0.439548 1.02896
0.4395 1.02622
0.439479 1.02347
0.439494 1.02484
0.439499 1.02484
0.439467 1.02278
0.439442 1.02072
0.439411 1.01935
0.439374 1.01524
0.43938 1.01524
0.439392 1.01592
0.439403 1.01592
0.439406 1.01798
0.439391 1.01524
0.439382 1.01592
0.439347 1.01387
0.43935 1.01387
0.439388 1.01455
0.439421 1.01866
0.439457 1.0214
0.43944 1.02072
0.439412 1.01798
0.439402 1.01729
0.439361 1.01387
0.439313 1.00976
0.439282 1.00771
0.439261 1.00566
0.439246 1.00429
0.439225 1.00224
0.439225 1.00156
0.439184 0.999504
0.439141 0.995402
0.439116 0.993352
0.439081 0.989935
0.439051 0.987885
0.439053 0.987885
0.439053 0.987202
0.439082 0.989934
0.439102 0.988568
0.439079 0.989934
0.439059 0.988568
0.43909 0.990616
0.439094 0.991298
0.43905 0.987204
0.439018 0.984475
0.438998 0.983111
0.438955 0.980383
0.438937 0.977655
0.438905 0.974928
0.438884 0.973564
0.438864 0.971519
0.438803 0.966749
0.438769 0.964023
0.438782 0.963342
0.438743 0.961298
0.438749 0.96266
0.43871 0.959255
0.438692 0.956531
0.438697 0.957893
0.438696 0.957212
0.43869 0.956532
0.43868 0.955851
0.438661 0.95449
0.43866 0.95449
0.438644 0.95313
0.438645 0.95245
0.438649 0.95313
0.438638 0.95245
0.438626 0.951091
0.438631 0.950411
0.438675 0.955847
0.438707 0.955168
0.438714 0.958565
0.438743 0.961282
0.438733 0.960603
0.438695 0.957207
0.438721 0.959244
0.438738 0.959244
0.438738 0.959923
0.438762 0.962637
0.438804 0.964673
0.438828 0.966708
0.438879 0.968065
0.438923 0.973491
0.438941 0.976881
0.438974 0.979593
0.438976 0.980949
0.438974 0.979593
0.438949 0.978238
0.438976 0.980271
0.438959 0.978916
0.438995 0.981625
0.438999 0.982303
0.438982 0.981626
0.438999 0.982303
0.438993 0.982303
0.439002 0.981626
0.439008 0.982979
0.439026 0.983656
0.439035 0.984333
0.439064 0.986362
0.439093 0.989068
0.43913 0.99042
0.439147 0.993801
0.439165 0.995829
0.439117 0.993125
0.439106 0.991098
0.439089 0.990422
0.439085 0.989071
0.439097 0.989071
0.439111 0.991097
0.439147 0.994474
0.439172 0.996499
0.439221 0.998525
0.439233 1.00055
0.439265 1.00122
0.439302 1.00595
0.439314 1.00865
0.439335 1.00865
0.439325 1.00932
0.439349 1.00932
0.439328 1.01
0.439348 1.01
0.439329 1.00932
0.439314 1.00797
0.439339 1.01
0.43935 1.01
0.439358 1.01202
0.439337 1.01067
0.439357 1.01
0.439332 1.00932
0.439349 1.01
0.439363 1.01067
0.439358 1.01067
0.439393 1.01403
0.439408 1.01605
0.439431 1.01538
0.439446 1.01874
0.439437 1.01807
0.439411 1.0174
0.439393 1.01404
0.439407 1.01471
0.439389 1.01404
0.439346 1.01202
0.439337 1.01001
0.4393 1.00732
0.439325 1.00866
0.43932 1.00866
0.439316 1.00799
0.43932 1.00799
0.439303 1.00732
0.439318 1.00866
0.439325 1.00866
0.43932 1.00799
0.439284 1.00598
0.439279 1.00531
0.439289 1.00598
0.439305 1.00598
0.439314 1.00665
0.439347 1.01067
0.439343 1.01
0.43937 1.01201
0.439365 1.01268
0.439366 1.01268
0.43937 1.01201
0.439364 1.01201
0.439388 1.01335
0.439368 1.01268
0.439354 1.01134
0.439321 1.00799
0.439305 1.00666
0.439269 1.00398
0.439238 1.0013
0.439199 0.999294
0.439158 0.994611
0.439166 0.99528
0.439172 0.99528
0.439157 0.99528
0.439133 0.991268
0.439171 0.995279
0.439182 0.994611
0.439224 0.99862
0.439259 1.00263
0.439276 1.0053
0.43925 1.00263
0.439239 1.00129
0.439233 1.00129
0.439245 1.00196
0.439236 1.00063
0.439248 1.00129
0.439217 0.999292
0.43917 0.995288
0.439163 0.995955
0.439127 0.991953
0.439114 0.990619
0.439152 0.991952
0.439169 0.995286
0.439208 0.997287
0.43923 1.00062
0.439257 1.00262
0.439304 1.00395
0.439347 1.00795
0.439363 1.01062
0.439382 1.01195
0.439403 1.01395
0.439398 1.01395
0.439418 1.01594
0.439397 1.01395
0.439399 1.01461
0.439408 1.01328
0.439427 1.01661
0.439407 1.01661
0.439389 1.01395
0.439419 1.01461
0.439401 1.01461
0.439393 1.01195
0.439385 1.01328
0.439365 1.01195
0.439349 1.00929
0.439339 1.00929
0.439354 1.01062
0.439335 1.00929
0.439381 1.01129
0.43939 1.01328
0.43938 1.01195
0.439356 1.01062
0.439363 1.01129
0.439357 1.01062
0.439402 1.01328
0.439434 1.01726
0.439432 1.0166
0.439451 1.01726
0.439502 1.01991
0.439485 1.0219
0.439492 1.02124
0.439459 1.01991
0.439412 1.01527
0.439428 1.0166
0.439473 1.01859
0.439478 1.01991
0.439484 1.0219
0.439467 1.01991
0.439458 1.01925
0.439457 1.01792
0.439458 1.01925
0.439468 1.01925
0.439425 1.01594
0.439409 1.01462
0.439399 1.01395
0.439394 1.01395
0.439398 1.01329
0.439391 1.01329
0.439379 1.01197
0.439351 1.00999
0.439334 1.00866
0.439317 1.008
0.439293 1.00536
0.439254 1.00139
0.439242 1.00073
0.439237 1.00007
0.439233 0.998751
0.439246 0.999412
0.439275 1.00271
0.439294 1.00535
0.439315 1.00601
0.439306 1.00601
0.439274 1.00338
0.43922 0.998756
0.439189 0.996117
0.439193 0.996117
0.439181 0.995457
0.439171 0.994798
0.439195 0.996116
0.439206 0.997435
0.439199 0.996117
0.439179 0.994798
0.439141 0.991503
0.439141 0.991503
0.439191 0.996115
0.439245 1.00073
0.439274 1.00204
0.43931 1.0027
0.439321 1.00665
0.439326 1.00731
0.439356 1.00929
0.439386 1.0106
0.439405 1.01192
0.439423 1.01455
0.439432 1.01587
0.439449 1.01718
0.439471 1.0185
0.43945 1.01784
0.439482 1.01981
0.439457 1.0185
0.439482 1.01981
0.439492 1.02113
0.439485 1.02047
0.439465 1.01915
0.439443 1.01718
0.439386 1.01259
0.439377 1.01259
0.439383 1.01259
0.439406 1.01456
0.439408 1.0139
0.439397 1.01324
0.439401 1.01259
0.439396 1.01259
0.439396 1.01193
0.439391 1.01324
0.439397 1.01324
0.439444 1.01652
0.439433 1.01652
0.439379 1.01259
0.439358 1.00997
0.439328 1.00734
0.439332 1.008
0.439329 1.00669
0.439348 1.00865
0.439305 1.00538
0.43928 1.00341
0.439268 1.00211
0.439287 1.00341
0.439325 1.00669
0.439346 1.008
0.439337 1.008
0.439311 1.00538
0.439283 1.00342
0.439265 1.00276
0.439314 1.00276
0.439323 1.00538
0.439335 1.00734
0.439353 1.0093
0.439351 1.0093
0.43937 1.0093
0.439409 1.01322
0.4394 1.01257
0.439378 1.01192
0.439368 1.01061
0.439359 1.0093
0.439341 1.00865
0.439299 1.00604
0.439328 1.00669
0.439318 1.00539
0.439337 1.00734
0.439334 1.00669
0.43933 1.00669
0.439321 1.00604
0.439318 1.00734
0.439328 1.00604
0.43933 1.00669
0.439363 1.00995
0.439349 1.008
0.439356 1.00865
0.439375 1.01125
0.439337 1.00734
0.439316 1.00474
0.439334 1.00669
0.439325 1.00669
0.439308 1.00474
0.439313 1.00474
0.439262 1.00213
0.439224 0.997578
0.439233 0.998879
0.439221 0.996927
0.439219 0.997578
0.43919 0.994975
0.439183 0.994325
0.43922 0.997577
0.439205 0.996927
0.439179 0.994976
0.439163 0.992375
0.439117 0.989125
0.439136 0.990425
0.439154 0.991725
0.439145 0.991725
0.439157 0.991075
0.439191 0.994973
0.439214 0.996921
0.439195 0.995622
0.439184 0.993674
0.43918 0.994324
0.439184 0.994324
0.439191 0.994973
0.4392 0.994973
0.439182 0.993675
0.439186 0.993675
0.439191 0.994324
0.439193 0.994324
0.439218 0.996269
0.439227 0.997566
0.439235 0.998214
0.439277 0.998862
0.439285 1.0021
0.4393 1.00405
0.4393 1.00405
0.439293 1.0034
0.439298 1.0034
0.439308 1.00469
0.439331 1.00469
0.439366 1.00858
0.439362 1.00923
0.439338 1.00664
0.439343 1.00793
0.439332 1.00664
0.4393 1.00405
0.439284 1.00276
0.439271 1.00146
0.439288 1.00146
0.43929 1.00211
0.439299 1.0034
0.439262 1.00146
0.439272 1.00146
0.439284 1.00082
0.439287 1.00146
0.439321 1.00405
0.439339 1.00598
0.439348 1.00792
0.439345 1.00728
0.439334 1.00663
0.439322 1.00598
0.439318 1.00534
0.439317 1.00534
0.439336 1.00598
0.439354 1.00857
0.43935 1.00728
0.43934 1.00728
0.439306 1.0047
0.439301 1.00341
0.439314 1.00405
0.439339 1.00663
0.439311 1.00405
0.439328 1.00598
0.439318 1.00598
0.439314 1.00534
0.439328 1.00598
0.439318 1.00534
0.439292 1.00212
0.439289 1.00341
0.439276 1.00083
0.439299 1.00341
0.439286 1.00212
0.439274 1.00083
0.43927 1.00019
0.439251 0.999546
0.439217 0.996329
0.439175 0.99247
0.43913 0.989254
0.439158 0.99054
0.439164 0.991826
0.43918 0.992469
0.439168 0.991826
0.439184 0.993112
0.4392 0.994397
0.439179 0.994397
0.439188 0.993755
0.439237 0.998251
0.439262 0.999535
0.439249 0.999535
0.439272 0.998893
0.439283 1.0021
0.439304 1.0021
0.439343 1.0066
0.439365 1.0066
0.439367 1.00788
0.439367 1.00788
0.439407 1.0098
0.43939 1.01173
0.439377 1.0098
0.439406 1.01109
0.439422 1.01365
0.439437 1.01493
0.439492 1.01814
0.43954 1.0207
0.43955 1.02454
0.439599 1.02839
0.439624 1.03031
0.439629 1.03159
0.439642 1.03095
0.439674 1.03415
0.439683 1.03479
0.439666 1.03479
0.439665 1.03479
0.439636 1.03223
0.439651 1.03223
0.439654 1.03223
0.439673 1.03415
0.439678 1.03543
0.439656 1.03351
0.439645 1.03223
0.439664 1.03351
0.439631 1.03223
0.439606 1.02904
0.439594 1.0284
0.43961 1.0284
0.439572 1.02712
0.439513 1.02201
0.439459 1.0169
0.43944 1.01499
0.439442 1.01499
0.439445 1.01499
0.439454 1.01499
0.439479 1.01754
0.439504 1.01945
0.439529 1.022
0.439549 1.02392
0.439582 1.02711
0.439628 1.0303
0.439638 1.0303
0.439639 1.03157
0.439636 1.03093
0.439634 1.02966
0.439635 1.03093
0.439644 1.03157
0.43968 1.03539
0.439708 1.03667
0.439724 1.03922
0.439717 1.03858
0.439751 1.04049
0.439775 1.04304
0.439762 1.0424
0.439737 1.04049
0.439731 1.03858
0.43974 1.04049
0.439734 1.03985
0.439718 1.03922
0.439764 1.04112
0.43977 1.04303
0.439831 1.04558
0.43983 1.04748
0.439864 1.05066
0.439883 1.05193
0.439917 1.05384
0.439942 1.05829
0.439946 1.05765
0.439947 1.05765
0.43994 1.05765
0.439933 1.05702
0.439917 1.05511
0.439968 1.05575
0.439985 1.06146
0.440026 1.06463
0.440072 1.06781
0.44012 1.07225
0.440156 1.07542
0.440219 1.08113
0.440255 1.0843
0.440268 1.0843
0.440245 1.08367
0.440243 1.08303
0.440222 1.08177
0.440212 1.0805
0.440187 1.0786
0.440167 1.07733
0.440137 1.07416
0.440108 1.07226
0.440096 1.07099
0.440091 1.06973
0.44006 1.06846
0.440028 1.0653
0.440043 1.06656
0.440048 1.06719
0.440067 1.06783
0.440094 1.07036
0.440122 1.07162
0.440139 1.07289
0.44017 1.07605
0.440199 1.07985
0.440202 1.07985
0.440222 1.08111
0.440197 1.07985
0.440174 1.07732
0.440138 1.07416
0.440125 1.07353
0.440116 1.07289
0.440125 1.07353
0.440098 1.07163
0.440091 1.07163
0.440065 1.06911
0.440064 1.06721
0.440054 1.06658
0.440056 1.06721
0.440047 1.06658
0.440022 1.06469
0.440051 1.06721
0.440065 1.06658
0.440081 1.06973
0.440096 1.07036
0.440119 1.07163
0.440117 1.07289
0.440105 1.07163
0.440078 1.07037
0.440051 1.06721
0.439999 1.06343
0.439968 1.06028
0.43996 1.05839
0.439949 1.05839
0.439939 1.05713
0.439952 1.05587
0.439953 1.05902
0.439935 1.05713
0.439935 1.05587
0.439967 1.05776
0.439959 1.05965
0.439967 1.05965
0.439984 1.06091
0.439974 1.05902
0.43995 1.05839
0.439932 1.05651
0.439943 1.05713
0.439939 1.05839
0.439951 1.05902
0.43996 1.05902
0.439941 1.05776
0.439939 1.05714
0.43993 1.05651
0.439907 1.05462
0.439932 1.05588
0.439935 1.05713
0.439909 1.05462
0.439914 1.05525
0.439904 1.054
0.439882 1.05274
0.439849 1.05023
0.439844 1.0496
0.439909 1.05211
0.439954 1.05713
0.439918 1.0565
0.4399 1.05462
0.439874 1.05086
0.439893 1.05211
0.439894 1.05274
0.439891 1.05337
0.43991 1.05462
0.439903 1.05399
0.439898 1.05399
0.439893 1.05337
0.439877 1.05149
0.439885 1.05149
0.439886 1.05211
0.43991 1.05274
0.439922 1.05524
0.439935 1.0565
0.439952 1.05837
0.439964 1.05963
0.439969 1.05963
0.439988 1.06088
0.439986 1.06275
0.440014 1.06338
0.440028 1.06338
0.440052 1.06651
0.44006 1.06713
0.440062 1.06838
0.440029 1.06526
0.440039 1.06463
0.440077 1.06838
0.440073 1.069
0.440068 1.06776
0.440075 1.06838
0.440069 1.069
0.44006 1.06651
0.440032 1.06588
0.440056 1.06713
0.44006 1.06713
0.440066 1.06775
0.440073 1.06838
0.440097 1.06963
0.440084 1.06963
0.440097 1.06963
0.440093 1.07087
0.440103 1.07025
0.440087 1.07087
0.440087 1.07025
0.44007 1.06963
0.44007 1.06838
0.440068 1.06776
0.440055 1.06776
0.440014 1.06402
0.439977 1.06028
0.439968 1.05966
0.439944 1.05841
0.439926 1.05717
0.439914 1.0553
0.439899 1.05406
0.439897 1.05343
0.439873 1.05219
0.439862 1.05032
0.43985 1.05032
0.43986 1.05032
0.439857 1.05094
0.439818 1.04721
0.43983 1.04659
0.439843 1.04846
0.439846 1.0497
0.439868 1.05032
0.439854 1.0497
0.439831 1.04846
0.439893 1.05281
0.439926 1.05529
0.439966 1.0584
0.439984 1.06088
0.439998 1.0615
0.440008 1.06274
0.440047 1.06585
0.440066 1.06771
0.44009 1.07081
0.440102 1.07019
0.440112 1.07267
0.440125 1.07267
0.440155 1.07578
0.440157 1.07702
0.44015 1.07454
0.440165 1.07702
0.440201 1.08012
0.440177 1.07702
0.440235 1.08136
0.440261 1.08445
0.44026 1.08383
0.440266 1.08569
0.440266 1.08383
0.440284 1.08631
0.440264 1.08631
0.440246 1.08507
0.440278 1.08569
0.440288 1.08755
0.440276 1.08693
0.44026 1.08507
0.440265 1.08446
0.440272 1.08631
0.440248 1.08384
0.440203 1.08074
0.440211 1.08074
0.440236 1.08322
0.440226 1.08198
0.440204 1.08074
0.440219 1.08198
0.440202 1.08136
0.440183 1.07889
0.440172 1.07704
0.440151 1.0758
0.440112 1.07271
0.440095 1.07024
0.440091 1.07086
0.440063 1.06901
0.440078 1.06962
0.440064 1.06839
0.440037 1.06592
0.440001 1.06222
0.43998 1.06037
0.439986 1.0616
0.439955 1.05852
0.439943 1.0579
0.439932 1.05543
0.439936 1.05667
0.439969 1.06037
0.439957 1.05852
0.439986 1.05913
0.44 1.06283
0.440049 1.06591
0.440073 1.06776
0.440061 1.06776
0.440079 1.06899
0.440076 1.06838
0.440071 1.06899
0.440075 1.06899
0.440092 1.06961
0.440137 1.0733
0.440146 1.07515
0.440171 1.07761
0.440217 1.08007
0.440222 1.08069
0.440218 1.08192
0.440223 1.08253
0.440237 1.08253
0.440286 1.08438
0.440306 1.0893
0.440308 1.0893
0.44031 1.0893
0.440274 1.08622
0.440248 1.08438
0.440269 1.08561
0.440274 1.08622
0.440251 1.08499
0.440246 1.08315
0.440207 1.08131
0.440165 1.07762
0.440168 1.07701
0.44015 1.07578
0.440149 1.07578
0.440155 1.0764
0.440183 1.07885
0.440172 1.07762
0.440158 1.0764
0.440172 1.07824
0.440146 1.07456
0.440139 1.07517
0.440137 1.07578
0.440138 1.07394
0.440136 1.07456
0.440141 1.07456
0.440153 1.07517
0.440141 1.07517
0.440167 1.0764
0.440164 1.07762
0.440156 1.07578
0.440146 1.07456
0.44014 1.07517
0.440144 1.07578
0.44011 1.07272
0.440067 1.06905
0.440056 1.06783
0.440037 1.06721
0.440036 1.06538
0.44003 1.06477
0.440005 1.06293
0.440002 1.06293
0.439988 1.06232
0.439946 1.05865
0.439903 1.05498
0.439847 1.04948
0.439832 1.04765
0.439798 1.04581
0.439809 1.04643
0.439804 1.0452
0.439755 1.04215
0.439764 1.04276
0.439757 1.04154
0.439775 1.04337
0.439768 1.04276
0.439717 1.03971
0.439708 1.03727
0.439706 1.03788
0.439685 1.03544
0.439709 1.03727
0.439719 1.03849
0.439697 1.03727
0.439698 1.03666
0.43969 1.03544
0.439684 1.03544
0.439692 1.03605
0.439696 1.03544
0.439676 1.03361
0.439662 1.03483
0.439665 1.03361
0.439656 1.033
0.439663 1.03361
0.439653 1.03239
0.439692 1.03543
0.439703 1.03665
0.4397 1.03665
0.439722 1.03665
0.439727 1.03909
0.439718 1.03848
0.439738 1.0397
0.439724 1.03848
0.439727 1.03909
0.439708 1.03787
0.439694 1.03665
0.439652 1.0324
0.4396 1.02875
0.43956 1.0251
0.439546 1.02328
0.439515 1.02085
0.439501 1.01963
0.439474 1.01598
0.439503 1.01781
0.439491 1.01902
0.439505 1.01902
0.439528 1.02024
0.439531 1.02145
0.439505 1.02024
0.43947 1.01659
0.439426 1.01417
0.439447 1.01356
0.439475 1.01538
0.43947 1.01659
0.439459 1.01538
0.439481 1.0172
0.439491 1.01841
0.439456 1.01538
0.439419 1.01295
0.439399 1.01114
0.439403 1.00932
0.439389 1.00932
0.439366 1.0075
0.439344 1.00568
0.439349 1.00447
0.439368 1.00689
0.439358 1.00629
0.43933 1.00386
0.439309 1.00265
0.439274 1.00023
0.439246 0.996598
0.439243 0.996598
0.439226 0.994782
0.439187 0.991756
0.439149 0.98873
0.43915 0.98752
0.439161 0.989335
0.43912 0.98631
0.439097 0.983891
0.439116 0.985101
0.439117 0.985101
0.439103 0.983287
0.439092 0.982682
0.439061 0.981473
0.439062 0.980869
0.439072 0.981473
0.439036 0.978452
0.439003 0.974828
0.438995 0.974828
0.438975 0.972412
0.438941 0.969996
0.438916 0.968185
0.438906 0.966977
0.438941 0.968788
0.438944 0.969995
0.438952 0.969995
0.438936 0.969392
0.438934 0.969392
0.43892 0.968186
0.438887 0.96517
0.438885 0.96517
0.438876 0.963964
0.438838 0.960949
0.438789 0.957332
0.438764 0.954318
0.438761 0.954318
0.438777 0.95492
0.438817 0.957933
0.438804 0.957933
0.438812 0.958536
0.438833 0.960342
0.438822 0.95974
0.438833 0.95974
0.438833 0.960342
0.438855 0.961546
0.438849 0.961546
0.438844 0.960343
0.43886 0.96275
0.438863 0.962148
0.438861 0.96275
0.438846 0.960945
0.438883 0.964554
0.438875 0.963351
0.438877 0.963952
0.438889 0.964554
0.438857 0.96275
0.438844 0.960947
0.438902 0.963952
0.438935 0.968158
0.438923 0.968158
0.438961 0.969961
0.438974 0.970561
0.438961 0.971162
0.438996 0.973564
0.43902 0.975966
0.438993 0.974165
0.438983 0.973564
0.438977 0.971764
0.43899 0.973564
0.438978 0.972964
0.43896 0.970564
0.438924 0.967565
0.438934 0.968164
0.438946 0.969964
0.43895 0.969364
0.438942 0.969964
0.438929 0.968165
0.438915 0.966367
0.438924 0.966966
0.438958 0.969963
0.438953 0.968764
0.438945 0.969363
0.438927 0.967566
0.4389 0.965769
0.438872 0.962176
0.43889 0.964571
0.438881 0.963972
0.43887 0.962775
0.438856 0.961578
0.438837 0.960979
0.438851 0.959782
0.438826 0.959184
0.438809 0.957389
0.438787 0.955594
0.438748 0.952005
0.438734 0.950809
0.438719 0.949015
0.438718 0.949015
0.438715 0.948418
0.438722 0.950211
0.438729 0.950211
0.438755 0.951406
0.43877 0.953796
0.438754 0.952601
0.438754 0.950212
0.438777 0.952601
0.438791 0.955587
0.438809 0.956781
0.438814 0.956781
0.438799 0.956184
0.438791 0.955587
0.438806 0.954991
0.438841 0.956781
0.43888 0.961554
0.438906 0.965134
0.438943 0.968713
0.438956 0.96931
0.438961 0.970502
0.439008 0.970502
0.439036 0.975272
0.439032 0.976465
0.439056 0.977657
0.439059 0.978849
0.439048 0.978253
0.439038 0.975869
0.439041 0.977061
0.439043 0.977061
0.439011 0.974083
0.439027 0.97587
0.439036 0.97587
0.439014 0.974679
0.439008 0.974083
0.439021 0.975274
0.439015 0.974679
0.439009 0.974084
0.43901 0.974084
0.439026 0.974679
0.439035 0.976463
0.439042 0.977058
0.439052 0.976463
0.439047 0.977058
0.439002 0.973491
0.438974 0.970518
0.438962 0.969924
0.438993 0.972301
0.439005 0.972301
0.438995 0.972301
0.439065 0.975866
0.439084 0.97943
0.439093 0.980618
0.439097 0.980618
0.439119 0.983587
0.43914 0.985368
0.43918 0.986555
0.439205 0.990117
0.439252 0.993084
0.439267 0.996052
0.439299 0.999018
0.43929 0.998425
0.439283 0.997832
0.439293 0.999018
0.439337 0.999611
0.439321 1.0008
0.439331 1.00139
0.439314 1.0008
0.43931 1.0002
0.439348 1.00317
0.43936 1.00376
0.439338 1.00258
0.439358 1.00258
0.439358 1.00435
0.439363 1.00554
0.439409 1.00672
0.439385 1.00791
0.439348 1.00495
0.439358 1.00376
0.439353 1.00317
0.439353 1.00317
0.439368 1.00376
0.439386 1.00672
0.439403 1.00909
0.43941 1.00849
0.439421 1.00909
0.439431 1.01027
0.439452 1.01145
0.439441 1.01145
0.439494 1.01382
0.439495 1.01618
0.43952 1.01736
0.439476 1.01441
0.439467 1.01264
0.43943 1.01027
0.439412 1.00909
0.439377 1.00673
0.439361 1.00437
0.439324 1.00141
0.439343 1.00259
0.439338 1.002
0.439343 1.00259
0.439353 1.00377
0.439362 1.00377
0.439371 1.00377
0.439363 1.00318
0.439359 1.00377
0.439362 1.00436
0.439355 1.00318
0.439351 1.00377
0.439362 1.00377
0.439395 1.00554
0.43938 1.00613
0.439369 1.00495
0.439369 1.00495
0.439352 1.00436
0.439353 1.00319
0.439388 1.00495
0.439412 1.00731
0.439439 1.00908
0.439461 1.0132
0.43947 1.0132
0.439478 1.01379
0.439508 1.01614
0.439547 1.01908
0.439584 1.02262
0.4396 1.02438
0.439623 1.02732
0.439631 1.02732
0.439656 1.0285
0.439672 1.03144
0.439717 1.03438
0.439742 1.03673
0.439773 1.03908
0.439791 1.03908
0.43979 1.04144
0.439808 1.04202
0.439814 1.04437
0.439846 1.04496
0.439882 1.04849
0.439896 1.04966
0.439908 1.05084
0.439935 1.05318
0.439939 1.05612
0.439973 1.05671
0.439961 1.05671
0.439939 1.05377
0.439938 1.05436
0.439939 1.05495
0.439937 1.05436
0.439932 1.05495
0.439942 1.05377
0.43995 1.05612
0.439938 1.05436
0.439934 1.05436
0.439949 1.05553
0.43996 1.0567
0.439988 1.05846
0.439967 1.05729
0.439951 1.05612
0.439942 1.05553
0.43994 1.05495
0.43998 1.0567
0.440007 1.0608
0.440003 1.0608
0.440014 1.0608
0.440022 1.06256
0.440024 1.06139
0.44006 1.06549
0.440055 1.06432
0.440057 1.0649
0.440076 1.06607
0.44007 1.06607
0.440046 1.06432
0.440052 1.06432
0.440061 1.06549
0.44002 1.06198
0.440024 1.06315
0.440017 1.06139
0.439993 1.05964
0.439969 1.0573
0.439941 1.05496
0.439925 1.05438
0.439892 1.05088
0.439862 1.04795
0.439877 1.04971
0.439885 1.04912
0.439875 1.04912
0.439865 1.04737
0.439886 1.04971
0.439876 1.04795
0.43986 1.04737
0.43985 1.04679
0.439865 1.04795
0.439843 1.0462
0.439831 1.04504
0.439826 1.04445
0.439809 1.0427
0.439792 1.04154
0.439774 1.04037
0.439752 1.03804
0.439723 1.03512
0.439715 1.03396
0.43972 1.03454
0.439697 1.03396
0.439715 1.03396
0.439718 1.03512
0.439708 1.03512
0.439704 1.03338
0.439699 1.03338
0.439694 1.03221
0.439705 1.03338
0.439688 1.03221
0.439677 1.03163
0.439674 1.03105
0.439665 1.0293
0.439671 1.02988
0.439659 1.02988
0.439668 1.02988
0.439668 1.03105
0.439683 1.03047
0.439698 1.03221
0.439686 1.03279
0.439685 1.03279
0.43965 1.0293
0.439631 1.02756
0.439632 1.02698
0.439626 1.02698
0.439594 1.02466
0.439613 1.02524
0.439619 1.02466
0.439596 1.02466
0.439601 1.02407
0.439596 1.02407
0.439628 1.02582
0.439633 1.02698
0.439629 1.02698
0.439645 1.02698
0.439643 1.02814
0.439639 1.02814
0.439644 1.0293
0.439647 1.02988
0.439669 1.03046
0.439645 1.0293
0.43966 1.02756
0.439675 1.03162
0.4397 1.0322
0.439694 1.0322
0.43971 1.03336
0.439722 1.03567
0.439727 1.03394
0.439746 1.03625
0.439755 1.03857
0.439768 1.03915
0.43979 1.04031
0.439801 1.04031
0.439818 1.0432
0.439815 1.04262
0.439817 1.04378
0.439809 1.04205
0.439804 1.04262
0.439799 1.04262
0.439775 1.03915
0.439772 1.03915
0.439784 1.03973
0.439832 1.0432
0.439838 1.04494
0.439832 1.04494
0.439825 1.04378
0.439823 1.04436
0.439842 1.04494
0.439865 1.04725
0.439893 1.04956
0.439865 1.0484
0.439856 1.04725
0.439846 1.04783
0.439817 1.04378
0.439806 1.04205
0.439809 1.04205
0.439821 1.04378
0.43982 1.04147
0.439843 1.04551
0.439854 1.04667
0.439855 1.04667
0.439889 1.05013
0.439888 1.04955
0.439905 1.05013
0.439919 1.05244
0.439935 1.05417
0.439947 1.05417
0.439931 1.05359
0.439934 1.05359
0.439943 1.05474
0.439946 1.05532
0.439962 1.05532
0.439975 1.05705
0.439982 1.05705
0.439991 1.05878
0.44002 1.06166
0.440049 1.06396
0.440063 1.06511
0.440047 1.06396
0.440015 1.06166
0.439979 1.05821
0.439978 1.05763
0.439972 1.05705
0.439969 1.05648
0.439931 1.05475
0.439917 1.05303
0.439896 1.05073
0.439893 1.05015
0.439883 1.04957
0.439896 1.05073
0.439922 1.05302
0.439967 1.0559
0.439976 1.05647
0.439972 1.05705
0.439969 1.05647
0.439982 1.05705
0.439976 1.05705
0.439971 1.05705
0.439949 1.05533
0.439937 1.0536
0.43995 1.0559
0.439955 1.05533
0.439927 1.0536
0.439914 1.05131
0.439909 1.05188
0.439938 1.05245
0.439941 1.0536
0.439943 1.05475
0.439922 1.05303
0.439931 1.0536
0.439922 1.05303
0.439905 1.05188
0.439902 1.05016
0.439894 1.05074
0.439906 1.05016
0.439888 1.05073
0.439882 1.04959
0.439889 1.04959
0.439861 1.0473
0.439849 1.04672
0.439847 1.0473
0.43985 1.04501
0.439839 1.04558
0.439839 1.04558
0.439843 1.04501
0.439881 1.04787
0.4399 1.05073
0.439868 1.04901
0.439853 1.0473
0.439832 1.04501
0.439827 1.04443
0.439812 1.04329
0.439825 1.04329
0.43984 1.04501
0.439827 1.04386
0.439808 1.04329
0.439794 1.04158
0.439787 1.041
0.439766 1.03929
0.439727 1.03586
0.439717 1.03472
0.439746 1.037
0.439754 1.037
0.439753 1.03757
0.439751 1.03814
0.439759 1.03814
0.439722 1.03643
0.439674 1.03129
0.439661 1.03015
0.439631 1.0273
0.439621 1.02615
0.439589 1.0233
0.439573 1.02159
0.439572 1.02102
0.43958 1.02159
0.439602 1.02444
0.439634 1.02729
0.439647 1.02843
0.439634 1.02729
0.43961 1.02615
0.43957 1.02159
0.439551 1.01988
0.439544 1.01931
0.439559 1.02045
0.439549 1.02045
0.439526 1.01703
0.439524 1.01817
0.439508 1.01532
0.43951 1.01589
0.439541 1.01703
0.439549 1.01931
0.439558 1.02045
0.439545 1.01931
0.43954 1.01874
0.439567 1.02045
0.439594 1.02102
0.439623 1.02614
0.43962 1.02614
0.439643 1.02671
0.439667 1.02898
0.439694 1.03126
0.439722 1.03353
0.439723 1.0341
0.439704 1.03353
0.43969 1.0324
0.43965 1.02898
0.439638 1.02785
0.439643 1.02785
0.439656 1.02898
0.439661 1.02955
0.439652 1.02842
0.439655 1.02898
0.43964 1.02728
0.439663 1.02955
0.439665 1.02955
0.43966 1.03012
0.439625 1.02671
0.439625 1.02615
0.439636 1.02728
0.439636 1.02671
0.439624 1.02615
0.439634 1.02671
0.439637 1.02728
0.439637 1.02728
0.439619 1.02558
0.43964 1.02728
0.439624 1.02615
0.439597 1.02445
0.439582 1.02161
0.439559 1.01991
0.439549 1.01934
0.439528 1.01764
0.439537 1.01764
0.43952 1.01708
0.439503 1.01481
0.43948 1.01311
0.439451 1.01085
0.439428 1.00858
0.439419 1.00858
0.439434 1.00915
0.439396 1.00575
0.439388 1.00462
0.439385 1.00349
0.4394 1.00632
0.439408 1.00575
0.439422 1.00801
0.43944 1.00801
0.439448 1.01028
0.439465 1.01084
0.439479 1.0131
0.439471 1.01197
0.439461 1.01197
0.439465 1.01141
0.439452 1.01028
0.43941 1.00689
0.439403 1.00632
0.439393 1.00519
0.43938 1.0035
0.439368 1.00237
0.439375 1.00293
0.439354 1.0018
0.439333 1.00067
0.439351 1.00124
0.43938 1.00237
0.439386 1.00463
0.439379 1.00406
0.439395 1.00463
0.439404 1.00575
0.439428 1.00801
0.439434 1.00914
0.439421 1.00745
0.439399 1.00575
0.439399 1.00575
0.439389 1.00519
0.439379 1.00406
0.439389 1.00406
0.439372 1.0035
0.439331 1.00012
0.43933 0.998991
0.439312 0.997864
0.4393 0.997301
0.439286 0.995611
0.439246 0.992232
0.439223 0.989979
0.439229 0.989979
0.439241 0.991105
0.439282 0.99392
0.439311 0.996734
0.439326 0.998423
0.43935 1.00124
0.439366 1.00236
0.439356 1.0018
0.439343 1.00124
0.439356 1.00124
0.439376 1.00292
0.439377 1.00349
0.439348 1.00124
0.439339 1.00068
0.439296 0.99674
0.439271 0.993929
0.439235 0.990557
0.439232 0.990557
0.439185 0.986624
0.439182 0.986062
0.439162 0.984376
0.439169 0.984938
0.439158 0.983815
0.439161 0.983815
0.439157 0.983815
0.439179 0.984376
0.439213 0.987745
0.43926 0.992235
0.439275 0.993919
0.4393 0.996164
0.439328 0.998969
0.439321 0.997847
0.439354 1.00065
0.439372 1.0029
0.439374 1.0029
0.439391 1.0029
0.439399 1.00458
0.439422 1.00626
0.439414 1.0057
0.439422 1.00682
0.439429 1.00682
0.439448 1.00962
0.439449 1.00906
0.439442 1.00906
0.439428 1.00906
0.439437 1.00738
0.43944 1.0085
0.439434 1.00794
0.439449 1.00906
0.439434 1.00906
0.439469 1.01186
0.439445 1.0085
0.439425 1.00626
0.439419 1.00626
0.439396 1.00514
0.439357 1.00067
0.439343 1.00011
0.439357 1.00123
0.439351 1.00123
0.439339 1.00011
0.439342 0.999551
0.439341 1.00011
0.439358 1.00011
0.439375 1.0029
0.439362 1.00179
0.43936 1.00179
0.439384 1.00235
0.439389 1.00458
0.439355 1.00123
0.439313 0.997318
0.439273 0.993967
0.439251 0.991734
0.43922 0.988942
0.439216 0.988384
0.439212 0.987825
0.439213 0.988384
0.439212 0.987825
0.439214 0.988384
0.439209 0.987268
0.439202 0.987268
0.439178 0.985036
0.439175 0.984478
0.439191 0.986152
0.439209 0.987824
0.439234 0.990055
0.439234 0.990055
0.439245 0.99117
0.439236 0.990612
0.439241 0.990055
0.439238 0.990055
0.439237 0.990055
0.439216 0.988384
0.439208 0.98727
0.439195 0.986156
0.439186 0.985599
0.439178 0.985042
0.439171 0.985042
0.439179 0.983372
0.439206 0.986155
0.439184 0.985042
0.439168 0.983372
0.439194 0.985598
0.439209 0.987267
0.4392 0.987824
0.439214 0.98838
0.439222 0.98838
