0.429057 0.191172

0.436956 0.169833
0.428828 0.182278

0.437307 0.187621
0.428856 0.182278

0.436915 0.169866
0.428784 0.177847

0.436923 0.169866
0.428812 0.177847

0.436832 0.165443
0.42884 0.177847

0.436741 0.161029
0.428966 0.182253

0.436552 0.152217
0.429189 0.191049

0.436757 0.161013
0.429314 0.195439

0.436569 0.152233
0.429438 0.199822

0.436381 0.143469
0.429756 0.212944

0.436488 0.147843
0.429781 0.212944

0.436594 0.152209
0.430194 0.230377

0.436699 0.156567
0.430024 0.221676

0.43632 0.139166
0.429855 0.212991

0.436908 0.165221
0.42988 0.212991

0.436819 0.160886
0.430096 0.221645

0.437788 0.204155
0.430216 0.225964

0.438177 0.221432
0.430048 0.217341

0.43799 0.212809
0.42969 0.200126

0.437709 0.199898
0.429619 0.19583

0.438 0.212786
0.429834 0.204407

0.43791 0.208497
0.430047 0.212969

0.438009 0.212778
0.429787 0.200149

0.437825 0.204232
0.43 0.20868

0.437736 0.199966
0.429835 0.200164

0.437741 0.199966
0.429859 0.200164

0.438216 0.22122
0.43007 0.208651

0.438033 0.212733
0.429907 0.200178

0.437757 0.200025
0.42993 0.200178

0.438135 0.21694
0.429674 0.187515

0.43814 0.21694
0.429606 0.183301

0.438144 0.21694
0.429352 0.17068

0.438056 0.212733
0.429561 0.179079

0.438152 0.216933
0.42977 0.187464

0.437972 0.208548
0.429333 0.166539

0.437885 0.204363
0.429541 0.174894

0.438073 0.212719
0.429565 0.174894

0.438078 0.212719
0.429589 0.174894

0.437991 0.208555
0.429522 0.170738

0.437631 0.191929
0.430364 0.208083

0.437727 0.196078
0.430204 0.199798

0.437642 0.191936
0.429864 0.183256

0.437828 0.200207
0.429887 0.183256

0.438014 0.208464
0.42964 0.170892

0.437838 0.200221
0.430022 0.18735

0.438202 0.216679
0.430224 0.195566

0.437937 0.204356
0.430604 0.211969

0.437763 0.196154
0.430714 0.216063

0.437589 0.187966
0.430379 0.199714

0.437327 0.175705
0.4304 0.199714

0.437422 0.179785
0.430244 0.191567

0.437251 0.171638
0.430177 0.1875

0.437168 0.167571
0.430199 0.1875

0.437086 0.163511
0.430132 0.183446

0.436916 0.155403
0.430066 0.1794

0.437187 0.167544
0.430175 0.18344

0.437281 0.171584
0.43046 0.195541

0.437024 0.159483
0.430655 0.203595

0.437467 0.179619
0.430501 0.195554

0.437473 0.179619
0.430348 0.187526

0.437478 0.179619
0.430629 0.199548

0.437831 0.195649
0.43039 0.187545

0.437576 0.183646
0.430151 0.175562

0.437495 0.179651
0.429741 0.155621

0.437328 0.171675
0.429591 0.147657

0.437849 0.195565
0.430043 0.167534

0.43794 0.199541
0.429807 0.155627

0.437773 0.191603
0.429744 0.151665

0.437692 0.18764
0.429851 0.155621

0.437527 0.179727
0.430383 0.179321

0.437872 0.195528
0.430064 0.163546

0.437877 0.195528
0.43 0.159609

0.437712 0.187653
0.430021 0.159609

0.43797 0.199447
0.43038 0.175309

0.438143 0.207297
0.430316 0.17139

0.438232 0.211216
0.430756 0.190954

0.438235 0.211216
0.430608 0.183141

0.437987 0.199496
0.430544 0.17924

0.438326 0.215098
0.430564 0.17924

0.43858 0.226782
0.431 0.198682

0.438333 0.215116
0.430936 0.1948

0.438337 0.215116
0.430788 0.187047

0.437925 0.195734
0.430973 0.194788

0.438095 0.203475
0.431074 0.198652

0.437934 0.195746
0.431093 0.198652

0.438186 0.207322
0.431111 0.198652

0.437778 0.188059
0.431376 0.210192

0.4377 0.184212
0.43123 0.202511

0.437951 0.195735
0.431084 0.194841

0.43771 0.18423
0.431347 0.206328

0.437714 0.18423
0.431365 0.206328

0.437637 0.180407
0.431382 0.206328

0.437561 0.176589
0.431562 0.213951

0.437485 0.172778
0.431174 0.194922

0.43749 0.172778
0.430869 0.179722

0.437091 0.153777
0.430887 0.179722

0.437097 0.153777
0.430986 0.183511

0.437022 0.149989
0.430924 0.179728

0.437269 0.161338
0.430862 0.17595

0.437275 0.161338
0.43104 0.183494

0.43712 0.153794
0.431058 0.183494

0.437206 0.15756
0.431633 0.209817

0.436892 0.142519
0.431571 0.206062

0.436978 0.146274
0.431508 0.202312

0.437222 0.157521
0.431446 0.198569

0.437307 0.161265
0.431067 0.179878

0.437549 0.17248
0.4314 0.194809

0.437554 0.17248
0.431417 0.194809

0.437953 0.191116
0.431827 0.213417

0.438035 0.194837
0.431843 0.213417

0.438039 0.194837
0.431624 0.202285

0.438043 0.194837
0.431484 0.194874

0.437969 0.191132
0.431579 0.198574

0.438051 0.194832
0.431673 0.202268

0.438366 0.209611
0.431534 0.19489

0.438447 0.2133
0.43186 0.209626

0.438527 0.216984
0.432108 0.220661

0.43853 0.216984
0.431969 0.213315

0.438224 0.202291
0.431522 0.191307

0.438382 0.209627
0.431615 0.19497

0.438385 0.209627
0.431785 0.202284

0.438234 0.202312
0.431877 0.205937

0.437854 0.18405
0.431969 0.209584

0.438011 0.191344
0.432061 0.213226

0.438015 0.191344
0.431848 0.202316

0.438324 0.205891
0.431635 0.191421

0.438251 0.20226
0.431499 0.184169

0.43833 0.205886
0.431818 0.198653

0.438333 0.205886
0.431758 0.195037

0.438034 0.191422
0.431925 0.202259

0.437811 0.180589
0.431864 0.198653

0.438041 0.191406
0.431579 0.18425

0.438195 0.198608
0.43137 0.173463

0.437899 0.184225
0.431536 0.180644

0.437903 0.184225
0.431477 0.177058

0.438131 0.194982
0.431642 0.18422

0.43806 0.191401
0.431657 0.18422

0.43784 0.180674
0.43145 0.173507

0.438141 0.194957
0.43154 0.177073

0.438145 0.194957
0.431852 0.191317

0.438074 0.191396
0.431645 0.180649

0.438004 0.18784
0.431808 0.187751

0.438229 0.198494
0.432339 0.212575

0.438158 0.194947
0.432132 0.201951

0.438088 0.191406
0.431927 0.191341

0.438679 0.219698
0.431795 0.184278

0.438535 0.212635
0.431737 0.180751

0.43883 0.226742
0.431679 0.177229

0.438686 0.219698
0.431767 0.180746

0.438616 0.216181
0.431927 0.187771

0.438327 0.202131
0.431797 0.180756

0.438258 0.198623
0.431667 0.17375

0.438188 0.19512
0.431899 0.184245

0.438264 0.198619
0.431986 0.187738

0.438339 0.202112
0.431568 0.166806

0.438054 0.188157
0.431439 0.159837

0.437698 0.170737
0.431526 0.163317

0.438205 0.195092
0.431756 0.173741

0.437993 0.184668
0.431986 0.184151

0.437853 0.177728
0.432071 0.187617

0.438143 0.19159
0.432157 0.191077

0.438217 0.195051
0.432028 0.184165

0.438078 0.188138
0.432043 0.184165

0.437869 0.177783
0.431773 0.170377

0.438156 0.191572
0.431929 0.177262

0.437805 0.174359
0.431873 0.173824

0.438092 0.188111
0.431958 0.177257

0.438236 0.194978
0.432042 0.180686

0.438099 0.18812
0.432337 0.194384

0.438102 0.18812
0.432351 0.194384

0.438456 0.205219
0.432154 0.184137

0.438179 0.191558
0.432378 0.19437

0.438252 0.194969
0.432461 0.197777

0.438045 0.184749
0.432683 0.207983

0.438118 0.188151
0.432417 0.194392

0.438052 0.184754
0.432708 0.207965

0.438056 0.184754
0.43286 0.214743

0.438059 0.184754
0.432595 0.201205

0.43827 0.194907
0.432401 0.191065

0.438273 0.194907
0.432621 0.201192

0.438414 0.201658
0.432633 0.201192

0.438348 0.198287
0.432302 0.184357

0.438351 0.198287
0.432521 0.194445

0.438079 0.184836
0.432534 0.194445

0.438151 0.188194
0.432615 0.197799

0.438359 0.198257
0.432491 0.191099

0.438362 0.198257
0.432164 0.174371

0.438092 0.184875
0.432177 0.174371

0.438095 0.184875
0.432598 0.194394

0.438031 0.181537
0.432542 0.191061

0.438102 0.18487
0.43269 0.197719

0.43824 0.191528
0.432635 0.194394

0.438378 0.198177
0.432648 0.194394

0.437976 0.178255
0.432525 0.187762

0.438047 0.181571
0.432941 0.207633

0.438185 0.188195
0.43302 0.210941

0.438255 0.191503
0.432697 0.194423

0.438526 0.204717
0.432776 0.197723

0.438194 0.18822
0.432788 0.197723

0.43813 0.184924
0.433067 0.210888

0.4384 0.198089
0.432945 0.204313

0.438403 0.198089
0.432824 0.197747

0.438538 0.204656
0.432703 0.191189

0.438342 0.194818
0.433046 0.207564

0.437815 0.168619
0.432992 0.204293

0.437884 0.17189
0.433135 0.210827

0.437888 0.17189
0.432949 0.201038

0.437891 0.17189
0.432829 0.19452

0.438026 0.178407
0.432644 0.184756

0.437767 0.165388
0.432656 0.184756

0.43777 0.165388
0.432537 0.178262

0.43784 0.168635
0.432418 0.171776

0.437778 0.165392
0.432692 0.184732

0.43752 0.152436
0.432834 0.191202

0.437785 0.165376
0.432715 0.18474

0.438114 0.181532
0.432662 0.181513

0.438052 0.178304
0.432739 0.184736

0.43812 0.181528
0.432362 0.16542

0.437929 0.17187
0.432633 0.178282

0.438061 0.178301
0.432839 0.187917

0.437935 0.171877
0.433172 0.203955

0.437617 0.155839
0.433055 0.197547

0.437814 0.16545
0.433258 0.207147

0.437368 0.14305
0.433205 0.203951

0.437436 0.146247
0.433472 0.216721

0.437568 0.152631
0.43361 0.223098

0.43738 0.143066
0.433493 0.216728

0.437703 0.158989
0.433439 0.213547

0.43758 0.152627
0.433514 0.216724

0.437711 0.158982
0.433333 0.207204

0.437905 0.168502
0.433281 0.204035

0.437971 0.171672
0.433481 0.213532

0.437911 0.168506
0.433618 0.219857

0.438041 0.17483
0.433312 0.204065

0.437792 0.162196
0.43326 0.20091

0.43811 0.17797
0.43327 0.20091

0.438239 0.184272
0.433344 0.204057

0.438242 0.184272
0.433605 0.216632

0.438245 0.184272
0.433365 0.204072

0.437997 0.171712
0.433563 0.213481

0.438375 0.190529
0.43351 0.210348

0.43844 0.193662
0.433583 0.213477

0.438442 0.193662
0.433717 0.219728

0.438383 0.190537
0.433851 0.225971

0.438261 0.184293
0.433488 0.207263

0.438388 0.19053
0.433313 0.197919

0.438452 0.193644
0.433509 0.207252

0.438454 0.193644
0.433519 0.207252

0.438519 0.196751
0.433713 0.216563

0.438459 0.193648
0.4336 0.210363

0.4384 0.190547
0.43361 0.210363

0.438771 0.209127
0.43362 0.210363

0.438773 0.209127
0.433446 0.201094

0.438714 0.206037
0.433333 0.194923

0.438777 0.209123
0.433527 0.20417

0.438779 0.209123
0.433598 0.207249

0.43872 0.206044
0.433364 0.194947

0.438843 0.212195
0.433313 0.191875

0.43848 0.193764
0.433323 0.191875

0.43824 0.18149
0.433091 0.179616

0.438121 0.17536
0.43298 0.173493

0.438427 0.190668
0.433051 0.176551

0.438308 0.184552
0.433062 0.176551

0.43819 0.178443
0.433012 0.1735

0.438133 0.175392
0.433203 0.182643

0.438135 0.175392
0.433153 0.179598

0.438138 0.175392
0.432984 0.170476

0.438321 0.184514
0.433114 0.176551

0.438503 0.193626
0.433064 0.173517

0.438625 0.199694
0.433134 0.176547

0.438448 0.190602
0.433502 0.194711

0.438569 0.196657
0.43369 0.203783

0.438452 0.190609
0.4337 0.203783

0.438514 0.19363
0.43365 0.200765

0.438398 0.187595
0.433837 0.209807

0.438756 0.205678
0.433787 0.206796

0.438521 0.193636
0.433737 0.203789

0.4387 0.202658
0.433746 0.203789

0.438643 0.199654
0.433873 0.20979

0.438292 0.181651
0.433824 0.206793

0.438118 0.172659
0.433656 0.197811

0.438355 0.184635
0.433783 0.203792

0.438534 0.193607
0.433968 0.212755

0.438594 0.196594
0.433801 0.203802

0.438596 0.196594
0.43381 0.203802

0.438657 0.199575
0.433819 0.203802

0.438659 0.199575
0.433886 0.206777

0.438836 0.208498
0.433663 0.194892

0.438953 0.21444
0.433556 0.188956

0.438723 0.202569
0.433623 0.191921

0.438667 0.199604
0.433748 0.197844

0.438495 0.19072
0.433873 0.203761

0.438555 0.193678
0.433824 0.200805

0.438788 0.205498
0.434006 0.209661

0.438847 0.20845
0.433957 0.206712

0.439022 0.217296
0.434023 0.209658

0.439138 0.223187
0.433687 0.192004

0.439082 0.220245
0.433811 0.197882

0.439198 0.226124
0.433934 0.203754

0.439199 0.226124
0.434057 0.20962

0.4392 0.226124
0.434066 0.20962

0.439087 0.220264
0.434074 0.20962

0.438803 0.20563
0.433741 0.192079

0.438691 0.199783
0.433864 0.19792

0.438864 0.208545
0.434043 0.206672

0.439092 0.220214
0.434051 0.206672

0.43932 0.231871
0.434173 0.212494

0.439321 0.231871
0.434068 0.206678

0.439209 0.226055
0.434245 0.215393

0.439041 0.21734
0.43431 0.218295

0.438986 0.214438
0.434149 0.209598

0.438875 0.20864
0.433876 0.195119

0.438764 0.202848
0.433829 0.192226

0.438654 0.197062
0.434006 0.200895

0.438543 0.191283
0.434294 0.21533

0.438657 0.197056
0.434302 0.21533

0.438771 0.202824
0.434142 0.206687

0.43855 0.191301
0.434262 0.212443

0.438663 0.197056
0.434159 0.206693

0.438554 0.191307
0.434444 0.221052

0.438444 0.185563
0.434341 0.215315

0.438613 0.19417
0.434349 0.215315

0.43867 0.197035
0.434357 0.215315

0.438617 0.194173
0.434144 0.203875

0.438508 0.188453
0.434041 0.198161

0.43851 0.188453
0.433939 0.192453

0.438512 0.188453
0.433838 0.18675

0.438404 0.18275
0.434011 0.195295

0.438462 0.185599
0.433909 0.189604

0.438793 0.20267
0.433699 0.178235

0.439068 0.216882
0.433488 0.166877

0.439289 0.22824
0.433552 0.169714

0.439071 0.216894
0.43367 0.175381

0.439018 0.21406
0.433678 0.175381

0.439292 0.228214
0.433905 0.186693

0.439129 0.21973
0.433804 0.181043

0.439185 0.222555
0.433813 0.181043

0.439186 0.222555
0.434146 0.197958

0.438862 0.205639
0.434208 0.200775

0.438972 0.211272
0.434378 0.209215

0.438703 0.197204
0.43444 0.212026

0.43892 0.208447
0.434555 0.217642

0.438544 0.188792
0.434616 0.220447

0.438439 0.183182
0.43457 0.217645

0.438387 0.18038
0.43447 0.212046

0.438228 0.171981
0.434692 0.223232

0.438445 0.183168
0.434592 0.217645

0.438501 0.185962
0.434545 0.214854

0.438289 0.174798
0.43466 0.22043

0.438184 0.169221
0.434667 0.22043

0.438293 0.174792
0.434887 0.231561

0.438242 0.172009
0.43484 0.228781

0.438511 0.185909
0.434954 0.234335

0.438459 0.183132
0.434536 0.21214

0.438408 0.180357
0.434543 0.21214

0.438517 0.185901
0.434444 0.206602

0.438413 0.180363
0.43424 0.195538

0.43852 0.185895
0.434248 0.195538

0.438364 0.177605
0.434308 0.198298

0.438524 0.185887
0.434316 0.198298

0.438474 0.183129
0.434271 0.195543

0.438371 0.177618
0.434488 0.206553

0.438583 0.188629
0.434548 0.209303

0.43848 0.183129
0.434764 0.220292

0.438482 0.183129
0.434771 0.220292

0.438588 0.188618
0.434569 0.209325

0.438538 0.185876
0.434524 0.206586

0.43854 0.185876
0.434531 0.206586

0.438385 0.177667
0.43459 0.209319

0.438388 0.177667
0.434545 0.206588

0.438442 0.180398
0.434501 0.20386

0.438392 0.177669
0.434611 0.209311

0.438394 0.177669
0.434618 0.209311

0.438603 0.188562
0.434729 0.214753

0.438966 0.207606
0.434942 0.225624

0.438865 0.202171
0.434742 0.214763

0.438711 0.194025
0.434749 0.214763

0.438713 0.194025
0.434807 0.217473

0.438355 0.175054
0.434865 0.220181

0.438408 0.177761
0.434718 0.212066

0.438615 0.188581
0.435032 0.22828

0.438361 0.175069
0.434885 0.220181

0.438414 0.177769
0.434891 0.220181

0.438467 0.180466
0.434592 0.204013

0.438367 0.175077
0.434752 0.212089

0.438573 0.185845
0.434707 0.2094

0.438422 0.177777
0.434562 0.201339

0.438475 0.180464
0.434467 0.19597

0.438579 0.185832
0.434474 0.19597

0.43853 0.18315
0.434684 0.206687

0.438734 0.193868
0.434589 0.201334

0.438837 0.199221
0.434596 0.201334

0.438788 0.196547
0.434502 0.195991

0.438991 0.207234
0.434408 0.190652

0.439244 0.220579
0.434314 0.185319

0.439396 0.228579
0.434271 0.182655

0.439397 0.228579
0.434228 0.179993

0.439398 0.228579
0.434085 0.172016

0.439298 0.223261
0.434243 0.179986

0.439149 0.215291
0.43415 0.174677

0.43915 0.215291
