0.435556 0.151935

0.434257 0.212805
0.43611 0.178618

0.434015 0.199464
0.43592 0.16974

0.43393 0.195025
0.435732 0.160879

0.433648 0.181733
0.435941 0.169724

0.433465 0.172888
0.436148 0.178552

0.43358 0.177302
0.436059 0.174146

0.433892 0.190521
0.436167 0.178544

0.434398 0.212511
0.436176 0.178544

0.434314 0.208121
0.436284 0.182926

0.434425 0.212503
0.435805 0.161056

0.434341 0.208129
0.435912 0.165422

0.434258 0.203763
0.435728 0.156705

0.434466 0.21248
0.435932 0.165406

0.434673 0.22118
0.435845 0.161064

0.434589 0.216838
0.436145 0.174068

0.434602 0.216838
0.435865 0.161087

0.434423 0.208184
0.435875 0.161087

0.434149 0.195227
0.436077 0.16971

0.433876 0.182292
0.436563 0.191229

0.433986 0.186596
0.436381 0.182636

0.433905 0.1823
0.436675 0.195502

0.433824 0.178011
0.436777 0.199783

0.433839 0.178011
0.436596 0.191236

0.43357 0.165191
0.436698 0.195502

0.433585 0.165191
0.437082 0.212535

0.433882 0.177966
0.437371 0.225288

0.433803 0.173715
0.437564 0.233775

0.434098 0.186446
0.437383 0.225303

0.433738 0.169502
0.437762 0.242217

0.434033 0.182188
0.437488 0.229553

0.43414 0.186409
0.437123 0.212697

0.434246 0.190623
0.43713 0.212697

0.434352 0.19483
0.437136 0.212697

0.434827 0.215827
0.436498 0.183352

0.434931 0.220019
0.436506 0.183352

0.435034 0.224204
0.436422 0.179174

0.434679 0.207493
0.436247 0.170832

0.434691 0.207493
0.43653 0.183323

0.434703 0.207493
0.43672 0.191636

0.434624 0.203336
0.436909 0.199935

0.434182 0.182589
0.43737 0.220648

0.433923 0.170161
0.437014 0.204106

0.434389 0.190839
0.43702 0.204106

0.434492 0.194967
0.436757 0.191741

0.434685 0.20321
0.436944 0.19997

0.434427 0.190866
0.436861 0.195863

0.43435 0.186759
0.436689 0.187661

0.434094 0.174456
0.436875 0.195849

0.434375 0.186738
0.436971 0.199936

0.434566 0.194913
0.436622 0.183614

0.434578 0.194913
0.436364 0.171393

0.434678 0.198986
0.436106 0.159193

0.43469 0.198986
0.436645 0.183554

0.43426 0.178685
0.43674 0.187608

0.434449 0.186792
0.436396 0.17142

0.434637 0.194886
0.436667 0.183541

0.434737 0.198926
0.436937 0.195642

0.434398 0.182792
0.436681 0.183561

0.434148 0.17071
0.436776 0.187581

0.434423 0.182772
0.436957 0.195609

0.434435 0.182772
0.43705 0.199617

0.434447 0.182772
0.436883 0.191615

0.435065 0.210779
0.436631 0.179631

0.434989 0.206785
0.436897 0.191595

0.434741 0.19482
0.436989 0.195577

0.434667 0.190838
0.437339 0.211478

0.434678 0.190838
0.437173 0.20354

0.434861 0.198776
0.436838 0.18769

0.434872 0.198776
0.437015 0.195602

0.434797 0.19482
0.436851 0.187702

0.434553 0.18297
0.437113 0.199534

0.434225 0.167195
0.437203 0.203471

0.434237 0.167195
0.437209 0.203471

0.434334 0.171126
0.437131 0.199546

0.434262 0.167201
0.437305 0.207384

0.434189 0.163282
0.437479 0.21521

0.434454 0.17502
0.437568 0.219116

0.434298 0.167207
0.437573 0.219116

0.43431 0.167207
0.437662 0.223011

0.434572 0.17889
0.437917 0.234676

0.434333 0.167225
0.438087 0.242441

0.434511 0.17499
0.438008 0.238565

0.434191 0.159484
0.43793 0.234694

0.434369 0.167225
0.437603 0.219237

0.434132 0.155632
0.437526 0.215378

0.434227 0.15949
0.437695 0.223083

0.434321 0.163343
0.437864 0.230776

0.434251 0.159496
0.437541 0.215414

0.434918 0.190222
0.437382 0.207744

0.434847 0.186387
0.437306 0.203915

0.435184 0.201703
0.436823 0.180976

0.434786 0.182587
0.436585 0.169524

0.434959 0.190222
0.436673 0.173335

0.434645 0.174976
0.436923 0.184753

0.434899 0.186393
0.436929 0.184753

0.435071 0.193993
0.436613 0.169575

0.435242 0.201582
0.4367 0.173364

0.434849 0.182639
0.436867 0.18093

0.43502 0.190205
0.437034 0.188484

0.435271 0.201537
0.4372 0.196028

0.43528 0.201537
0.437445 0.207326

0.43505 0.190239
0.437291 0.199805

0.435378 0.20528
0.437455 0.207315

0.434911 0.182751
0.437381 0.203565

0.435317 0.201498
0.437386 0.203565

0.435327 0.201498
0.43747 0.207304

0.434941 0.182807
0.437081 0.18864

0.435108 0.190272
0.43748 0.207276

0.434882 0.17909
0.437485 0.207276

0.434892 0.17909
0.437176 0.192411

0.43498 0.182807
0.437182 0.192411

0.435225 0.193939
0.437266 0.196116

0.435312 0.197645
0.437037 0.185016

0.434854 0.175445
0.436965 0.181322

0.434864 0.175445
0.436971 0.181322

0.434874 0.175445
0.436667 0.166586

0.434806 0.171761
0.436518 0.159229

0.434352 0.149689
0.436602 0.162902

0.43444 0.153362
0.436994 0.181242

0.434297 0.146026
0.436769 0.170254

0.434692 0.16434
0.436929 0.177569

0.434933 0.175312
0.436935 0.177569

0.434789 0.168008
0.437017 0.181216

0.435105 0.182596
0.437176 0.1885

0.435115 0.182596
0.437029 0.181226

0.435124 0.182596
0.436806 0.170332

0.435437 0.197122
0.436812 0.170332

0.43575 0.211627
0.437121 0.184817

0.435758 0.211627
0.437127 0.184817

0.436144 0.229708
0.436906 0.173984

0.436151 0.229708
0.436685 0.163166

0.435857 0.215284
0.436617 0.159565

0.435639 0.204482
0.436548 0.155969

0.435722 0.208077
0.436479 0.152379

0.435356 0.190124
0.436561 0.155964

0.43514 0.179366
0.436418 0.148803

0.435224 0.182947
0.436723 0.163106

0.435009 0.17222
0.437026 0.177389

0.435167 0.179361
0.437254 0.188087

0.435028 0.17223
0.437704 0.209452

0.435111 0.175791
0.437782 0.213008

0.435046 0.172235
0.437417 0.195253

0.435277 0.182888
0.437348 0.191706

0.43558 0.197073
0.437206 0.184624

0.435956 0.214779
0.437211 0.184624

0.43611 0.221852
0.43685 0.166966

0.435678 0.200663
0.437148 0.181073

0.435612 0.197136
0.43708 0.177551

0.436058 0.218268
0.437158 0.181068

0.436138 0.221785
0.437164 0.181068

0.436291 0.22881
0.437314 0.188083

0.436225 0.225302
0.437536 0.198592

0.435942 0.21129
0.437613 0.20209

0.435805 0.204294
0.43769 0.205584

0.435884 0.207788
0.437694 0.205584

0.43582 0.204299
0.437914 0.216036

0.435683 0.197331
0.438276 0.233433

0.435691 0.197331
0.438351 0.236907

0.435627 0.193856
0.438497 0.243847

0.435635 0.193856
0.438357 0.236917

0.435929 0.207718
0.438217 0.229995

0.435865 0.204257
0.438007 0.219626

0.435658 0.193888
0.437869 0.212723

0.435666 0.193888
0.437943 0.21617

0.435603 0.190441
0.438018 0.219613

0.435469 0.183556
0.438021 0.219613

0.43583 0.200746
0.437813 0.209312

0.435979 0.207613
0.437817 0.209312

0.435352 0.176753
0.437961 0.216161

0.43529 0.173328
0.437895 0.212741

0.435298 0.173328
0.438109 0.222988

0.435306 0.173328
0.438182 0.226398

0.435175 0.166506
0.438115 0.222992

0.434974 0.156287
0.438188 0.226394

0.435052 0.159689
0.438052 0.219599

0.43513 0.163087
0.437917 0.212812

0.435417 0.17666
0.437574 0.195868

0.435771 0.193604
0.437647 0.199253

0.436055 0.207142
0.437651 0.199253

0.435786 0.193621
0.437724 0.202628

0.435586 0.183494
0.437935 0.212742

0.435456 0.176751
0.437869 0.209375

0.43567 0.186852
0.437873 0.209375

0.435678 0.186852
0.437877 0.209375

0.435616 0.183494
0.437744 0.202667

0.435282 0.166723
0.437747 0.202667

0.435154 0.160024
0.437956 0.212704

0.435162 0.160024
0.437891 0.209363

0.43517 0.160024
0.437759 0.202688

0.43545 0.173372
0.438169 0.222686

0.435525 0.176705
0.438037 0.216028

0.435533 0.176705
0.437838 0.206055

0.435541 0.176705
0.437841 0.206055

0.435413 0.170064
0.437845 0.206055

0.435825 0.189961
0.43805 0.215991

0.435966 0.196585
0.438255 0.225914

0.435839 0.189969
0.438124 0.219307

0.435846 0.189969
0.43786 0.206109

0.435786 0.18667
0.43773 0.199518

0.43586 0.189965
0.4378 0.202809

0.435733 0.183383
0.438003 0.212671

0.435541 0.173521
0.438073 0.215954

0.435814 0.186653
0.437944 0.209396

0.435556 0.173537
0.437947 0.209396

0.435695 0.180087
0.437752 0.199583

0.435702 0.180087
0.438086 0.215917

0.435578 0.173553
0.438023 0.212655

0.435387 0.163765
0.437829 0.202878

0.435395 0.163765
0.437635 0.193114

0.435534 0.170275
0.437311 0.176859

0.435738 0.180027
0.437381 0.180106

0.435548 0.170287
0.43719 0.170378

0.435425 0.163801
0.437325 0.176855

0.435563 0.170279
0.437329 0.176855

0.435961 0.189689
0.437528 0.186549

0.435707 0.176764
0.437597 0.189776

0.435519 0.167083
0.437796 0.199445

0.435527 0.167083
0.437864 0.202665

0.435405 0.160644
0.438061 0.212311

0.435541 0.167075
0.438 0.2091

0.435419 0.160652
0.438132 0.215515

0.435362 0.157444
0.438006 0.209107

0.43537 0.157444
0.43801 0.209107

0.435506 0.163844
0.437821 0.199519

0.435385 0.157452
0.437952 0.205903

0.43552 0.163837
0.437827 0.199526

0.435527 0.163837
0.437959 0.205896

0.435662 0.170206
0.437898 0.202715

0.435987 0.186111
0.437965 0.205892

0.435739 0.173402
0.438159 0.215412

0.435619 0.167055
0.438162 0.215412

0.435816 0.176564
0.438228 0.218578

0.435886 0.17973
0.437852 0.199605

0.436272 0.198703
0.437918 0.202764

0.436656 0.217653
0.437795 0.196454

0.436535 0.211344
0.437736 0.193303

0.436667 0.217646
0.437488 0.180714

0.436923 0.230235
0.437618 0.187001

0.436865 0.227091
0.437934 0.202701

0.436808 0.223951
0.438188 0.215246

0.436688 0.217679
0.438253 0.218379

0.436318 0.198884
0.438255 0.218379

0.436573 0.211399
0.437947 0.202752

0.436579 0.211399
0.437888 0.19963

0.436646 0.214521
0.437953 0.202748

0.436589 0.211403
0.437895 0.199634

0.436471 0.205174
0.438083 0.208967

0.4366 0.211396
0.438395 0.224503

0.436728 0.21761
0.438089 0.208984

0.43624 0.192781
0.437969 0.202784

0.436246 0.192781
0.438034 0.205881

0.436498 0.205167
0.437975 0.202788

0.436503 0.205167
0.437979 0.202788

0.43657 0.208256
0.437982 0.202788

0.436636 0.211342
0.438168 0.212035

0.436641 0.211342
0.437988 0.202798

0.436707 0.214421
0.438052 0.205874

0.436347 0.195969
0.438176 0.212017

0.436474 0.202113
0.438118 0.208949

0.43648 0.202113
0.438303 0.218144

0.436242 0.189853
0.438366 0.221205

0.436067 0.180669
0.438489 0.227321

0.435831 0.168437
0.438431 0.224267

0.435897 0.171491
0.438313 0.218164

0.435783 0.165389
0.438075 0.205974

0.435609 0.156246
0.438258 0.215107

0.435976 0.174512
0.438321 0.218147

0.436162 0.183634
0.438084 0.205998

0.435988 0.174522
0.438445 0.224202

0.436054 0.177556
0.438328 0.218141

0.436239 0.186648
0.438212 0.212086

0.436066 0.177566
0.437976 0.19999

0.436071 0.177566
0.43786 0.193949

0.436137 0.180587
0.438042 0.203001

0.43632 0.189638
0.438163 0.209029

0.436326 0.189638
0.437988 0.199997

0.436391 0.192649
0.437814 0.190976

0.436396 0.192649
0.438053 0.202991

0.436342 0.189645
0.437997 0.19999

0.436465 0.195646
0.438059 0.202988

0.436353 0.189651
0.438238 0.21197

0.436476 0.195639
0.438006 0.200007

0.436481 0.195639
0.438067 0.202994

0.436545 0.198627
0.43807 0.202994

0.436316 0.18669
0.438073 0.202994

0.436321 0.18669
0.437959 0.197039

0.436443 0.192645
0.43802 0.200013

0.436332 0.186697
0.438023 0.200013

0.436221 0.180754
0.437794 0.188142

0.436168 0.177786
0.437971 0.197036

0.436116 0.174822
0.437685 0.182228

0.436353 0.186668
0.437746 0.185187

0.436474 0.192584
0.43798 0.197007

0.436537 0.195539
0.438156 0.205863

0.436657 0.201443
0.438158 0.205863

0.436604 0.198494
0.438276 0.211754

0.436379 0.186712
0.438164 0.205869

0.436499 0.192597
0.438052 0.199991

0.436619 0.198476
0.437825 0.188246

0.436509 0.192603
0.438 0.197045

0.436571 0.195536
0.437946 0.194115

0.436234 0.177957
0.437949 0.194115

0.436239 0.177957
0.438122 0.202886

0.436188 0.175034
0.438011 0.197045

0.43608 0.169193
0.437901 0.19121

0.436199 0.175027
0.437847 0.188296

0.436147 0.172113
0.437793 0.185385

0.435983 0.163379
0.437684 0.179569

0.436102 0.169196
0.437687 0.179569

0.436164 0.172101
0.437746 0.182471

0.436169 0.172101
0.437356 0.162178

0.436118 0.169202
0.437191 0.15349

0.436348 0.180786
0.437195 0.15349

0.43641 0.183678
0.437423 0.165049

0.436415 0.183678
0.437706 0.179484

0.43642 0.183678
0.437877 0.188135

0.436704 0.198097
0.438047 0.196777

0.436709 0.198097
0.438106 0.199655

0.436657 0.19522
0.437942 0.191031

0.436829 0.203844
0.437889 0.188159

0.436556 0.189485
0.437947 0.191028

0.436616 0.192354
0.437839 0.185296

0.436454 0.183756
0.438008 0.193885

0.436293 0.175168
0.437956 0.191025

0.436409 0.180887
0.437903 0.188168

0.436359 0.17803
0.437851 0.185314

0.436253 0.172322
0.437964 0.191016

0.436204 0.169471
0.437967 0.191016

0.436264 0.172319
0.43808 0.196707

0.436214 0.169474
0.438137 0.199549

0.436329 0.175159
0.438358 0.210907

0.436334 0.175159
0.438634 0.225089

0.436448 0.180832
0.438581 0.222256

0.436235 0.169497
0.438474 0.216594

0.436131 0.163836
0.43815 0.199627

0.436136 0.163836
0.437989 0.191152

0.436087 0.161011
0.438372 0.210907

0.436472 0.180766
0.438482 0.216545

0.436585 0.186404
0.438539 0.219362

0.436373 0.175139
0.438649 0.224989

0.436378 0.175139
0.438489 0.216557

0.436491 0.18076
0.438544 0.219365

0.436658 0.189184
0.438708 0.22778

0.436447 0.177964
0.43871 0.22778

0.436505 0.180766
0.438872 0.236178

0.436564 0.183565
0.43882 0.233381

0.436783 0.194752
0.438447 0.213825

0.436948 0.203133
0.438075 0.194288

0.436684 0.189178
0.437971 0.188711

0.436689 0.189178
0.438027 0.191497

0.436747 0.191963
0.43787 0.183148

0.436858 0.197529
0.437926 0.185928

0.437021 0.205869
0.437981 0.188706

0.436919 0.200314
0.438143 0.197029

0.436817 0.194765
0.43804 0.191485

0.436715 0.189222
0.437831 0.18041

0.436772 0.191991
0.437781 0.177644

0.43683 0.194757
0.437625 0.169353

0.436939 0.200284
0.437945 0.185918

0.436733 0.189241
0.437947 0.185918

0.436737 0.189241
0.437845 0.180407

0.437004 0.203018
0.438005 0.188665

0.43685 0.19476
0.437851 0.180415

0.437012 0.20301
0.437801 0.177668

0.437016 0.20301
0.437804 0.177668

0.437176 0.211243
0.437911 0.183152

0.437076 0.205759
0.437757 0.174934

0.43708 0.205759
0.43776 0.174934

0.437188 0.211232
0.438023 0.188603

0.437191 0.211232
0.437974 0.185872

0.437195 0.211232
0.438029 0.188601

0.436991 0.200318
0.438187 0.196778

0.437047 0.203044
0.438292 0.202225

0.436792 0.189428
0.438346 0.204945

0.436796 0.189428
0.4384 0.207663

0.4368 0.189428
0.438299 0.202232

0.436546 0.175851
0.438301 0.202232

0.436551 0.175851
0.438201 0.196812

0.436607 0.178561
0.437946 0.183275

0.436508 0.173146
0.438 0.18598

0.436718 0.183966
0.438054 0.188682

0.436825 0.189371
0.438159 0.194081

0.437136 0.205569
0.438059 0.188687

0.437037 0.200175
0.438061 0.188687

0.436837 0.189397
0.43786 0.177919

0.436841 0.189397
0.437659 0.167161

0.436947 0.194776
0.437865 0.177909

0.437001 0.197462
0.437919 0.180593

0.436954 0.194778
0.437719 0.169866

0.436755 0.184051
0.437823 0.175224

0.436759 0.184051
0.437623 0.164517

0.436764 0.184051
0.437677 0.167192

0.436717 0.181377
0.437831 0.175207

0.436721 0.181377
0.437783 0.172538

0.436927 0.192053
0.437736 0.169871

0.43673 0.181387
0.437789 0.172535

0.436834 0.186715
0.437792 0.172535

0.436838 0.186715
0.437945 0.180512

0.436692 0.178738
0.437997 0.183169

0.436646 0.176081
0.4383 0.199094

0.4367 0.178735
