0.437087 1.17052
0.43708 1.16794
0.437055 1.16536
0.437049 1.1645
0.437022 1.16278
0.437064 1.16278
0.437089 1.16794
0.437067 1.16622
0.437046 1.1645
0.437029 1.16192
0.437038 1.16364
0.437037 1.16192
0.437057 1.16278
0.437065 1.16536
0.437038 1.16278
0.437011 1.16107
0.436987 1.15935
0.436972 1.15764
0.437019 1.16021
0.43699 1.16021
0.436999 1.16021
0.437012 1.16021
0.436964 1.15678
0.436951 1.15593
0.436908 1.1525
0.436831 1.14651
0.436789 1.14308
0.436741 1.13966
0.436735 1.1388
0.43666 1.13281
0.436595 1.12854
0.436509 1.1217
0.436469 1.11828
0.436438 1.11571
0.43645 1.11571
0.436412 1.11315
0.436407 1.11315
0.436411 1.1123
0.436374 1.11059
0.436362 1.10888
0.436264 1.1029
0.43622 1.09693
0.436182 1.09522
0.436164 1.09352
0.436154 1.09181
0.436091 1.08755
0.436051 1.08499
0.43606 1.08499
0.436057 1.08414
0.436067 1.08499
0.436037 1.08244
0.436002 1.08073
0.435995 1.07903
0.436011 1.07903
0.436034 1.07988
0.436047 1.08329
0.436059 1.08243
0.436035 1.08158
0.436005 1.08073
0.435986 1.07818
0.435969 1.07733
0.435996 1.07733
0.435995 1.07818
0.435968 1.07648
0.435969 1.07648
0.436046 1.07988
0.43603 1.08243
0.436039 1.07903
0.436078 1.08243
0.436093 1.08412
0.436102 1.08582
0.436062 1.08328
0.436062 1.08158
0.436101 1.08497
0.436151 1.08836
0.436179 1.0909
0.436185 1.09175
0.436193 1.09345
0.436202 1.09175
0.436182 1.09175
0.436159 1.0909
0.436119 1.08667
0.436128 1.08837
0.436122 1.08667
0.436131 1.08667
0.43611 1.08498
0.436102 1.08498
0.436109 1.08498
0.436121 1.08667
0.436158 1.08752
0.436205 1.09174
0.436228 1.09343
0.43617 1.08921
0.436106 1.08583
0.436048 1.08077
0.436059 1.07992
0.436101 1.08161
0.436039 1.07992
0.435997 1.07486
0.435984 1.07486
0.435931 1.0698
0.435946 1.07065
0.435958 1.07233
0.435948 1.07065
0.435974 1.07317
0.435972 1.07233
0.436006 1.07486
0.435979 1.07317
0.435984 1.07317
0.435984 1.07149
0.43601 1.0757
0.436019 1.07486
0.435985 1.07317
0.435986 1.07317
0.435936 1.06897
0.43597 1.07149
0.435972 1.07233
0.435977 1.07233
0.436009 1.07401
0.436045 1.07737
0.436068 1.07905
0.436125 1.08409
0.436149 1.08325
0.436179 1.08745
0.436188 1.08828
0.436156 1.08577
0.436122 1.08325
0.436131 1.08325
0.436131 1.08325
0.436132 1.08325
0.436105 1.08158
0.436063 1.07822
0.435986 1.07068
0.435966 1.06901
0.435918 1.06566
0.435883 1.06482
0.43581 1.0598
0.435806 1.05813
0.435782 1.05562
0.435761 1.05394
0.435726 1.0506
0.435699 1.04893
0.435685 1.04809
0.435662 1.04642
0.435663 1.04391
0.435679 1.04558
0.435699 1.04892
0.435676 1.04558
0.435614 1.04308
0.435545 1.03723
0.435532 1.03473
0.435537 1.03389
0.435551 1.0364
0.435536 1.03556
0.435534 1.03473
0.43548 1.03056
0.43544 1.02722
0.435521 1.02973
0.435535 1.03389
0.435534 1.03389
0.435531 1.03389
0.435537 1.03389
0.435553 1.03556
0.43558 1.03639
0.435663 1.04138
0.435711 1.04555
0.435769 1.04971
0.435815 1.0547
0.43588 1.05719
0.435923 1.06052
0.435967 1.06384
0.435958 1.06551
0.435907 1.06218
0.435965 1.06467
0.436014 1.06883
0.436051 1.07132
0.43601 1.06966
0.435988 1.06717
0.435981 1.068
0.435971 1.06634
0.435946 1.06385
0.435935 1.06385
0.435959 1.06468
0.435984 1.06634
0.436021 1.068
0.436036 1.07048
0.436055 1.07131
0.436037 1.07131
0.436035 1.07131
0.436066 1.07214
0.436047 1.07131
0.436099 1.07462
0.436159 1.07793
0.436177 1.08124
0.436235 1.08373
0.436244 1.08538
0.436306 1.08952
0.436285 1.09034
0.436244 1.08704
0.436246 1.08538
0.436189 1.0829
0.436194 1.08125
0.436161 1.0796
0.436179 1.0796
0.436153 1.0796
0.436158 1.0796
0.43619 1.08042
0.436183 1.08042
0.436207 1.08208
0.436192 1.08208
0.436158 1.0796
0.436159 1.08043
0.436133 1.07713
0.436076 1.07218
0.436072 1.07136
0.436106 1.07218
0.436112 1.07465
0.436065 1.07136
0.436067 1.07053
0.436101 1.07218
0.436089 1.07218
0.436068 1.07054
0.436064 1.06971
0.435992 1.0656
0.435947 1.06149
0.435949 1.06066
0.435965 1.06066
0.435944 1.06066
0.43596 1.06149
0.435966 1.06231
0.435965 1.06231
0.435975 1.06149
0.435945 1.06149
0.435944 1.05984
0.435947 1.05984
0.43589 1.05656
0.435908 1.05574
0.435886 1.05492
0.435838 1.05246
0.435862 1.05246
0.435899 1.05492
0.435946 1.05738
0.435995 1.0623
0.435972 1.0623
0.435981 1.0623
0.435982 1.0623
0.435973 1.06148
0.43604 1.06557
0.436028 1.06639
0.436007 1.06393
0.435988 1.0623
0.435976 1.06066
0.435933 1.05821
0.435928 1.05739
0.435931 1.05657
0.435955 1.05739
0.435989 1.06148
0.436034 1.06474
0.436018 1.06311
0.436027 1.06474
0.436017 1.06393
0.435984 1.06148
0.435957 1.05903
0.435971 1.05984
0.435952 1.0574
0.435933 1.05576
0.435925 1.05413
0.435928 1.05576
0.435931 1.05658
0.435951 1.05739
0.435995 1.05984
0.435962 1.05903
0.435941 1.05577
0.435939 1.05658
0.435937 1.05577
0.43592 1.05495
0.435958 1.05658
0.435965 1.05739
0.435988 1.05902
0.435973 1.05821
0.435908 1.05414
0.435915 1.05251
0.435879 1.05007
0.435932 1.0517
0.4359 1.05251
0.435921 1.05414
0.435966 1.05576
0.435954 1.05658
0.435986 1.05901
0.435949 1.05495
0.43597 1.05739
0.43598 1.05739
0.436003 1.05901
0.436058 1.06388
0.436062 1.06307
0.436106 1.06794
0.436162 1.07037
0.436186 1.07362
0.436214 1.07524
0.436213 1.07524
0.436226 1.07605
0.436215 1.07605
0.43626 1.07848
0.436259 1.07929
0.436269 1.0801
0.436269 1.07686
0.436257 1.07848
0.436296 1.08091
0.436295 1.08091
0.436291 1.08091
0.436313 1.08414
0.436289 1.08091
0.436313 1.08172
0.436347 1.08414
0.436363 1.08495
0.436371 1.08818
0.436407 1.08818
0.436395 1.08899
0.436414 1.08899
0.436436 1.09222
0.436447 1.09222
0.436465 1.09303
0.436491 1.09626
0.436517 1.09787
0.436559 1.10029
0.436597 1.10352
0.436575 1.10271
0.436561 1.1011
0.436565 1.1011
0.436614 1.10513
0.436613 1.10432
0.436646 1.10754
0.436661 1.10835
0.436726 1.11318
0.436781 1.11801
0.436839 1.12043
0.436839 1.12204
0.436846 1.12284
0.436843 1.12124
0.436889 1.12526
0.436861 1.12445
0.436862 1.12445
0.436897 1.12606
0.43689 1.12687
0.436915 1.12687
0.436906 1.12767
0.436908 1.12687
0.436965 1.13088
0.436983 1.13409
0.43701 1.13409
0.436999 1.13409
0.436974 1.13169
0.436939 1.13008
0.436924 1.12767
0.436878 1.12447
0.436892 1.12447
0.436849 1.12286
0.436807 1.11965
0.43681 1.11805
0.43683 1.11805
0.436846 1.12126
0.436882 1.12286
0.436891 1.12446
0.436879 1.12446
0.436896 1.12526
0.436911 1.12686
0.436859 1.12286
0.436834 1.11966
0.43679 1.11646
0.436761 1.11566
0.436796 1.11726
0.436767 1.11406
0.436755 1.11406
0.436748 1.11326
0.436694 1.10927
0.43669 1.10927
0.436691 1.10847
0.436642 1.10447
0.436634 1.10447
0.436622 1.10208
0.436652 1.10527
0.436632 1.10367
0.436637 1.10288
0.436612 1.10128
0.436617 1.10208
0.436589 1.09969
0.436585 1.09889
0.43658 1.09809
0.436615 1.10048
0.436655 1.10447
0.436664 1.10447
0.436676 1.10606
0.436672 1.10606
0.436679 1.10606
0.436645 1.10288
0.43663 1.10208
0.436671 1.10526
0.436696 1.10765
0.436708 1.10845
0.436698 1.10765
0.436631 1.10367
0.436629 1.10288
0.436649 1.10208
0.436665 1.10447
0.436677 1.10606
0.436689 1.10606
0.436704 1.10606
0.436729 1.10685
0.436749 1.11003
0.436755 1.11241
0.436775 1.11162
0.436804 1.114
0.436834 1.11717
0.436826 1.11638
0.43679 1.114
0.436757 1.11003
0.436683 1.10528
0.436612 1.09973
0.436565 1.09656
0.436535 1.09339
0.436503 1.09101
0.436509 1.09022
0.436475 1.08863
0.43646 1.08705
0.436452 1.08626
0.436421 1.08388
0.436465 1.08467
0.436476 1.08626
0.436479 1.08784
0.43646 1.08626
0.436487 1.08784
0.436526 1.091
0.436519 1.091
0.43658 1.09337
0.436603 1.09732
0.43661 1.09969
0.436621 1.09811
0.43663 1.0989
0.436623 1.09969
0.436548 1.09417
0.436591 1.09417
0.436604 1.09732
0.436626 1.09732
0.436613 1.09811
0.436646 1.09969
0.436681 1.10127
0.436673 1.10206
0.436714 1.10521
0.436709 1.10442
0.436727 1.106
0.436677 1.10363
0.436647 1.0997
0.436648 1.0997
0.436621 1.09891
0.43658 1.09418
0.43655 1.09104
0.436556 1.09261
0.43654 1.09104
0.436604 1.09497
0.436619 1.09654
0.43666 1.09733
0.436651 1.09969
0.436636 1.09812
0.436675 1.10126
0.436729 1.1044
0.436752 1.10676
0.43676 1.10755
0.436721 1.10597
0.436697 1.10283
0.436643 1.09891
0.436624 1.09577
0.436572 1.09263
0.436582 1.09263
0.436592 1.09341
0.436591 1.09106
0.436558 1.09184
0.436531 1.08871
0.436536 1.08871
0.436584 1.09028
0.436604 1.09341
0.436625 1.09576
0.436601 1.09498
0.436633 1.09654
0.436625 1.09498
0.436638 1.09733
0.43663 1.09654
0.436612 1.09498
0.436589 1.0942
0.436575 1.09185
0.436552 1.0895
0.436548 1.0895
0.436594 1.09419
0.436635 1.09498
0.436663 1.09732
0.436668 1.09967
0.436655 1.09732
0.436572 1.09107
0.436537 1.08795
0.436519 1.08717
0.436419 1.07936
0.436388 1.07623
0.436416 1.07702
0.436355 1.07467
0.43632 1.06921
0.436269 1.06609
0.436232 1.06453
0.436267 1.06375
0.43627 1.06531
0.436263 1.06609
0.436309 1.06921
0.43631 1.06921
0.43627 1.06687
0.436261 1.06531
0.436244 1.06453
0.436265 1.0622
0.436261 1.06453
0.436283 1.06765
0.436245 1.06298
0.43622 1.06142
0.436234 1.06142
0.436235 1.0622
0.4362 1.06064
0.43617 1.05676
0.436155 1.05598
0.436197 1.05831
0.436193 1.05831
0.436178 1.05753
0.436219 1.05986
0.436267 1.06297
0.436303 1.06685
0.436301 1.06841
0.436282 1.0653
0.436271 1.06375
0.436251 1.06297
0.436241 1.06297
0.436211 1.05909
0.436254 1.06065
0.436256 1.06297
0.436298 1.06607
0.436296 1.0653
0.436307 1.06685
0.436344 1.0684
0.43638 1.07227
0.436387 1.07305
0.436422 1.0746
0.4364 1.07382
0.436441 1.07692
0.436419 1.07537
0.436434 1.07614
0.43646 1.07846
0.436495 1.07924
0.436569 1.08388
0.436577 1.08697
0.436579 1.08775
0.436599 1.08929
0.436596 1.08852
0.436608 1.08929
0.436584 1.08775
0.436581 1.08775
0.436564 1.08697
0.436553 1.08543
0.436561 1.08466
0.436602 1.08697
0.436616 1.08852
0.436649 1.09006
0.436682 1.09392
0.436715 1.09777
0.436706 1.097
0.436698 1.097
0.436681 1.09315
0.436766 1.09932
0.436767 1.10163
0.436682 1.09546
0.436651 1.09161
0.436602 1.08853
0.436574 1.08622
0.436508 1.08083
0.436413 1.07313
0.436394 1.07159
0.436368 1.06851
0.436327 1.0662
0.436311 1.0639
0.436264 1.06005
0.436251 1.05851
0.436226 1.05774
0.436234 1.05698
0.436259 1.05851
0.436268 1.06082
0.436264 1.06005
0.436255 1.05928
0.436226 1.05698
0.436224 1.05621
0.436266 1.05774
0.436299 1.06158
0.436276 1.06082
0.436233 1.05698
0.436207 1.05314
0.436235 1.05698
0.436185 1.05314
0.436189 1.05314
0.436201 1.05391
0.436159 1.05238
0.436125 1.04778
0.436071 1.04395
0.436085 1.04318
0.4361 1.04548
0.43616 1.04931
0.436121 1.04701
0.436103 1.04471
0.436099 1.04548
0.43612 1.04471
0.436152 1.04931
0.436177 1.05007
0.43618 1.05007
0.436187 1.05007
0.436221 1.0516
0.436258 1.05542
0.43633 1.06154
0.436353 1.06459
0.436341 1.06383
0.436361 1.06383
0.436368 1.06689
0.436348 1.06383
0.436317 1.06307
0.436324 1.06078
0.436308 1.06154
0.436317 1.06154
0.436305 1.05925
0.436293 1.05849
0.436296 1.05925
0.436283 1.05849
0.436269 1.05696
0.436265 1.05696
0.436295 1.05925
0.436285 1.05849
0.436254 1.05544
0.436236 1.05468
0.436176 1.05011
0.436187 1.04859
0.436179 1.05011
0.436119 1.04554
0.436086 1.04097
0.436056 1.03945
0.436081 1.03945
0.436058 1.03945
0.436062 1.03793
0.436044 1.03793
0.436039 1.03717
0.436006 1.03489
0.435946 1.02957
0.435919 1.02805
0.435867 1.02349
0.435915 1.02577
0.435959 1.03033
0.435977 1.03109
0.435959 1.03109
0.435958 1.03033
0.435936 1.02805
0.43595 1.03033
0.435906 1.02729
0.435863 1.02274
0.435879 1.02274
0.435796 1.01819
0.435782 1.01592
0.43574 1.01213
0.43567 1.00682
0.435695 1.0053
0.435715 1.00909
0.435697 1.00758
0.435764 1.01061
0.435797 1.01591
0.435818 1.01742
0.43581 1.01742
0.435783 1.01439
0.43576 1.01288
0.435744 1.00986
0.435697 1.00834
0.435674 1.00532
0.435662 1.00456
0.435651 1.0038
0.435613 1.00078
0.4356 0.999269
0.435614 1.00078
0.435639 1.00154
0.435639 1.00154
0.435608 1.00078
0.435557 0.995495
0.435512 0.992475
0.435483 0.989456
0.435496 0.989456
0.435498 0.99172
0.435567 0.993228
0.435578 0.997
0.435583 0.997
0.435576 0.995492
0.435577 0.994738
0.435567 0.995492
0.435586 0.995492
0.435638 0.997753
0.435652 1.00001
0.435733 1.00604
0.435767 1.0098
0.435794 1.01282
0.435819 1.01357
0.435813 1.01432
0.435818 1.01508
0.435846 1.01658
0.435876 1.01884
0.435865 1.01959
0.435867 1.01884
0.435875 1.01959
0.435871 1.01884
0.435862 1.01809
0.435834 1.01583
0.435837 1.01433
0.435865 1.01733
0.435854 1.01808
0.435866 1.01808
0.435829 1.01508
0.435801 1.01133
0.435777 1.01058
0.435745 1.00757
0.435742 1.00757
0.435747 1.00757
0.435803 1.01057
0.435865 1.01432
0.435829 1.01507
0.435801 1.01208
0.435747 1.00758
0.435674 1.00158
0.435706 1.00158
0.435702 1.00383
0.435704 1.00383
0.435684 1.00083
0.435643 0.998587
0.435666 1.00008
0.435693 1.00008
0.435718 1.00458
0.435742 1.00607
0.435737 1.00532
0.435733 1.00458
0.435745 1.00532
0.435763 1.00607
0.435772 1.00831
0.435787 1.00906
0.435736 1.00532
0.435689 1.00159
0.435676 1.00009
0.435705 1.00159
0.435726 1.00383
0.435685 1.00084
0.435703 1.00234
0.435681 1.00084
0.435658 0.997857
0.435634 0.996364
0.435636 0.99711
0.435629 0.995618
0.435624 0.994872
0.43563 0.994872
0.435623 0.995618
0.43561 0.994127
0.435606 0.993381
0.435583 0.991146
0.435568 0.990401
0.435608 0.993381
0.435668 0.997105
0.435642 0.99636
0.435608 0.994126
0.43559 0.991893
0.435594 0.991893
0.435571 0.98966
0.435556 0.988916
0.435563 0.988172
0.435586 0.990404
0.435604 0.991891
0.435599 0.991891
0.435576 0.990404
0.435526 0.986688
0.435513 0.984458
0.435534 0.985201
0.435524 0.984458
0.435502 0.982973
0.435509 0.982973
0.435523 0.983715
0.435527 0.9852
0.435536 0.986685
0.435529 0.9852
0.435537 0.9852
0.43555 0.984458
0.435558 0.986684
0.435588 0.98965
0.435606 0.988909
0.435626 0.991875
0.435631 0.992616
0.435618 0.991875
0.435622 0.991134
0.435681 0.994097
0.43572 0.999283
0.435684 0.997061
0.43568 0.99632
0.435672 0.994839
0.435695 0.99706
0.435687 0.99632
0.435697 0.9978
0.43569 0.99632
0.435718 0.999279
0.435696 0.996321
0.435666 0.994842
0.435612 0.990405
0.435609 0.991145
0.435565 0.985971
0.435555 0.985232
0.435543 0.983754
0.435636 0.986709
0.435668 0.994095
0.435725 0.996311
0.43577 1.00222
0.435753 1
0.435752 1.00074
0.435698 0.996313
0.43569 0.995575
0.435687 0.995575
0.435657 0.992625
0.435655 0.992625
0.435641 0.990413
0.435622 0.990413
0.435636 0.990413
0.435636 0.989676
0.435614 0.988939
0.435602 0.986728
0.435626 0.988202
0.435612 0.988202
0.435597 0.987465
0.435605 0.987465
0.435585 0.986729
0.43562 0.988201
0.435581 0.985258
0.435532 0.980843
0.435509 0.979372
0.435446 0.974223
0.435477 0.975694
0.435485 0.976429
0.435524 0.97937
0.435541 0.983045
0.435537 0.981575
0.435529 0.980106
0.435501 0.977902
0.435502 0.977167
0.435464 0.973495
0.435459 0.974229
0.435429 0.971293
0.435431 0.972027
0.435426 0.971293
0.435413 0.969825
0.435413 0.971293
0.435398 0.969092
0.435461 0.973492
0.435473 0.973492
0.43544 0.972026
0.435421 0.97056
0.435381 0.966895
0.435359 0.963964
0.435349 0.963964
0.435356 0.964697
0.43536 0.963964
0.435389 0.966161
0.435385 0.966893
0.435382 0.966161
0.435369 0.965429
0.435383 0.966893
0.435361 0.964698
0.43538 0.964698
0.435367 0.963966
0.435345 0.963235
0.435327 0.961773
0.435334 0.961773
0.435303 0.95958
0.435274 0.956657
0.435234 0.953734
0.435241 0.952273
0.435241 0.953733
0.435219 0.952273
0.435193 0.949352
0.435168 0.946431
0.435186 0.948621
0.435234 0.952271
0.435235 0.952271
0.435301 0.955919
0.435329 0.959566
0.435367 0.962484
0.435401 0.963942
0.435448 0.969046
0.435471 0.971233
0.435549 0.974877
0.43558 0.97925
0.435609 0.982165
0.435618 0.982165
0.435649 0.985078
0.435696 0.987991
0.435701 0.990176
0.43564 0.985808
0.43566 0.98508
0.435627 0.983624
0.435621 0.982896
0.435635 0.982896
0.435615 0.982169
0.435605 0.980714
0.435614 0.982169
0.435633 0.981442
0.43564 0.984349
0.435637 0.982896
0.435653 0.985076
0.435597 0.980716
0.435558 0.977084
0.435495 0.972726
0.435504 0.972
0.435502 0.972
0.435518 0.972726
0.43551 0.972
0.435506 0.972
0.43553 0.973451
0.435593 0.977079
0.435604 0.97998
0.4356 0.97998
0.435605 0.979255
0.435617 0.97998
0.435633 0.98143
0.435624 0.98143
0.435613 0.979981
0.435617 0.980705
0.43562 0.980705
0.435624 0.980705
0.435638 0.980705
0.435688 0.986498
0.43569 0.98505
0.435681 0.985773
0.435669 0.983602
0.435665 0.983602
0.435712 0.986496
0.435719 0.987943
0.435712 0.987943
0.435758 0.990112
0.435734 0.98722
0.435754 0.990112
0.435773 0.99228
0.43584 0.995893
0.435878 0.999506
0.435871 1.00095
0.435834 0.996617
0.435859 0.998061
0.435869 0.998783
0.435847 0.998061
0.435857 0.998061
0.43586 0.998783
0.435826 0.995897
0.435838 0.995175
0.435853 0.995896
0.435923 1.00094
0.435925 1.00383
0.435879 1.00022
0.43587 1.00022
0.435846 0.997341
0.435858 0.998062
0.43588 0.998783
0.43585 0.996621
0.435791 0.99302
0.435809 0.9923
0.435784 0.99158
0.435797 0.99158
0.43581 0.99302
0.435782 0.990861
0.435743 0.987263
0.435741 0.987263
0.435778 0.99014
0.435801 0.992298
0.435847 0.995174
0.435852 0.997331
0.435847 0.995893
0.435846 0.995174
0.435883 0.998767
0.435923 0.999486
0.435929 1.00236
0.435973 1.00523
0.435997 1.00595
0.436017 1.00882
0.436001 1.00667
0.435996 1.00739
0.435957 1.00452
0.435909 1.00021
0.43594 1.00021
0.435907 1.00021
0.435865 0.996625
0.435848 0.994474
0.435844 0.994474
0.435838 0.993757
0.435838 0.993757
0.435815 0.992324
0.435824 0.991607
0.435811 0.990891
0.435812 0.990891
0.435783 0.989458
0.435753 0.985878
0.435766 0.986594
0.43578 0.988026
0.435784 0.98731
0.435811 0.990888
0.435838 0.993034
0.435808 0.990888
0.435807 0.989458
0.435789 0.988743
0.43572 0.983023
0.435764 0.985882
0.435748 0.985168
0.435722 0.983739
0.4357 0.980881
0.435652 0.977309
0.43562 0.974452
0.43558 0.970881
0.435563 0.969453
0.43564 0.97445
0.435692 0.978733
0.435685 0.978733
0.435684 0.978733
0.435677 0.978733
0.435696 0.978733
0.43567 0.97802
0.435681 0.97802
0.435719 0.981585
0.435738 0.98301
0.435791 0.985149
0.435825 0.990137
0.435804 0.989425
0.435825 0.989425
0.43584 0.990849
0.435821 0.990137
0.435806 0.988001
0.435785 0.985865
0.43583 0.988712
0.435858 0.992271
0.43585 0.990136
0.435834 0.990136
0.435839 0.990136
0.435875 0.993693
0.435871 0.992981
0.43589 0.992981
0.435873 0.992981
0.435872 0.992271
0.43595 0.995824
0.435985 1.0008
0.435996 1.00151
0.435963 0.998667
0.435948 0.998667
0.435948 0.998667
0.43595 0.997957
0.435895 0.993698
0.435891 0.993698
0.435933 0.995827
0.43593 0.996536
0.435977 0.999374
0.436036 1.00505
0.43603 1.00363
0.436059 1.00718
0.436078 1.00859
0.43617 1.01356
0.436179 1.01639
0.436202 1.0171
0.436259 1.02135
0.436266 1.02348
0.436289 1.02489
0.4363 1.0256
0.436305 1.0256
0.436302 1.0256
0.436298 1.02631
0.43626 1.02277
0.436247 1.02206
0.436249 1.02206
0.436249 1.02135
0.436241 1.02065
0.436215 1.01853
0.436237 1.02065
0.436231 1.01923
0.436231 1.01994
0.436254 1.02065
0.436279 1.02347
0.436336 1.02771
0.43632 1.02701
0.436312 1.02559
0.436284 1.02418
0.436257 1.02136
0.436262 1.02136
0.436252 1.02206
0.436239 1.01924
0.43619 1.01571
0.436192 1.01501
0.436207 1.01501
0.436235 1.01783
0.436251 1.01924
0.436256 1.02065
0.436242 1.01853
0.436242 1.01924
0.436204 1.01712
0.436214 1.01571
0.436188 1.01501
0.436169 1.0136
0.436166 1.01149
0.436145 1.01078
0.436124 1.00867
0.436105 1.00797
0.43612 1.00867
0.436097 1.00727
0.436082 1.00375
0.436052 1.00304
0.436074 1.00445
0.436044 1.00164
0.435998 0.998825
0.435993 0.998122
0.435969 0.994608
0.43597 0.995311
0.435949 0.995311
0.435956 0.993906
0.435963 0.994608
0.435963 0.99531
0.435925 0.991799
0.435948 0.992502
0.436006 0.995309
0.436093 1.00233
0.436121 1.00654
0.436153 1.01005
0.436172 1.01215
0.43622 1.01496
0.436265 1.01776
0.43627 1.01987
0.436282 1.02057
0.436311 1.02197
0.436332 1.02407
0.436362 1.02547
0.436411 1.02968
0.43643 1.03178
0.43642 1.03248
0.436413 1.03038
0.436451 1.03248
0.436454 1.03318
0.436445 1.03318
0.436422 1.03178
0.436399 1.03038
0.436383 1.02828
0.436339 1.02478
0.436329 1.02338
0.436308 1.02129
0.436299 1.02129
0.436287 1.01989
0.436285 1.01849
0.436296 1.02059
0.436295 1.01989
0.436313 1.02059
0.436317 1.02129
0.436313 1.02129
0.436323 1.02059
0.436321 1.02059
0.436331 1.02268
0.436321 1.02408
0.436281 1.01919
0.436288 1.01849
0.436318 1.02198
0.436296 1.01989
0.436245 1.0164
0.43623 1.01431
0.436203 1.01222
0.436229 1.01222
0.43625 1.0164
0.436243 1.01501
0.436247 1.01501
0.43621 1.01222
0.436244 1.01361
0.436264 1.01501
0.436301 1.01918
0.436314 1.02058
0.436338 1.02127
0.43639 1.02684
0.436425 1.02823
0.436432 1.02962
0.436431 1.02962
0.436456 1.03171
0.436475 1.03241
0.436533 1.03658
0.436551 1.03936
0.436536 1.03797
0.436529 1.03658
0.436532 1.03797
0.436522 1.03728
0.436534 1.03728
0.436555 1.03797
0.436573 1.04075
0.436549 1.04005
0.436543 1.03797
0.436511 1.03589
0.436508 1.03589
0.436484 1.03381
0.436472 1.03242
0.4365 1.03311
0.43652 1.03589
0.436517 1.03658
0.436529 1.03519
0.436584 1.03935
0.436566 1.03935
0.436547 1.03866
0.436575 1.03935
0.436575 1.04005
0.436563 1.03935
0.436574 1.04005
0.436537 1.03728
0.436525 1.03589
0.436516 1.0352
0.436489 1.03243
0.436495 1.03381
0.436464 1.03105
0.43646 1.03035
0.436454 1.02966
0.436463 1.03035
0.436493 1.03174
0.436483 1.03105
0.436511 1.03381
0.436501 1.03312
0.436494 1.03105
0.436461 1.03036
0.436454 1.02828
0.436454 1.02966
0.436469 1.02966
0.436486 1.03174
0.436491 1.03174
0.436499 1.03381
0.436504 1.03174
0.436499 1.03105
0.436478 1.02967
0.436485 1.02898
0.436492 1.03105
0.436482 1.03105
0.43649 1.03105
0.436487 1.03036
0.436453 1.02829
0.436429 1.02553
0.436423 1.02553
0.436455 1.02622
0.436455 1.02829
0.43643 1.02691
0.436416 1.02415
0.436434 1.02346
0.436478 1.02828
0.436492 1.03104
0.436517 1.0331
0.436485 1.02897
0.436444 1.02829
0.436443 1.02691
0.436452 1.02622
0.436429 1.02553
0.436398 1.02416
0.436392 1.02141
0.436394 1.0221
0.436408 1.02278
0.436409 1.02347
0.436411 1.02347
0.436409 1.02278
0.436438 1.02416
0.43644 1.02622
0.436435 1.02416
0.43645 1.02622
0.436447 1.02553
0.436436 1.02484
0.436383 1.02073
0.436353 1.01867
0.436357 1.01867
0.436344 1.0173
0.436367 1.01798
0.436375 1.02004
0.436388 1.02072
0.436371 1.01935
0.436381 1.02004
0.436373 1.01935
0.436357 1.0173
0.436333 1.01593
0.436337 1.01456
0.436357 1.01661
0.436361 1.01798
0.436387 1.01935
0.43639 1.02004
0.436357 1.01867
0.436352 1.01661
0.436338 1.01593
0.436318 1.01388
0.436326 1.01388
0.43633 1.01456
0.436339 1.01524
0.436374 1.0173
0.4364 1.02071
0.436418 1.02208
0.436444 1.02413
0.436455 1.02413
0.436458 1.02482
0.436459 1.0255
0.436452 1.02482
0.436471 1.0255
0.436494 1.02755
0.436499 1.02686
0.436494 1.02618
0.436513 1.02891
0.436539 1.03096
0.43656 1.03301
0.436548 1.03164
0.436603 1.03369
0.436604 1.03642
0.436586 1.03505
0.436571 1.03301
0.436565 1.03369
0.436548 1.03164
0.436536 1.03028
0.436505 1.02824
0.436485 1.02551
0.436489 1.02687
0.436477 1.02551
0.436469 1.02551
0.436463 1.02415
0.436487 1.02619
0.436492 1.02619
0.436477 1.02551
0.436517 1.02619
0.436515 1.02823
0.436509 1.02687
0.436541 1.02755
0.436586 1.03231
0.436605 1.03435
0.436619 1.03503
0.436694 1.04047
0.436719 1.04319
0.436727 1.04387
0.436721 1.04523
0.436715 1.04387
0.436761 1.04727
0.436773 1.04795
0.436825 1.05202
0.436812 1.05202
0.436817 1.0527
0.436783 1.04998
0.436752 1.04727
0.436746 1.04659
0.436755 1.04795
0.436724 1.04456
0.436693 1.0432
0.436739 1.04388
0.436768 1.04727
0.436788 1.0493
0.43681 1.04998
0.43682 1.05201
0.436821 1.05201
0.436822 1.05133
0.4368 1.05066
0.436842 1.05269
0.436835 1.05337
0.436808 1.05134
0.436845 1.05337
0.436845 1.05404
0.436838 1.05269
0.436829 1.05269
0.436843 1.05337
0.436848 1.05269
0.436851 1.05404
0.436874 1.05607
0.436904 1.05742
0.436922 1.06013
0.436952 1.06216
0.437015 1.06553
0.437062 1.07094
0.437048 1.07094
0.437016 1.06756
0.43698 1.06419
0.436921 1.06013
0.436916 1.05878
0.436928 1.06013
0.436889 1.05608
0.436842 1.05338
0.436845 1.05203
0.436849 1.05203
0.436817 1.05068
0.43681 1.04934
0.43679 1.04731
0.436797 1.04799
0.436765 1.04596
0.436772 1.04529
0.436805 1.04731
0.436846 1.05203
0.436837 1.05203
0.436864 1.05405
0.436864 1.0527
0.436878 1.05472
0.436895 1.05607
0.436921 1.05742
0.43694 1.06011
0.43693 1.05876
0.436922 1.05944
0.436928 1.05876
0.436918 1.05809
0.436892 1.0554
0.436865 1.05473
0.436847 1.05002
0.436865 1.05204
0.436864 1.05405
0.436854 1.05271
0.436894 1.05405
0.436884 1.05473
0.436859 1.05271
0.436836 1.05069
0.436792 1.04734
0.43681 1.04801
0.436782 1.04599
0.436751 1.04331
0.436757 1.04264
0.436744 1.04331
0.43674 1.04197
0.436735 1.04197
0.436746 1.04129
0.436732 1.04129
0.436722 1.03995
0.436697 1.03794
0.436692 1.03794
0.436703 1.03794
0.436699 1.03794
0.436686 1.03794
0.436715 1.03928
0.436727 1.03995
0.436723 1.04062
0.436708 1.03861
0.436689 1.0366
0.436693 1.03593
0.436692 1.03727
0.436719 1.03727
0.436757 1.03995
0.436778 1.0433
0.436822 1.0453
0.436849 1.04798
0.436885 1.05132
0.436899 1.054
0.436882 1.05266
0.436886 1.05199
0.436895 1.05467
0.4369 1.05333
0.436926 1.05467
0.436885 1.05333
0.436876 1.05199
0.436868 1.05133
0.43681 1.04665
0.436779 1.04398
0.436717 1.03931
0.436667 1.03463
0.436666 1.0333
0.436647 1.03196
0.436642 1.03196
0.436644 1.03196
0.436696 1.0353
0.436723 1.0373
0.436741 1.03997
0.436742 1.0393
0.436749 1.04063
0.436741 1.03997
0.436721 1.03797
0.436704 1.03663
0.43668 1.03463
0.436678 1.03397
0.436684 1.03397
0.436701 1.03463
0.43672 1.03663
0.436737 1.03863
0.436727 1.0373
0.436675 1.0333
0.436651 1.03131
0.436669 1.03197
0.436656 1.03131
0.436646 1.03131
0.436633 1.02931
0.436618 1.02865
0.436619 1.02798
0.436627 1.02931
0.436636 1.02931
0.436624 1.02865
0.436635 1.02865
0.436655 1.03064
0.436665 1.03131
0.436671 1.03263
0.436708 1.03463
0.43673 1.03595
0.43673 1.03662
0.436691 1.03396
0.436731 1.03728
0.436703 1.03529
0.436713 1.03463
0.436696 1.03396
0.436684 1.0333
0.43668 1.03197
0.436716 1.03396
0.436746 1.03794
0.436739 1.03794
0.436736 1.03728
0.436717 1.03595
0.436674 1.03198
0.436694 1.03198
0.436713 1.0333
0.436747 1.03728
0.436731 1.03661
0.436688 1.0333
0.436687 1.03198
0.436663 1.03066
0.436664 1.03066
0.436658 1.03066
0.436624 1.02735
0.436605 1.02602
0.436574 1.02338
0.436579 1.02272
0.436576 1.02205
0.436587 1.02338
0.436589 1.02272
0.436658 1.02668
0.436674 1.03065
0.436618 1.02668
0.436628 1.02536
0.436656 1.02734
0.436685 1.03131
0.436674 1.03065
0.43664 1.02734
0.436605 1.0247
0.436547 1.02008
0.436497 1.01612
0.436486 1.01414
0.436486 1.01414
0.436477 1.01414
0.436489 1.01414
0.436488 1.01348
0.436505 1.01546
0.436522 1.01612
0.436536 1.01678
0.436578 1.02139
0.436613 1.02469
0.436688 1.02996
0.43677 1.03457
0.436783 1.03853
0.436825 1.04248
0.436897 1.04709
0.436923 1.04907
0.436932 1.05104
0.436959 1.05236
0.436975 1.05367
0.437006 1.05696
0.437005 1.05696
0.436999 1.05499
0.437026 1.0596
0.437038 1.05894
0.43705 1.06091
0.437027 1.05828
0.437053 1.0596
0.437086 1.06354
0.437103 1.0642
0.437096 1.0642
0.437069 1.06223
0.43705 1.06026
0.437015 1.05763
0.437009 1.05631
0.437013 1.05697
0.436998 1.05566
0.437015 1.05631
0.437009 1.05566
0.436997 1.055
0.437015 1.05697
0.437009 1.05697
0.437045 1.05894
0.437051 1.05959
0.437032 1.05894
0.43705 1.05959
0.437039 1.05959
0.437058 1.06025
0.437053 1.06025
0.437065 1.0609
0.437065 1.05959
0.437042 1.05894
0.437038 1.05828
0.43701 1.05632
0.436977 1.05304
0.436974 1.05304
0.436963 1.05173
0.436951 1.05173
0.436976 1.05239
0.437002 1.05435
0.437027 1.05697
0.437059 1.05959
0.437072 1.06155
0.43711 1.0622
0.437144 1.06482
0.437162 1.06743
0.437207 1.07201
0.437241 1.07397
0.43723 1.07463
0.437202 1.07136
0.437141 1.06678
0.43713 1.06613
0.437098 1.06091
0.437061 1.0596
0.437086 1.06156
0.437063 1.05895
0.437021 1.05634
0.43696 1.05046
0.43693 1.0485
0.436895 1.04524
0.436848 1.04198
0.436814 1.03872
0.436821 1.03806
0.436811 1.03741
0.436757 1.0335
0.436702 1.02893
0.436675 1.02698
0.436643 1.02372
0.43664 1.02307
0.436617 1.02046
0.436604 1.01981
0.436613 1.01916
0.436575 1.01786
0.436548 1.0146
0.436589 1.01655
0.436595 1.01916
0.43657 1.0172
0.436545 1.01395
0.436527 1.01395
0.43653 1.012
0.436593 1.01655
0.436603 1.0185
0.436606 1.0185
0.4366 1.0198
0.436572 1.0159
0.436592 1.01785
0.436596 1.01785
0.436588 1.0172
0.43659 1.0172
0.436605 1.01785
0.436616 1.0198
0.436595 1.01785
0.436579 1.01655
0.43659 1.01591
0.436595 1.01785
0.436603 1.01656
0.436637 1.0198
0.436683 1.02369
0.436701 1.02434
0.436701 1.02564
0.436694 1.02499
0.436704 1.02564
0.436677 1.02434
0.436632 1.02045
0.436648 1.02175
0.436649 1.02175
0.436684 1.02434
0.436632 1.0211
0.436601 1.01721
0.436608 1.01851
0.436585 1.01527
0.436574 1.01527
0.436539 1.01203
0.436541 1.01139
0.436556 1.01333
0.436545 1.01203
0.436504 1.00944
0.436486 1.00686
0.436449 1.00491
0.436429 1.00233
0.436425 1.00233
0.436389 0.998446
0.436415 0.999739
0.43641 0.999739
0.436379 0.998446
0.436371 0.997153
0.436385 0.998446
0.436399 0.999092
0.43643 1.00038
0.436443 1.00297
0.436447 1.00232
0.436475 1.00555
0.436499 1.00749
0.436523 1.00878
0.436514 1.00814
0.436513 1.00814
0.436507 1.00684
0.436516 1.00813
0.436518 1.00878
0.436486 1.00684
0.436426 1.00104
0.436404 0.999104
0.436352 0.995235
0.436353 0.99459
0.436378 0.996524
0.43642 0.998458
0.436432 1.00104
0.43642 0.999103
0.436425 0.999747
0.436437 0.999103
0.436402 0.998459
0.436396 0.997171
0.436391 0.996527
0.436345 0.993308
0.436363 0.993951
0.436365 0.995882
0.436313 0.991377
0.436279 0.986229
0.436277 0.986229
0.436314 0.988159
0.43633 0.990732
0.436362 0.993948
0.436377 0.993948
0.436348 0.992662
0.436334 0.990733
0.436345 0.992019
0.436341 0.992662
0.43632 0.990091
0.436342 0.990734
0.436353 0.992019
0.436342 0.992019
0.436339 0.992019
0.436321 0.990734
0.436304 0.988166
0.436281 0.985598
0.436268 0.985598
0.43624 0.983031
0.436236 0.981748
0.436226 0.981106
0.43619 0.97854
0.436161 0.975333
0.436125 0.972768
0.436087 0.970203
0.436087 0.96828
0.436121 0.971485
0.436143 0.973408
0.436127 0.972126
0.436131 0.972126
0.436148 0.972126
0.436173 0.97597
0.436162 0.975329
0.436145 0.973408
0.436136 0.973408
0.436174 0.974688
0.436178 0.975969
0.436172 0.974048
0.436206 0.977888
0.436195 0.977888
0.436192 0.977248
0.436215 0.978528
0.436287 0.984284
0.436303 0.985563
0.436315 0.987482
0.436342 0.98876
0.436375 0.992596
0.436401 0.995153
0.436421 0.995153
0.436462 0.997708
0.436487 1.00154
0.436475 1.0009
0.436469 1.00026
0.436459 0.998987
0.436489 1.0009
0.436494 1.00154
0.436507 1.00346
0.436491 1.00154
0.436496 1.00154
0.436545 1.00473
0.436547 1.00728
0.436556 1.00665
0.436562 1.00728
0.436546 1.00601
0.43655 1.00601
0.436567 1.00665
0.436608 1.01047
0.436596 1.00983
0.436581 1.0092
0.436573 1.00792
0.43654 1.00537
0.436565 1.00665
0.436588 1.00856
0.436591 1.00856
0.436602 1.00983
0.43657 1.00728
0.436547 1.00601
0.436554 1.00665
0.436523 1.00347
0.436509 1.00219
0.436508 1.00219
0.436488 1.00029
0.436502 1.00156
0.436472 0.999013
0.436444 0.99647
0.436431 0.995198
0.436444 0.994563
0.43649 0.999012
0.436539 1.00282
0.436609 1.00791
0.436641 1.01299
0.436602 1.00918
0.436597 1.00918
0.436567 1.00727
0.43656 1.00664
0.436548 1.00473
0.436552 1.00347
0.4366 1.00664
0.436637 1.00981
0.436651 1.01298
0.436634 1.01172
0.436622 1.01108
0.436652 1.01298
0.436646 1.01172
0.436678 1.01362
0.436682 1.01552
0.436679 1.01489
0.436655 1.01298
0.436663 1.01362
0.436671 1.01425
0.436693 1.01489
0.43669 1.01425
0.436722 1.01805
0.436727 1.01869
0.436722 1.01869
0.436735 1.01932
0.436707 1.01679
0.436718 1.01742
0.436736 1.01742
0.436762 1.02058
0.436773 1.02185
0.436759 1.02122
0.436735 1.01869
0.436739 1.01932
0.436749 1.01932
0.436777 1.02248
0.43676 1.02185
0.436727 1.01806
0.436723 1.01806
0.436689 1.01616
0.436648 1.01237
0.436638 1.00984
0.436591 1.00732
0.436558 1.00353
0.436542 1.00289
0.436538 1.00289
0.436507 0.999738
0.436488 0.997213
0.436509 0.999106
0.436485 0.996582
0.436498 0.997213
0.436497 0.997213
0.436489 0.997213
0.436497 0.997844
0.436457 0.994691
0.436451 0.99406
0.436472 0.994691
0.436473 0.995321
0.43651 0.996581
0.436552 1.00099
0.436539 1.00036
0.436562 1.00225
0.436603 1.00414
0.43662 1.00666
0.436639 1.00729
0.436667 1.00981
0.43668 1.01233
0.436726 1.01422
0.436749 1.01736
0.436791 1.01988
0.436813 1.02303
0.436797 1.0224
0.436839 1.02429
0.436858 1.02743
0.436879 1.02869
0.436851 1.02743
0.436849 1.02617
0.436866 1.02806
0.436899 1.0312
0.436874 1.02869
0.436878 1.02994
0.436873 1.02932
0.436846 1.02618
0.436834 1.02492
0.436847 1.02555
0.436844 1.02555
0.436856 1.0268
0.436882 1.02743
0.4369 1.03057
0.436947 1.03371
0.436963 1.03559
0.436996 1.03622
0.437035 1.03998
0.437053 1.04249
0.437063 1.04374
0.43705 1.04249
0.437064 1.04249
0.437066 1.04374
0.437085 1.04562
0.437081 1.045
0.437091 1.04562
0.437128 1.04813
0.437149 1.05189
0.437111 1.04813
0.437085 1.0475
0.437097 1.045
0.437106 1.04688
0.437098 1.04625
0.43708 1.04563
0.437063 1.045
0.437039 1.04125
0.437036 1.03999
0.437031 1.03937
0.437043 1.03937
0.437097 1.04437
0.437103 1.04687
0.437134 1.05
0.437135 1.04937
0.437116 1.0475
0.437116 1.04625
0.437105 1.0475
0.43707 1.04375
0.437078 1.04437
0.437047 1.04188
0.437035 1.04063
0.437037 1.04063
0.437026 1.04
0.437008 1.03813
0.436971 1.03438
0.436961 1.03376
0.436931 1.03064
0.436909 1.02939
0.436897 1.02877
0.436874 1.02627
0.436821 1.02191
0.43681 1.02066
0.436818 1.02066
0.436827 1.02128
0.436825 1.02066
0.436826 1.0219
0.436789 1.01879
0.436758 1.0163
0.436728 1.01318
0.436716 1.01193
0.43672 1.01256
0.436715 1.01256
0.43673 1.01256
0.43675 1.01318
0.436732 1.01193
0.436745 1.01442
0.436769 1.01567
0.436801 1.01878
0.436786 1.01816
0.436831 1.02003
0.43684 1.02127
0.436832 1.02189
0.436823 1.02003
0.436807 1.02003
0.436827 1.01878
0.436832 1.02065
0.436865 1.02376
0.436883 1.02562
0.436902 1.02624
0.436939 1.02748
0.436957 1.03121
0.437037 1.03494
0.437039 1.03804
0.43706 1.03991
0.43708 1.04239
0.437043 1.03929
0.437037 1.03804
0.437058 1.03929
0.437094 1.04239
0.437116 1.04487
0.437143 1.04611
0.437162 1.04797
0.437171 1.04921
0.437192 1.05045
0.437228 1.05293
0.437256 1.05603
0.437264 1.05789
0.437292 1.05665
0.437318 1.06099
0.437332 1.06223
0.437366 1.06471
0.437377 1.06719
0.437373 1.06719
0.437379 1.06719
0.437394 1.06781
0.437372 1.06719
0.437331 1.06409
0.437322 1.06223
0.437317 1.06223
0.437277 1.05914
0.437254 1.05667
0.437245 1.05543
0.437245 1.05543
0.43722 1.05357
0.437221 1.05295
0.437238 1.05295
0.437214 1.05357
0.437198 1.0511
0.437168 1.04863
0.437156 1.04739
0.437148 1.04554
0.437121 1.0443
0.437134 1.0443
0.437137 1.04492
0.437162 1.04616
0.437134 1.04554
0.437118 1.04245
0.437107 1.04245
0.437052 1.03751
0.437062 1.03813
0.437061 1.03751
0.43706 1.03813
0.437083 1.03936
0.437089 1.03998
0.437105 1.04121
0.437123 1.04245
0.437171 1.04615
0.437176 1.04615
0.437203 1.04861
0.437209 1.05046
0.437255 1.05354
0.437298 1.05786
0.437296 1.05847
0.437303 1.05909
0.4373 1.05909
0.437303 1.05847
0.437312 1.05909
0.437316 1.06032
0.437319 1.06032
0.437339 1.06155
0.437364 1.0634
0.437376 1.06463
0.437391 1.06524
0.437416 1.0677
0.437445 1.06955
0.437466 1.07201
0.437462 1.07201
0.437479 1.07262
0.437511 1.07508
0.437555 1.07816
0.43758 1.08061
0.437568 1.08061
0.437574 1.08184
0.437576 1.08123
0.437565 1.08061
0.437538 1.07816
0.437499 1.0757
0.43751 1.0757
0.437506 1.0757
0.437507 1.0757
0.437515 1.07632
0.437496 1.07447
0.43753 1.07693
0.437525 1.0757
0.437525 1.07631
0.437554 1.07938
0.43757 1.08061
0.437561 1.08
0.437592 1.08306
0.437575 1.08122
0.437551 1.07938
0.437529 1.07632
0.437537 1.07816
0.437531 1.07693
0.437517 1.07632
0.437509 1.07509
0.437481 1.07387
0.437461 1.07081
0.437452 1.06958
0.437459 1.06836
0.437452 1.06958
0.437448 1.06958
0.437457 1.07019
0.437487 1.07081
0.437515 1.07509
0.437543 1.07815
0.437588 1.08059
0.437612 1.08304
0.437614 1.08243
0.437608 1.08365
0.437652 1.08671
0.437662 1.08732
0.43768 1.08915
0.437673 1.08915
0.437677 1.08915
0.437679 1.08854
0.437696 1.08976
0.437683 1.08854
0.437672 1.08854
0.43769 1.08976
0.437644 1.0861
0.437628 1.08427
0.437604 1.08244
0.437593 1.08122
0.437576 1.08
0.437587 1.08061
0.437593 1.08122
0.437617 1.08244
0.437662 1.08732
0.43768 1.08854
0.437674 1.08732
0.437639 1.08549
0.437602 1.08244
0.437624 1.08244
0.437633 1.08427
0.437629 1.08305
0.43762 1.08305
0.437607 1.08244
0.437624 1.08366
0.437617 1.08305
0.437583 1.08
0.437557 1.07818
0.437537 1.07574
0.437553 1.07696
0.437545 1.07757
0.437507 1.07453
0.437516 1.07331
0.437501 1.0727
0.437476 1.06966
0.437446 1.06783
0.437434 1.0654
0.437431 1.06479
0.437448 1.06783
0.437448 1.06723
0.437463 1.06844
0.437447 1.06723
0.437422 1.0648
0.437384 1.06236
0.437386 1.06115
0.437398 1.06358
0.437402 1.06358
0.437408 1.06297
0.437396 1.06297
0.437377 1.06176
0.43739 1.06176
0.437371 1.06115
0.437375 1.06054
0.437344 1.05751
0.437339 1.0563
0.437342 1.05751
0.437341 1.0569
0.437341 1.05751
0.437332 1.0563
0.437345 1.05812
0.437351 1.05872
0.437373 1.05993
0.437388 1.06236
0.437424 1.06478
0.437439 1.06539
0.43744 1.06539
0.437448 1.06599
0.437413 1.06357
0.43742 1.06357
0.437403 1.06236
0.437455 1.06478
0.437487 1.06781
0.437485 1.06963
0.437475 1.06781
0.437478 1.06902
0.437496 1.07023
0.437504 1.07023
0.437523 1.07265
0.437523 1.07265
0.437514 1.07205
0.437533 1.07325
0.437533 1.07325
0.437531 1.07325
0.437529 1.07446
0.437537 1.07386
0.437572 1.07567
0.437568 1.07628
0.437557 1.07567
0.43754 1.07386
0.437506 1.07024
0.43749 1.07024
0.437489 1.06903
0.437487 1.06903
0.437458 1.06661
0.437442 1.06541
0.437486 1.06903
0.437476 1.06782
0.437484 1.06661
0.437487 1.06722
0.437516 1.07144
0.437497 1.07023
0.437476 1.06722
0.437497 1.06963
0.437484 1.06782
0.437491 1.06842
0.437453 1.06601
0.437454 1.06541
0.437473 1.06601
0.437478 1.06782
0.437493 1.06903
0.437459 1.06541
0.437452 1.06541
0.437444 1.06541
0.437413 1.0624
0.437398 1.0606
0.437377 1.05879
0.437363 1.05759
0.437346 1.05578
0.437343 1.05518
0.437312 1.05277
0.437336 1.05458
0.437336 1.05518
0.437341 1.05458
0.437326 1.05398
0.437351 1.05398
0.437334 1.05458
0.437313 1.05398
0.437284 1.04977
0.437259 1.04917
0.437228 1.04556
0.437231 1.04436
0.43721 1.04316
0.437199 1.04136
0.437195 1.04196
0.437181 1.04076
0.437173 1.04076
0.437139 1.03836
0.437113 1.03476
0.437064 1.03175
0.437045 1.02875
0.437002 1.02575
0.437006 1.02455
0.437009 1.02515
0.437005 1.02515
0.436975 1.02276
0.437005 1.02455
0.437012 1.02455
0.437027 1.02575
0.437059 1.02875
0.437027 1.02695
0.437003 1.02456
0.43702 1.02456
0.437028 1.02635
0.437027 1.02635
0.43701 1.02575
0.437009 1.02515
0.437033 1.02695
0.437007 1.02516
0.437037 1.02516
0.437055 1.02695
0.437082 1.02934
0.437112 1.03293
0.437109 1.03293
0.437106 1.03234
0.437123 1.03413
0.437083 1.03054
0.437042 1.02755
0.437049 1.02755
0.437049 1.02815
0.437018 1.02576
0.437031 1.02636
0.437034 1.02636
0.436995 1.02397
0.436961 1.02038
0.436977 1.01978
0.437001 1.02277
0.436967 1.02038
0.436926 1.0168
0.436945 1.0174
0.436967 1.01978
0.436946 1.01859
0.436944 1.01799
0.436931 1.0168
0.436895 1.01382
0.436855 1.01024
0.43686 1.00964
0.436876 1.01083
0.436902 1.01262
0.436937 1.01501
0.436949 1.01739
0.436952 1.01799
0.436953 1.01799
0.436961 1.01799
0.436969 1.01978
0.436998 1.02216
0.437018 1.02216
0.43703 1.02335
0.437072 1.02693
0.437081 1.02871
0.437085 1.0305
0.437071 1.02812
0.437067 1.02752
0.437058 1.02693
0.43705 1.02633
0.43705 1.02574
0.437054 1.02574
0.437055 1.02633
0.437073 1.02752
0.437095 1.02871
0.437118 1.03168
0.437139 1.03287
0.437163 1.03406
0.437197 1.03703
0.437211 1.03882
0.437252 1.04179
0.437265 1.04298
0.437281 1.04535
0.43731 1.04773
0.4373 1.04714
0.437323 1.04892
0.437328 1.05011
0.437317 1.04892
0.437314 1.04833
0.437347 1.05011
0.43735 1.05189
0.437379 1.05426
0.437381 1.05367
0.437353 1.05189
0.437358 1.05189
0.437327 1.0507
0.437334 1.04952
0.437318 1.04952
0.437336 1.04952
0.437339 1.05011
0.43737 1.05307
0.437356 1.05366
0.43737 1.05189
0.437375 1.05366
0.437369 1.05248
0.437401 1.05426
0.4374 1.05544
0.437381 1.05366
0.437333 1.04952
0.437327 1.04893
0.437326 1.04893
0.437316 1.04774
0.437276 1.04478
0.437293 1.04478
0.437275 1.04419
0.437262 1.04301
0.437261 1.04183
0.43729 1.04537
0.437305 1.04656
0.437347 1.04833
0.437366 1.05188
0.437401 1.05247
0.437439 1.05602
0.437447 1.05897
0.437489 1.06075
0.43751 1.0637
0.437487 1.06252
0.437497 1.06252
0.437516 1.06488
0.437529 1.06606
0.437498 1.06311
0.437493 1.06311
0.43747 1.06134
0.437452 1.05898
0.437431 1.05662
0.437423 1.05603
0.437413 1.05544
0.437363 1.05131
0.437337 1.04895
0.437283 1.04423
0.437244 1.04069
0.437249 1.04187
0.437239 1.03951
0.437219 1.03833
0.437213 1.03656
0.437243 1.03892
0.437258 1.04069
0.437288 1.04304
0.437314 1.04599
0.437322 1.04599
0.437325 1.04599
0.437313 1.04599
0.43731 1.04481
0.437282 1.04422
0.437267 1.04128
0.437279 1.04363
0.437278 1.04246
0.437275 1.04069
0.437276 1.04246
0.437252 1.04069
0.437205 1.03775
0.437183 1.03422
0.437193 1.03481
0.437212 1.0354
0.437235 1.03834
0.437272 1.04128
0.437273 1.04128
0.437258 1.04128
0.437214 1.03775
0.437198 1.0354
0.437188 1.03481
0.437191 1.03422
0.437174 1.03305
0.437229 1.03716
0.437217 1.03657
0.437177 1.03364
0.43717 1.03129
0.437158 1.03188
0.437161 1.03129
0.437155 1.0307
0.437129 1.02894
0.437105 1.02659
0.437124 1.02718
0.437108 1.02659
0.437109 1.02718
0.437143 1.02777
0.437146 1.02953
0.437121 1.02777
0.437109 1.02601
0.43712 1.02718
0.437145 1.02835
0.437153 1.02894
0.437174 1.0307
0.437186 1.03246
0.437218 1.0348
0.437227 1.03538
0.43723 1.03656
0.437239 1.03773
0.437258 1.03831
0.437257 1.0389
0.437265 1.03948
0.437281 1.04124
0.437282 1.04065
0.437296 1.04182
0.437297 1.04182
0.437307 1.04358
0.4373 1.04299
0.437325 1.04416
0.43734 1.0465
0.437326 1.04475
0.437282 1.04124
0.437236 1.03656
0.43723 1.0354
0.437274 1.03832
0.437289 1.04007
0.437323 1.04358
0.43732 1.04416
0.437311 1.04241
0.437296 1.04124
0.437283 1.04066
0.43728 1.04007
0.437264 1.03832
0.437262 1.03832
0.437289 1.0389
0.437276 1.03949
0.43726 1.03832
0.437263 1.03832
0.437238 1.03715
0.437201 1.03307
0.437211 1.03365
0.437202 1.03307
0.437204 1.0319
0.437171 1.03074
0.437185 1.02957
0.437179 1.03074
0.437172 1.02957
0.43717 1.02957
0.437173 1.02957
0.437172 1.03015
0.437145 1.02899
0.437128 1.02666
0.437133 1.02666
0.437161 1.02782
0.437168 1.02957
0.437164 1.02957
0.437151 1.02666
0.437158 1.02724
0.437166 1.02841
0.437187 1.03073
0.437228 1.03364
0.437256 1.03655
0.437277 1.03888
0.437272 1.03772
0.437289 1.03946
0.437274 1.0383
0.437258 1.03714
0.437248 1.03539
0.437251 1.03655
0.437245 1.03597
0.437259 1.03655
0.437248 1.03597
0.437255 1.03655
0.437234 1.03481
0.437198 1.03133
0.437186 1.03016
0.437163 1.02842
0.437153 1.02668
0.43713 1.02494
0.437124 1.02436
0.43716 1.02784
0.437217 1.03016
0.437226 1.03306
0.437221 1.03306
0.437211 1.0319
0.437213 1.0319
0.437198 1.03074
0.437198 1.03016
0.437189 1.03016
0.437181 1.029
0.437197 1.03074
0.437207 1.03016
0.437227 1.0319
0.437229 1.03306
0.437245 1.0348
0.437248 1.03364
0.437293 1.03827
0.437285 1.03827
0.437291 1.0377
0.437278 1.03712
0.437281 1.0377
0.437296 1.0377
0.437316 1.03943
0.437333 1.04117
0.437348 1.0429
0.437349 1.04348
0.437384 1.04522
0.437377 1.04464
0.437363 1.04522
0.437359 1.04464
0.437379 1.04522
0.43737 1.04464
0.43739 1.0458
0.437414 1.04637
0.437424 1.04926
0.437447 1.04984
0.437456 1.05273
0.437486 1.05447
0.437522 1.05793
0.437538 1.05909
0.437588 1.06313
0.437615 1.06486
0.437635 1.0666
0.437631 1.06775
0.437668 1.06948
0.43769 1.07121
0.437699 1.07295
0.437729 1.07583
0.437746 1.07641
0.437769 1.07814
0.437775 1.07987
0.43779 1.0816
0.43781 1.08218
0.437805 1.08333
0.437794 1.0816
0.437804 1.08275
0.437798 1.08218
0.437772 1.07987
0.437779 1.07987
0.437787 1.08045
0.437806 1.08275
0.437824 1.08333
0.437816 1.08333
0.437788 1.08102
0.437788 1.08102
0.437787 1.07987
0.437786 1.08102
0.437801 1.08102
0.437804 1.08102
0.43782 1.0839
0.437829 1.08333
0.437864 1.0862
0.43785 1.0862
0.437841 1.08505
0.437832 1.0839
0.4378 1.08218
0.43778 1.07988
0.437743 1.07758
0.437709 1.07355
0.4377 1.0724
0.437669 1.06838
0.437666 1.06953
0.437641 1.0678
0.437618 1.06551
0.437615 1.06493
0.437598 1.06321
0.437587 1.06206
0.437565 1.06091
0.437553 1.05976
0.437546 1.05861
0.437539 1.05861
0.437538 1.05747
0.437559 1.05976
0.437529 1.05804
0.437521 1.05575
0.437492 1.05345
0.437474 1.0523
0.437442 1.04886
0.437375 1.04427
0.437329 1.03969
0.437339 1.03969
0.437354 1.04026
0.437364 1.04198
0.437361 1.04083
0.437352 1.04083
0.437313 1.03854
0.437309 1.03682
0.437302 1.0351
0.437301 1.03568
0.437261 1.03338
0.437247 1.03109
0.437228 1.02995
0.437196 1.02709
0.437161 1.02365
0.437145 1.02193
0.437123 1.02022
0.437123 1.01964
0.437144 1.02136
0.437151 1.02251
0.437144 1.02193
0.437105 1.0185
0.437121 1.01907
0.437143 1.02079
0.437114 1.01907
0.437093 1.01793
0.437072 1.01564
0.437057 1.01393
0.437049 1.01336
0.437046 1.01221
0.437041 1.01221
0.437019 1.0105
0.436998 1.00822
0.436989 1.00764
0.436956 1.00593
0.436926 1.00193
0.43695 1.00308
0.436994 1.00593
0.437013 1.00878
0.437048 1.01164
0.43709 1.01563
0.437107 1.01677
0.437133 1.01906
0.437117 1.01906
0.437085 1.01563
0.437063 1.01392
0.437116 1.01563
0.437124 1.01848
0.437138 1.01962
0.437131 1.01962
0.43713 1.01905
0.437115 1.01848
0.437121 1.01791
0.437122 1.01848
0.437081 1.01507
0.437067 1.01393
0.437091 1.0145
0.437088 1.01507
0.437089 1.0145
0.437096 1.01507
0.437094 1.01564
0.437121 1.01791
0.437115 1.01791
0.437149 1.01905
0.437155 1.02076
0.437166 1.0219
0.437154 1.02133
0.437122 1.01905
0.437097 1.01678
0.437048 1.01166
0.43703 1.00938
0.436992 1.0054
0.437007 1.00825
0.436983 1.0054
0.436963 1.0037
0.436953 1.00199
0.436963 1.00256
0.436959 1.00313
0.436955 1.00256
0.436946 1.00143
0.436951 1.00199
0.436984 1.00427
0.436986 1.00427
0.436993 1.0054
0.437004 1.00654
0.437002 1.00597
0.437002 1.00654
0.437011 1.00767
0.437019 1.00767
0.437016 1.00767
0.437021 1.00824
0.437026 1.00881
0.437049 1.00994
0.437055 1.01051
0.437045 1.01107
0.437049 1.01051
0.437031 1.00937
0.437015 1.00711
0.436986 1.00484
0.437004 1.00484
0.437 1.00541
0.436959 1.00201
0.436936 0.999741
0.43691 0.996909
0.436953 1.00031
0.436955 1.00201
0.436922 0.998608
0.436907 0.99691
0.436926 0.99691
0.436922 0.998608
0.436915 0.997476
0.43691 0.99691
0.436914 0.99691
0.4369 0.996344
0.43689 0.995213
0.436906 0.996344
0.436918 0.997475
0.436914 0.996344
0.436946 0.999171
0.436967 1.002
0.436967 1.002
0.436976 1.002
0.436979 1.002
0.436995 1.00369
0.436966 1.00143
0.436959 1.00143
0.436976 1.002
0.436972 1.002
0.436963 1.00087
0.436957 1.00087
0.436962 1.00087
0.436945 0.99974
0.436945 0.998611
0.436961 1.0003
0.436928 0.997482
0.436922 0.997482
0.436881 0.994097
0.436878 0.994097
0.436844 0.990149
0.436817 0.987893
0.436812 0.986201
0.436794 0.985637
0.436822 0.985074
0.436821 0.988456
0.436821 0.987329
0.43683 0.989583
0.436831 0.988456
0.436838 0.989019
0.436811 0.987329
0.436817 0.987329
0.436799 0.985639
0.436771 0.982824
0.436768 0.982824
0.436805 0.98395
0.436816 0.987328
0.436788 0.984513
0.436789 0.985076
0.436784 0.98395
0.436804 0.985076
0.436801 0.985076
0.436815 0.986201
0.436822 0.986763
0.436825 0.986763
0.436804 0.985076
0.436775 0.983389
0.436791 0.984514
0.43678 0.983389
0.436771 0.982827
0.436768 0.982265
0.436768 0.982265
0.436769 0.982265
0.43677 0.982265
0.436773 0.981703
0.436769 0.982265
0.436773 0.982265
0.436786 0.982827
0.436803 0.984511
0.436814 0.985634
0.436817 0.985073
0.436832 0.987318
0.43684 0.987318
0.436877 0.990685
0.436874 0.991246
0.436879 0.991246
0.436871 0.989002
0.436893 0.991807
0.436911 0.99349
0.436928 0.99349
0.436931 0.995172
0.436895 0.992368
0.436883 0.991247
0.43689 0.992368
0.436909 0.992929
0.436912 0.992929
0.436925 0.99461
0.436946 0.996851
0.436982 0.999092
0.436987 0.999652
0.436989 1.00021
0.436969 0.998532
0.436951 0.996852
0.436929 0.994613
0.436935 0.995172
0.436982 0.998531
0.436999 1.00021
0.437005 1.00077
0.437001 1.00077
0.437044 1.00301
0.437065 1.00692
0.437079 1.00804
0.437079 1.00804
0.437048 1.00525
0.437061 1.00636
0.437051 1.00581
0.437094 1.00636
0.437103 1.00972
0.437138 1.01307
0.437131 1.01195
0.43713 1.01139
0.437066 1.00804
0.437059 1.00525
0.43704 1.00413
0.437034 1.00357
0.437047 1.00469
0.437038 1.00357
0.437049 1.00469
0.437062 1.00525
0.437043 1.00413
0.437029 1.00302
0.437041 1.00357
0.437023 1.00134
0.437042 1.00357
0.437029 1.00246
0.437057 1.00469
0.43706 1.00469
0.437051 1.00469
0.437043 1.00302
0.437036 1.00246
0.437042 1.00357
0.437043 1.00357
0.437046 1.00357
0.437049 1.00302
0.43705 1.00357
0.437054 1.00413
0.437067 1.00525
0.437063 1.0058
0.437053 1.00413
0.437058 1.00469
0.43705 1.00413
0.437031 1.0019
0.437016 1.00079
0.437023 1.00135
0.437025 1.00023
0.437023 1.00135
0.437031 0.999678
0.437046 1.00302
0.437048 1.00246
0.437021 1.0019
0.43702 1.00079
0.437051 1.0019
0.437049 1.00302
0.437053 1.00302
0.43706 1.00413
0.437047 1.00302
0.437027 1.00135
0.437006 0.999682
0.437004 0.997459
0.437005 0.999126
0.43702 0.999126
0.437018 1.00024
0.436988 0.99746
0.436982 0.996905
0.437001 0.99857
0.436956 0.995239
0.436967 0.994129
0.436969 0.995239
0.436937 0.992464
0.436952 0.993574
0.436961 0.994684
0.436941 0.993019
0.436939 0.992465
0.43692 0.990801
0.436909 0.989691
0.436904 0.988582
0.436907 0.989137
0.436922 0.989691
0.436937 0.991909
0.436959 0.994126
0.436984 0.995788
0.43699 0.996342
0.436993 0.996342
0.437022 0.999667
0.437052 1.00133
0.437064 1.00299
0.437096 1.00576
0.437111 1.00742
0.437084 1.00465
0.437076 1.0041
0.437079 1.00465
0.43707 1.00355
0.437056 1.00188
0.437055 1.00188
0.437065 1.00188
0.437085 1.00354
0.437108 1.00576
0.437126 1.00742
0.437149 1.00963
0.437175 1.01239
0.43719 1.01405
0.437209 1.01571
0.437208 1.01461
0.437221 1.01571
0.437238 1.01682
0.437246 1.01903
0.437295 1.02124
0.437277 1.02179
0.437293 1.02289
0.43729 1.02234
0.437293 1.02289
0.437303 1.02234
0.437324 1.024
0.437337 1.02566
0.437355 1.02676
0.43736 1.02842
0.437386 1.03062
0.437407 1.03228
0.43742 1.03338
0.437448 1.03559
0.437444 1.03669
0.437449 1.03559
0.437474 1.0378
0.437486 1.03945
0.437526 1.04221
0.437543 1.04386
0.437528 1.04276
0.437547 1.04441
0.43754 1.04441
0.43755 1.04386
0.437582 1.04717
0.437638 1.04992
0.437649 1.05378
0.437674 1.05598
0.437708 1.05874
0.437759 1.06259
0.437771 1.06479
0.437777 1.06479
0.437774 1.06479
0.43778 1.06534
0.437817 1.06754
0.437808 1.0681
0.437819 1.06865
0.437843 1.07085
0.437866 1.07195
0.437897 1.07415
0.437908 1.0769
0.437922 1.07855
0.437927 1.078
0.437921 1.078
0.437915 1.07745
0.43793 1.078
0.437929 1.078
0.437913 1.0769
0.437898 1.0758
0.437873 1.07415
0.437857 1.07195
0.437858 1.07195
0.437858 1.0725
0.437827 1.06921
0.437782 1.06536
0.437803 1.06701
0.437762 1.06427
0.437725 1.05987
0.437701 1.05768
0.437671 1.05603
0.437641 1.05274
0.43765 1.05219
0.437669 1.05384
0.43769 1.05603
0.437676 1.05548
0.43767 1.05439
0.437674 1.05548
0.437673 1.05493
0.437695 1.05603
0.437702 1.05767
0.437674 1.05548
0.437685 1.05439
0.437689 1.05658
0.43767 1.05493
0.437668 1.05384
0.437645 1.05219
0.437657 1.05329
0.437688 1.05384
0.437717 1.05767
0.437697 1.05712
0.437654 1.05384
0.437617 1.04946
0.437631 1.05001
0.437624 1.04946
0.437637 1.05165
0.437603 1.04837
0.437571 1.04563
0.437574 1.04508
0.437595 1.04618
0.437614 1.04836
0.437578 1.04508
0.437562 1.04399
0.437549 1.0429
0.437547 1.0429
0.437563 1.04399
0.437555 1.04399
0.437545 1.0418
0.437505 1.03907
0.437469 1.03579
0.437426 1.03197
0.437413 1.03142
0.437365 1.02705
0.437352 1.02487
0.437327 1.02105
0.437332 1.02214
0.437306 1.0205
0.437311 1.02105
0.437276 1.01832
0.437246 1.01504
0.437231 1.0134
0.437233 1.01395
0.437241 1.01395
0.437233 1.0134
0.43725 1.01504
0.437235 1.01395
0.437204 1.01122
0.437195 1.01013
0.43719 1.00904
0.437203 1.01122
0.437223 1.01122
0.437242 1.01395
0.437253 1.01504
0.437256 1.01558
0.43729 1.01722
0.437292 1.01885
0.437309 1.0194
0.437311 1.01994
0.437322 1.02049
0.437327 1.02212
0.437348 1.02266
0.437375 1.0243
0.437414 1.02756
0.437445 1.03192
0.437456 1.03246
0.437454 1.03192
0.437469 1.03355
0.437486 1.03573
0.437478 1.03464
0.437466 1.03301
0.437476 1.03355
0.437497 1.03573
0.437494 1.03573
0.437512 1.03627
0.437527 1.03844
0.437535 1.03899
0.437552 1.04062
0.437566 1.04225
0.437576 1.04388
0.437576 1.04388
0.437564 1.04225
0.437545 1.04008
0.43752 1.03845
0.437519 1.03845
0.437502 1.03627
0.437495 1.03627
0.437486 1.0341
0.437476 1.03356
0.437485 1.0341
0.437493 1.0341
0.437521 1.03736
0.437544 1.03953
0.437515 1.0379
0.437471 1.03356
0.437443 1.03193
0.437402 1.0276
0.437381 1.02543
0.437376 1.02434
0.4374 1.02705
0.43736 1.0238
0.43734 1.02163
0.437335 1.02109
0.437325 1.02001
0.437333 1.02001
0.43732 1.01946
0.437312 1.01946
0.437346 1.02055
0.437367 1.02217
0.437393 1.02596
0.437421 1.02813
0.437467 1.03192
0.437495 1.03408
0.437512 1.03571
0.437516 1.03679
0.437499 1.03463
0.437545 1.03787
0.437566 1.04004
0.43758 1.0422
0.437579 1.04166
0.437566 1.04166
0.437564 1.04058
0.437545 1.0395
0.437547 1.03896
0.437573 1.04112
0.437601 1.04328
0.437598 1.04382
0.43756 1.04004
0.437575 1.04058
0.437563 1.04058
0.437541 1.03788
0.437555 1.03896
0.437546 1.03896
0.437566 1.03896
0.437577 1.04166
0.437587 1.0422
0.437604 1.04382
0.437628 1.04544
0.437633 1.04544
0.437637 1.04598
0.437666 1.04868
0.43768 1.05083
0.437699 1.05245
0.437701 1.05191
0.437722 1.05353
0.437726 1.05461
0.437754 1.05677
0.437766 1.05838
0.4378 1.06108
0.437815 1.06216
0.43782 1.06162
0.437838 1.06485
0.437851 1.06539
0.437836 1.06431
0.437806 1.06162
0.437815 1.0627
0.437806 1.0627
0.437784 1.05947
0.437755 1.05731
0.437725 1.05408
0.437678 1.05031
0.437638 1.04708
0.437611 1.04493
0.437594 1.04278
0.437569 1.04008
0.437554 1.03847
0.437533 1.03578
0.437542 1.03686
0.43755 1.03847
0.437553 1.03847
0.437517 1.03524
0.437526 1.03524
0.437516 1.0347
0.437537 1.03578
0.437544 1.03686
0.43753 1.03578
0.437529 1.03578
0.43754 1.03685
0.437535 1.03524
0.437544 1.03632
0.437546 1.03739
0.43753 1.03685
0.437524 1.03471
0.437509 1.03417
0.43753 1.03524
0.437543 1.03632
0.43753 1.03578
0.437493 1.0331
0.43749 1.03202
0.437487 1.03149
0.437488 1.03149
0.43748 1.03095
0.437466 1.02988
0.437453 1.0288
0.437427 1.02612
0.437438 1.02666
0.43742 1.02612
0.437413 1.02451
0.437372 1.0213
0.437386 1.02183
0.43736 1.01969
0.437335 1.01754
0.437329 1.01701
0.437309 1.01486
0.437319 1.01647
0.437322 1.0154
0.437341 1.01701
0.437348 1.01861
0.437316 1.01594
0.437327 1.01701
0.437307 1.01486
0.437295 1.01272
0.437296 1.01272
0.437307 1.01379
0.437305 1.01379
0.43727 1.01112
0.437288 1.01219
0.43728 1.01112
0.437288 1.01219
0.437287 1.01165
0.437269 1.01112
0.437276 1.01058
0.437289 1.01272
0.437283 1.01219
0.437276 1.01112
0.437257 1.01005
0.437278 1.01112
0.437278 1.01112
0.43727 1.01058
0.437266 1.01005
