1000
5
Variable1
Variable2
Variable3
Variable4
Variable5
2
FixedEffects1
FixedEffects2
3 3 3 3 3
1 0 0 2 0 0 -0.4908304 -2.387971
1 0 0 0 0 0 0.961331 0.7464376
1 0 0 0 0 0 2.330897 0.8052854
1 0 0 0 0 0 0.2182814 0.2037247
0 1 0 0 0 0 2.500784 -0.1976859
1 0 0 0 0 0 0.3353601 0.7023559
1 1 0 0 0 2 0.06848862 0.3225175
1 0 0 0 0 0 -0.1749024 1.19746
1 0 2 0 0 0 1.078862 1.574733
1 0 0 0 0 0 0.2210495 0.4103505
0 2 0 0 1 0 0.3477843 1.984285
1 1 0 0 1 0 1.236488 -0.5280004
1 0 0 2 1 0 -1.004966 -0.6607275
1 0 0 0 0 0 0.6591042 0.9041225
1 0 0 1 0 0 0.1843357 -1.609891
1 0 0 1 0 0 -0.42049 -0.6262312
1 0 1 0 0 0 -0.5529279 -0.453631
1 0 0 0 0 0 -0.3940517 -0.6775313
1 0 0 0 0 0 0.1069339 0.06890788
1 0 1 0 0 0 -2.013758 1.255627
0 0 1 0 0 0 -1.750322 0.2582975
1 0 0 0 0 0 -0.5150613 -0.2712382
1 0 1 0 0 0 1.65684 -0.09786967
1 0 0 0 0 0 0.4582447 -1.021103
1 0 2 0 0 0 -0.3103646 0.198612
1 1 0 0 0 0 0.6390948 -0.000158418
1 0 0 0 0 0 -1.535417 -0.2651376
1 1 0 0 0 0 0.7569684 0.3578546
1 0 0 0 0 0 -0.9749568 0.08971578
1 1 2 0 1 0 0.4525271 -0.1654331
1 0 0 2 0 0 1.553705 -0.8072676
1 0 0 0 2 0 1.112059 -0.4368249
1 0 0 0 0 0 0.1738363 -0.3806114
1 0 0 0 0 0 -1.221711 -1.16255
1 0 0 0 0 0 -0.8507836 0.6965097
1 0 0 2 0 0 0.2012238 0.2464532
1 0 0 2 2 0 -0.1578432 -1.581949
1 0 2 1 0 0 -0.1424274 0.7839063
1 1 0 0 0 0 0.9185213 0.03261454
1 2 0 0 2 0 -1.107658 -0.3427344
1 0 0 0 1 1 0.08327239 0.02988748
0 0 0 0 0 0 -1.581865 -0.3570066
1 0 0 0 2 0 -0.1705791 -0.05350927
1 0 0 0 2 0 -0.4239965 0.1189243
1 0 0 1 2 0 0.0002887488 -1.201046
0 0 0 0 0 0 -1.717987 0.564109
0 1 0 0 0 0 0.4219976 -0.09216374
1 0 0 0 0 0 -0.9752836 0.1974
1 0 0 2 1 0 -1.245213 1.655503
1 1 1 0 1 0 -0.2560549 0.028407
1 0 0 0 1 0 -0.3603069 0.1575295
1 0 2 2 0 0 0.4238962 0.3612515
1 0 0 0 0 1 1.292356 -0.1306673
1 0 0 0 0 0 -0.09087812 -0.3620752
1 0 0 1 0 0 0.324181 -0.9397669
1 1 0 0 1 0 -1.689401 0.1029197
1 0 0 0 0 0 -1.218939 0.01602655
1 1 0 0 0 0 -1.258588 -0.6215535
1 0 2 0 0 0 0.7234997 -0.750736
1 0 0 2 0 1 -0.3123987 0.4013199
1 0 0 0 0 2 -0.3443417 -0.9249673
1 0 0 0 0 2 2.035456 1.545902
1 0 0 0 0 2 0.05753177 -0.1583013
1 0 0 0 0 0 0.308613 1.076868
1 1 0 0 0 0 -0.2324125 -0.5031325
1 0 0 1 0 0 0.5716943 -0.07133567
1 0 1 2 0 0 0.7129122 -0.2853969
1 0 0 0 0 0 0.08693571 -0.7668959
1 0 0 2 0 0 -2.056117 -0.5072459
1 2 1 0 0 0 -1.429749 1.18465
1 0 0 0 0 0 -0.774653 2.119985
1 0 0 0 1 1 1.188266 -2.942765
1 0 2 0 0 0 0.8435072 -1.049832
1 0 0 1 1 0 -1.312317 0.06065855
1 0 0 2 1 1 2.367254 1.444584
1 0 2 0 0 0 1.554802 -0.6330451
1 0 0 0 0 0 1.338537 -1.27817
1 0 0 0 1 0 -0.8283312 -0.5046313
1 0 0 0 0 0 0.9734307 0.1880792
1 0 0 1 0 0 -0.0254928 0.06290821
1 0 0 1 2 0 -0.5358526 -1.064138
1 0 0 0 0 2 1.887439 0.5876253
1 2 0 0 0 0 0.4648587 0.2475735
1 0 0 0 0 0 -0.7136408 0.2899611
1 0 1 0 0 0 0.5050388 0.193393
1 0 0 0 0 0 1.270769 0.8087349
1 1 1 0 0 0 1.92269 -1.165886
1 0 0 0 0 0 -0.2361476 -1.327184
1 0 0 0 0 1 -0.7021244 -1.238772
1 2 2 0 0 0 0.2055286 0.6877829
1 2 0 0 1 2 -0.3971872 0.08643094
1 0 0 0 0 0 0.2208911 0.3479169
1 2 0 1 1 0 0.7062205 1.086819
1 0 0 0 0 0 -0.4799222 0.9729916
1 1 0 0 0 0 -0.08862826 -0.6294658
1 0 1 2 0 0 -0.3473733 -2.509807
1 0 0 0 0 0 -0.2340721 0.7338431
1 0 0 0 0 0 0.7814613 0.9459913
1 0 0 0 0 0 -0.9675072 -0.3497029
1 0 0 2 0 0 -0.5763152 1.748276
1 0 1 0 0 0 0.9963664 0.4353774
1 2 0 0 0 0 -1.195416 -0.161321
1 0 1 0 0 0 0.3792574 0.09462498
1 0 0 0 0 0 1.03059 0.2811503
1 0 0 0 0 0 -0.7303482 1.077528
1 0 1 1 0 0 0.9581194 -1.688033
1 0 2 0 0 0 -1.580438 -0.1968975
1 0 0 0 1 2 -1.005161 1.865434
1 0 0 0 0 0 -0.3010764 -0.7197276
1 0 0 2 0 1 1.453924 -0.8467457
1 0 1 0 0 0 -0.8573109 -0.7478033
0 0 1 2 2 0 -0.7624078 -0.5363998
1 0 0 0 0 0 0.9537517 1.569184
1 0 0 0 0 0 -0.9700524 0.2455077
1 0 0 0 0 0 1.252961 1.827271
1 0 0 0 0 0 -0.2912043 -0.1134454
1 0 0 0 2 0 -1.554924 0.5194053
1 0 0 0 0 0 0.1332312 0.07944693
0 0 0 0 0 0 -0.8411924 0.2423213
1 0 0 0 0 2 0.7909025 0.5270387
0 0 0 0 0 0 -0.6069429 0.6416931
0 0 1 0 0 0 -0.4536467 0.933931
1 1 0 0 0 2 -1.950581 0.7196011
0 1 0 0 1 2 0.3268333 2.1835
1 0 0 0 1 0 1.062089 -2.278952
1 0 2 0 0 0 0.3863567 0.4838924
1 0 0 1 0 0 -0.3688694 0.5940843
1 0 0 0 0 0 0.2870522 -1.892708
1 0 0 0 1 0 0.06124519 0.5690325
1 2 0 0 1 1 0.9624398 -0.8061574
1 0 1 0 0 0 1.152334 -1.585104
0 0 0 0 0 1 -0.4489457 0.9429046
1 0 0 0 0 0 -0.5110701 -1.017329
1 0 0 0 0 1 2.020279 -2.12964
1 0 0 0 0 2 -0.5591963 2.140969
1 2 2 0 0 0 -0.05453499 -0.08230385
1 0 1 0 2 2 -0.5441215 -0.4820698
1 0 0 0 0 0 1.315871 -1.409288
1 0 0 1 0 0 -0.02611908 -0.4589391
1 2 0 0 0 0 -0.0934843 0.9018064
1 0 0 0 1 2 0.3798331 -0.8009981
1 1 0 2 0 0 -0.03813943 -0.4360727
1 0 1 0 0 0 -1.916776 -2.674364
1 0 0 0 0 0 1.780298 -0.1297444
1 0 0 0 0 0 0.1904997 1.979654
1 2 0 0 0 0 0.843082 0.4047437
1 0 0 0 1 0 -2.888963 -1.075562
1 0 2 0 0 0 -1.518414 1.321884
1 0 0 0 0 0 -0.8184151 0.3862876
1 0 0 0 0 2 -0.5981326 -1.205937
1 0 0 0 0 0 1.182111 -0.7246693
1 0 0 0 0 0 1.094976 -0.9153799
1 0 0 0 0 0 0.7941034 1.407648
1 0 0 0 0 0 0.401781 0.2130622
0 1 0 0 0 0 -0.4315217 -1.234009
1 0 0 0 0 2 2.309867 -0.3740824
1 0 1 0 0 0 -0.2690268 0.7526382
1 2 0 0 0 0 1.380207 0.3793493
1 0 0 0 0 0 -0.8417601 0.01207869
1 0 1 0 0 0 -0.2345575 0.3676908
1 0 0 0 0 1 -1.822302 0.2701428
1 1 0 0 0 0 -0.3025853 -0.6060065
1 0 0 0 0 0 0.5871858 -0.7635966
1 0 2 0 0 0 -1.976789 -0.1312598
1 0 0 0 0 0 0.2195621 -0.8428883
1 2 0 0 1 0 -0.2078138 0.7031308
1 0 0 0 1 0 0.4578322 -1.245855
1 0 2 0 0 0 0.1266587 1.439349
1 0 0 1 0 0 -0.258079 -0.5168876
1 0 0 0 0 0 0.1995761 -1.918058
1 0 0 1 2 0 -2.324554 -0.2992352
1 0 0 0 0 0 -0.04135015 1.453264
1 0 0 0 0 0 0.5014617 1.07064
1 0 2 0 2 0 0.04007283 0.001233527
1 2 0 0 0 0 -0.08121357 -1.268355
1 2 0 0 0 1 0.9843866 -0.7954729
1 0 0 0 0 0 0.5722277 -0.3050606
1 0 1 0 0 0 -1.714506 0.826061
1 0 0 0 0 0 -1.883111 0.2152337
1 0 0 0 0 0 2.14701 1.473917
1 0 1 0 0 0 -0.1396511 1.240105
1 0 0 0 0 0 -1.127753 0.03145769
1 0 0 0 0 0 2.115665 -1.080009
1 1 0 0 0 0 -2.573571 -0.7676222
1 0 0 0 0 0 1.3924 -1.046612
1 0 0 0 0 0 -0.9560085 -0.1654802
1 0 0 1 0 1 -1.630493 0.5010829
0 0 1 0 0 0 0.03844383 3.256112
0 0 0 0 0 0 -0.3824888 0.9033158
1 0 0 0 0 0 1.982235 0.3281326
1 0 0 0 0 0 -0.5678916 0.1362813
1 0 0 0 0 0 -1.669299 0.6424013
1 2 0 1 0 2 1.130332 -0.6541115
1 0 0 2 0 0 -2.365296 0.07317571
1 0 0 0 0 1 0.2777874 0.2972958
1 0 0 0 0 0 -0.5750565 0.2087195
1 0 1 0 0 1 -1.210366 0.7315586
0 0 2 1 1 0 -1.354746 0.2054328
1 0 0 0 0 0 -1.147706 -1.105091
1 0 0 2 0 0 -2.148219 1.91881
0 0 0 2 1 2 0.6969142 -0.269133
1 0 0 1 1 2 -1.682722 1.528352
1 0 0 1 0 2 0.9484862 -0.4932168
1 0 0 1 2 2 -1.421124 -0.8333827
1 2 0 1 1 1 -2.064047 0.26944
1 0 0 0 1 2 -1.309587 -0.6710032
1 0 0 1 1 2 -0.9748909 1.053081
0 2 1 1 1 2 0.8868699 0.9738069
1 0 0 1 0 2 0.7971964 2.056779
1 1 0 1 1 0 -0.09265558 1.496229
1 0 0 1 2 1 -0.3187533 0.6827684
1 0 0 0 1 2 1.330087 -0.1126177
0 0 0 1 1 2 0.5533384 0.9835981
1 1 0 0 1 1 1.817301 -0.6289181
1 0 0 2 1 1 -0.6147198 0.2929957
0 0 0 0 2 2 -0.4052678 0.6669087
1 1 0 1 1 2 1.577078 -1.178103
0 0 0 1 0 2 -0.8490672 -0.1486461
0 0 0 1 1 2 0.7861124 1.476034
1 2 0 1 1 2 1.15743 -1.572284
1 1 0 1 1 2 0.1773215 -0.5588701
1 0 0 1 1 2 0.8997861 -0.4137287
1 0 0 1 1 1 0.2274428 1.742018
1 0 1 0 2 2 0.01228937 -1.109694
0 0 0 1 0 2 0.5440018 1.82976
0 0 2 2 1 2 -1.521834 1.630128
1 2 0 0 1 1 -0.1015143 -1.090082
1 1 0 1 1 2 -0.52077 1.622982
1 2 2 2 1 2 -1.225808 -1.086936
0 0 0 1 1 2 0.8019533 0.3395907
1 0 0 0 1 2 0.4759497 0.1887154
1 0 0 1 1 2 1.92514 -1.391386
0 2 0 1 1 2 1.090506 1.5674
1 2 0 1 1 2 0.6429515 -0.3679123
1 0 0 1 1 2 0.6615658 0.9463546
0 0 0 2 1 2 0.3324744 1.151589
1 0 0 0 1 2 0.3275874 -1.650204
1 0 0 1 0 2 0.2137866 -1.257388
0 0 0 1 1 2 -0.9842428 0.3933254
1 0 0 1 1 2 0.1864916 -0.5410142
0 0 2 0 1 2 0.4488484 0.8256045
1 0 0 1 1 2 0.262937 1.244116
1 0 0 2 0 2 -0.01697496 -0.09482974
1 0 1 1 1 2 -0.2213692 0.5236786
0 0 0 1 1 2 -0.518122 0.644751
0 0 0 1 1 2 -0.4843989 -0.1157449
1 2 0 1 2 1 -0.7485313 -0.6471302
1 0 0 1 1 2 -0.8697248 0.9920741
0 0 0 1 1 0 0.2221256 0.4065827
1 0 0 1 1 2 0.9332864 -0.1362552
1 2 0 1 1 2 3.165886 -1.239134
0 1 0 1 1 2 0.1464264 0.5191165
0 0 1 1 1 2 -0.3985617 1.12828
1 1 0 1 0 2 1.531438 -1.778126
0 0 0 2 1 2 0.337404 1.095619
1 0 2 0 0 2 0.06679346 0.3458925
1 0 0 1 1 2 -1.44276 0.4992624
0 0 0 1 1 2 -0.4356211 1.314188
1 0 0 1 1 2 -0.253752 0.0414417
1 0 1 1 1 2 -1.051387 0.6622834
1 1 0 2 1 2 0.3483839 -0.04371294
1 0 0 1 1 2 0.8944591 0.09291535
0 0 1 1 1 0 1.520491 -1.675146
1 0 0 1 1 2 1.26911 0.228175
1 0 0 1 1 2 0.3416914 -0.1893974
1 0 0 0 0 2 -0.7364383 0.5433064
1 0 2 1 1 0 -0.8322347 -0.07378286
1 0 0 1 2 2 -1.339411 -1.046453
1 0 0 0 2 2 -0.5896296 0.2256879
1 0 2 1 0 2 0.8991669 0.05198404
1 0 0 1 1 0 -0.8814061 -0.2495453
1 0 0 1 1 2 -1.216573 0.5354785
1 0 0 1 1 1 2.689542 -2.814948
0 0 1 1 0 2 0.4951785 -0.2363432
1 0 0 0 0 2 0.4116694 -0.3705985
1 0 2 1 2 2 0.5743427 2.444018
1 0 0 2 1 2 -0.3201608 1.353607
1 2 0 1 1 2 1.704629 -0.6586973
0 0 0 2 1 2 -0.1050767 -0.4498066
1 0 1 1 1 2 0.146575 -0.3108161
1 1 1 0 1 2 0.3689719 -0.7356118
1 1 0 0 1 2 -0.5196251 0.2393472
0 2 0 0 1 2 0.5691652 0.5548147
1 0 0 1 0 2 0.8862742 -0.6929622
0 0 0 1 1 0 1.541646 0.8877366
1 0 0 1 1 2 -1.79226 1.023533
1 0 0 1 1 2 -0.1470543 1.349857
0 2 1 1 0 1 -1.17962 0.2314998
1 0 0 1 1 1 2.431825 -0.7893552
1 0 1 0 0 2 0.01332127 -0.4970945
1 1 0 1 2 2 0.3813502 -0.2288885
0 0 0 1 2 2 -1.009286 -0.1788386
1 0 0 1 1 1 0.5413092 0.5596459
0 0 0 1 1 2 -0.4440032 2.063943
1 0 0 1 1 2 0.9639738 2.584162
1 1 0 1 1 2 3.333597 0.5170655
1 0 0 1 1 2 0.5087234 0.2930269
1 0 0 2 1 2 0.70991 0.1391377
0 0 0 1 2 1 -1.251239 0.3111234
0 0 0 1 0 2 -0.03519899 0.589778
1 0 0 0 1 2 -0.8628479 0.1867449
1 0 0 1 1 2 -1.664819 -0.5089248
1 0 0 1 1 2 1.25259 0.8201149
1 0 0 1 0 0 0.2773294 -1.356663
0 0 1 1 2 1 -0.7735405 0.02306696
1 2 0 2 1 2 -0.6569596 -1.043455
0 0 0 0 1 2 -1.032432 0.844294
0 0 2 1 1 2 -1.348394 0.9855594
0 0 0 1 1 0 1.541917 -0.02181404
0 0 0 1 1 2 0.4535223 -1.371979
0 0 0 1 1 2 -1.039261 0.09692492
0 0 0 1 1 0 1.28692 0.7322802
0 1 1 1 0 2 -0.1114948 -0.3291015
1 0 0 1 2 0 0.7483235 0.1462505
1 0 1 1 1 2 -0.8626635 1.815935
1 2 0 1 1 1 1.237106 0.4321722
1 0 0 1 1 1 0.5652601 -1.25917
0 0 0 0 0 2 0.3567291 0.4831117
1 2 0 2 1 2 -0.729214 1.021257
1 0 2 1 1 2 -1.918705 -0.5801971
1 0 0 1 1 0 -1.611084 0.04729772
1 0 2 1 1 2 0.6935036 -0.02256948
0 0 0 1 1 2 1.132749 -0.1459654
1 0 0 1 1 0 -0.3850149 0.2587243
0 0 2 0 0 2 -1.609629 -0.6838999
1 0 0 1 1 2 -0.7647947 0.1338945
1 0 0 0 1 2 -0.5710087 1.153882
1 0 0 1 1 2 -0.4937823 1.238347
1 1 0 0 1 2 0.7005207 -0.9206458
1 0 0 1 1 2 -0.2517253 0.817343
1 0 0 1 1 2 1.204717 -0.2462338
1 0 1 1 1 2 0.4240701 1.879773
0 0 0 0 1 2 0.8196235 1.2304
1 0 0 1 1 2 -0.9482972 0.5737746
0 0 0 1 1 1 -0.534748 -1.982784
0 0 0 1 0 1 0.6070362 1.970217
1 0 1 1 1 2 -0.9340628 -0.7777351
1 2 0 0 1 2 -1.006425 0.1916303
1 0 0 1 1 2 0.8697086 -0.7592171
0 0 0 1 1 2 0.1231483 2.026827
1 0 0 1 1 2 -0.3483245 1.201578
0 1 0 1 1 2 1.309088 -1.562394
0 0 0 1 1 2 -0.3171318 -0.5428856
1 0 0 1 1 2 0.3890212 -0.2630533
0 0 0 1 0 2 0.6561663 1.204073
1 0 0 1 0 2 -0.5253316 -0.956934
1 0 0 2 1 2 1.364499 -1.9714
0 0 0 1 2 1 1.045734 1.207687
1 1 0 1 1 2 -0.937678 -1.251561
1 0 2 1 0 2 -0.7534303 1.349256
1 0 0 1 1 2 -1.020579 -1.20946
1 0 0 0 0 2 -0.3534734 0.2249247
1 1 0 1 1 2 -0.03411518 -0.6293321
1 2 0 1 0 1 -1.230974 0.678735
0 0 0 1 1 2 -1.755372 1.660586
0 0 2 1 1 2 0.5887601 -2.196358
1 0 0 1 0 2 0.634975 0.1555343
1 1 0 1 2 2 0.8143422 -0.7268481
1 0 0 1 1 2 0.1166077 0.6686442
0 2 0 1 1 2 -0.8615652 -0.191363
0 0 0 1 1 2 0.3666791 0.1590707
1 0 0 1 1 2 -0.1885255 -2.060065
1 0 0 1 1 2 0.5017655 -1.282848
1 0 1 1 0 2 0.1713097 -0.8916648
1 0 0 1 1 2 -0.4610544 -0.6103626
1 0 0 1 1 2 0.3280355 1.200426
1 0 0 2 1 0 0.3760854 -2.291918
1 0 0 0 1 2 0.5707552 0.2072036
0 2 1 2 1 2 0.14072 1.096992
1 2 0 1 1 2 -1.53668 -1.704183
1 0 0 1 1 2 -0.3678723 -1.383592
1 0 0 1 1 2 0.2160853 -0.2044009
1 0 0 1 1 2 1.520088 0.2077149
1 0 0 1 1 2 0.09524474 -1.170185
0 0 0 2 1 1 -0.7894012 0.139846
0 1 0 0 1 2 0.06838947 -0.00258099
1 0 0 1 1 2 1.132018 -0.3496366
1 0 0 1 1 1 0.4605512 1.138893
1 0 1 1 1 2 -0.9525584 -0.6853911
1 0 0 2 1 2 0.550683 1.098536
0 0 0 2 1 2 -0.6758883 0.03238009
0 1 0 1 1 2 -2.083205 0.1214131
1 0 0 1 1 2 0.4461956 -0.0004149611
0 0 2 1 1 2 0.1593709 0.7703091
0 0 0 1 0 2 -0.4136345 -0.6757807
1 0 0 1 0 2 0.2270821 -0.845713
1 2 1 1 1 2 -0.3447349 1.03594
1 0 0 1 1 2 -0.04288883 1.144581
1 0 0 1 1 2 -1.238538 -0.6202096
0 0 0 0 1 2 -0.3109279 0.7384952
0 0 0 1 0 2 -0.3048196 0.5609517
0 0 0 1 1 2 2.346525 0.5761578
1 0 0 0 2 2 -0.00574796 -1.997653
1 0 0 1 1 2 0.8407247 -0.6927146
1 0 0 1 1 2 1.212544 -1.279501
1 0 0 1 1 2 -0.5817773 -2.292499
1 0 0 1 1 2 1.527457 2.126555
1 0 0 1 1 2 0.3991208 -0.404583
1 0 0 1 1 2 -0.3522316 1.005692
1 0 0 1 2 2 0.8705532 2.031231
1 2 1 1 1 0 -0.9224513 -0.9640263
0 1 1 1 2 0 -0.03450656 -0.1332072
1 1 1 1 0 1 -1.430679 0.007924086
1 2 0 0 1 1 1.176861 -0.367136
0 1 2 1 1 1 -0.7273249 1.410142
1 1 1 1 0 1 0.4333111 -0.4442555
0 0 1 1 1 1 1.338504 0.9453023
0 1 1 1 1 1 -0.8575992 -0.4677769
1 0 1 2 1 0 -0.7214347 -0.07668582
1 1 1 1 1 1 1.303246 -0.3436324
0 2 2 1 1 1 0.3017854 -0.974157
1 0 2 1 1 0 0.5126736 0.7639765
0 1 1 1 1 1 -1.233112 -0.63778
1 1 1 1 1 1 0.5832088 0.8966666
1 1 1 0 1 0 -0.4794267 0.4794527
0 2 2 1 1 1 1.234653 -0.2336337
1 1 1 0 2 1 0.6660918 -1.220215
1 1 2 1 1 1 1.373986 0.3515666
1 1 1 1 1 1 0.5096352 1.844405
0 1 1 1 1 1 -0.5663667 0.3264431
0 0 1 1 1 2 -0.2909894 0.6527326
0 1 1 2 0 1 -1.414516 1.260461
1 1 2 1 1 1 -0.9563882 -0.9205372
1 1 1 1 2 1 -0.1297613 2.524368
0 1 0 1 1 0 -0.64713 -2.214008
0 1 1 1 1 2 -0.8518618 -0.4537478
0 1 2 0 2 1 0.03704152 -0.3176135
0 1 1 1 1 2 0.8071099 -0.7042808
0 1 1 1 1 1 -0.4240932 0.7770955
0 1 2 1 1 1 -1.429088 1.933641
0 0 1 1 1 1 1.65344 -0.04390432
1 0 1 1 1 1 -0.254224 -0.7846508
1 1 1 1 1 1 -0.4851375 0.6657241
0 1 1 1 1 1 1.144291 1.154741
1 1 2 1 1 1 1.0459 -0.7626109
0 0 1 1 2 1 -0.4930086 -0.4848247
1 1 2 2 2 1 2.001386 1.226139
0 1 1 1 1 1 0.06481476 0.1778479
1 1 1 1 1 1 0.3077886 -0.2767228
1 1 1 0 1 1 -1.661949 0.0824668
0 1 1 1 1 1 0.0120152 0.8838295
0 1 1 1 1 1 0.9010316 -0.8062839
1 2 1 2 1 1 -0.8424677 0.7593979
1 2 1 1 1 2 0.09712541 -0.2435113
0 1 1 1 1 1 0.4045152 1.450696
1 0 1 1 2 1 -1.061177 -1.281028
1 0 1 1 1 1 -1.169717 -0.3631137
1 1 1 1 1 0 -1.631405 0.07802057
1 1 1 1 1 1 -0.6935554 1.431927
1 2 1 1 2 0 -0.4527953 0.1431068
0 2 1 1 1 1 0.5146708 -1.125387
0 1 1 1 1 1 -0.4279362 1.286176
0 1 2 1 2 1 0.3235922 0.4394603
0 2 1 1 0 1 1.625404 0.2826115
0 1 1 1 1 1 0.3867895 0.743712
1 1 1 1 1 1 0.7934603 -0.1279324
1 1 1 1 2 1 -0.488216 0.7978961
1 1 1 1 1 1 -1.120459 0.4762391
1 1 1 1 1 1 0.1597377 0.2556567
0 2 2 1 0 1 0.2460717 -0.04105109
1 1 1 1 1 1 -0.1796898 0.03934527
1 1 1 1 1 1 0.0296077 -1.402078
1 1 1 2 0 2 2.85839 0.1202186
0 1 1 2 1 1 -0.4830558 -0.6793426
0 1 1 1 1 0 0.2935851 0.2845494
1 1 2 1 1 2 -0.748666 -0.3628896
0 1 1 1 1 1 0.6866334 1.02219
1 1 1 1 1 1 -0.8154681 0.1781018
1 2 1 1 2 1 0.3349568 -0.4999223
0 1 2 1 1 1 -0.6501604 0.1752733
0 2 0 1 0 1 -2.101742 -0.05915432
0 2 1 1 1 1 -0.6975193 1.666587
0 1 1 2 1 1 1.728043 0.9975193
1 1 1 1 1 1 -0.1242832 0.6879383
1 1 1 1 1 1 0.08278585 -1.880259
0 1 1 1 1 2 0.4829421 -0.6664905
1 1 1 1 1 0 0.1831258 0.2952624
1 1 1 1 1 1 0.3039048 -1.967384
0 1 0 1 1 1 -1.61537 -1.627044
1 1 1 1 2 1 0.4887342 -0.1804792
0 1 1 2 1 1 0.09291657 0.3121625
1 2 1 0 1 2 -1.305729 0.9033191
0 0 2 1 1 1 -1.175523 -1.807735
0 1 0 1 1 2 -0.7542038 1.584476
0 1 1 0 1 1 -0.508026 0.3525005
1 1 1 1 1 0 -0.8241701 0.4715028
0 1 1 2 1 1 1.401733 0.1205611
0 1 1 0 1 1 1.58653 -1.046979
1 1 1 0 1 0 -0.2506994 -0.4863974
0 1 1 1 1 1 -0.9672599 0.1750697
1 1 1 1 1 1 1.877694 1.748063
1 1 1 0 1 1 0.1483034 2.037535
1 1 1 1 1 1 -1.08734 -0.5465984
1 1 1 1 1 2 1.106379 -0.1928242
1 1 0 2 1 1 -0.506607 1.189207
1 1 1 1 0 1 0.9082203 -1.412155
1 1 2 1 1 2 -1.083081 1.322803
1 1 0 0 1 1 -1.303095 -1.024315
1 1 1 2 1 1 -0.287066 0.4438652
0 1 1 1 1 1 1.764974 2.203412
0 1 1 1 1 1 0.668836 -0.354488
1 0 1 1 1 1 -0.6816412 -1.546938
1 1 1 1 1 1 -0.4210357 -0.05498277
1 1 2 1 0 2 0.5737653 -0.6328346
1 0 2 1 1 1 -0.5964008 -0.5409792
0 1 1 2 1 1 -0.02684271 0.2393211
0 1 1 0 1 1 2.668695 -0.9324236
1 1 1 1 1 1 0.693668 0.6439029
1 1 1 1 0 1 1.350525 2.296134
1 1 1 1 1 0 0.304745 -2.073841
0 2 1 1 2 1 1.016541 0.8877535
0 1 1 0 1 1 0.4654859 0.4467487
0 1 0 1 1 1 0.5384901 -0.676943
0 1 1 1 1 1 -1.724191 -0.2591795
1 1 1 1 0 1 -0.985413 1.239135
1 1 1 1 2 1 1.065486 -0.7654767
1 2 0 1 1 0 -0.9311495 -1.226227
1 1 1 1 0 1 1.0378 -2.277288
0 2 1 1 1 1 0.440125 -0.23377
0 2 0 1 2 1 0.6092374 0.1212272
1 1 1 2 1 1 -2.431855 -1.998172
1 0 1 0 1 1 0.5707668 0.5246411
0 1 1 2 1 2 0.7217404 0.5328989
1 1 1 1 1 1 -1.178342 0.9229612
1 1 1 1 1 1 -0.8678191 -1.88454
1 1 1 1 1 0 1.771853 0.4479828
0 1 1 1 2 1 -0.7046459 1.260434
0 1 1 2 2 2 -0.3531032 0.3226841
0 1 1 1 1 1 -0.1361137 0.9919418
1 1 1 1 1 2 0.361472 -0.3952922
0 1 1 1 1 1 1.100955 0.4807154
1 1 2 1 0 1 0.9154502 -0.4748676
1 1 1 1 1 1 0.4264494 -0.6744292
0 2 1 2 1 2 0.8352486 2.927143
0 2 1 1 1 1 -2.822477 0.09719866
0 0 1 2 1 1 1.218094 0.37385
1 2 1 1 1 1 0.5269368 1.003327
0 1 1 2 2 1 -0.1449973 0.8955908
1 1 2 1 1 1 -0.2739223 -1.606073
0 1 1 1 1 1 -0.7041034 -0.05954305
0 1 1 1 0 1 -1.032328 -0.7111595
0 0 2 1 1 1 1.312045 1.407887
1 1 0 1 1 1 -1.088165 0.7346513
0 1 1 1 1 1 0.2463073 -0.2746581
1 1 1 1 1 1 0.4955852 -0.3548701
1 0 1 1 1 1 -0.3540956 1.012677
0 1 0 0 1 2 -1.571644 1.174343
0 0 1 1 1 1 0.5888151 1.414536
1 2 1 0 1 1 0.3304272 -0.4429471
0 2 1 1 1 0 -0.3293248 2.086477
1 1 1 0 1 1 1.150147 0.2124837
0 1 1 1 1 1 0.1489929 -0.4482699
1 1 1 0 0 1 -0.379524 -0.9275553
1 0 1 0 1 1 -0.5643849 0.9597275
0 1 1 1 1 1 0.5844532 0.7480566
1 1 1 0 1 1 0.1839746 -1.018387
0 1 1 1 1 1 -1.595142 0.6404549
1 1 1 1 1 1 0.6564737 -2.158751
1 1 1 1 1 1 0.1467109 0.21507
1 1 1 1 1 1 0.7370494 -0.4661362
0 1 1 2 1 1 -0.1893343 1.584157
0 1 1 1 1 1 -0.244064 1.468186
0 1 1 1 1 2 0.5696712 -0.6302331
0 1 0 1 1 1 0.7198081 -1.081584
1 1 1 2 1 1 1.772129 -0.6287832
0 2 1 1 1 1 -0.562204 0.4843938
0 1 1 0 1 0 0.02917625 0.4750233
1 1 1 1 1 1 0.4964088 -1.041751
1 1 1 1 1 1 2.08866 0.006772348
1 1 1 1 2 1 -0.1362282 -2.091708
1 1 2 1 1 1 -0.914855 -1.60437
0 2 1 1 1 1 -0.630502 -0.5291732
1 0 1 1 1 1 0.01672981 -0.5548574
0 2 1 1 1 1 -1.998183 -1.38544
0 0 1 1 1 1 1.069933 0.5287502
1 2 1 1 1 1 -0.2693912 0.510252
1 1 2 1 1 1 -1.884535 -1.140609
1 1 1 0 1 1 0.5664925 -1.059937
1 1 1 1 2 1 -0.5455097 -0.9701809
0 1 1 1 1 1 -1.746146 0.9896843
0 1 1 1 2 1 0.2025957 0.01624648
0 1 1 1 1 1 -0.7443002 -0.5107752
0 1 1 1 2 2 0.3018461 0.09009575
0 0 2 1 1 1 -1.629588 0.2982136
0 1 1 1 1 1 0.1445138 -1.490446
1 1 1 1 1 1 1.107193 -0.7420365
1 2 1 2 2 1 0.0327137 -1.186313
1 1 1 0 0 1 -1.651939 -1.392775
1 0 1 1 1 1 -0.7002825 -0.3272833
0 1 1 1 1 1 -0.2576068 -0.4174857
0 1 1 2 1 1 -0.8374864 -0.4493695
1 2 1 1 0 1 0.7754735 -0.0377874
0 1 1 1 1 0 0.06524997 1.585608
1 2 0 1 1 1 0.5949481 -0.2138482
0 0 1 1 1 0 -1.102606 -0.2113816
0 1 1 2 1 0 -1.510299 1.545701
0 2 2 1 1 2 2.614158 0.2981409
0 0 1 1 1 1 -1.540533 1.077135
1 1 1 1 1 1 0.7035591 1.177979
1 1 1 1 1 1 1.297757 -0.8573002
0 2 1 0 1 0 -0.09246819 1.89587
0 2 2 0 2 0 0.2596598 2.167514
0 2 1 0 1 0 0.7387972 0.1784794
0 2 2 0 2 0 0.01761595 -0.5823535
0 2 1 0 2 0 -0.7106774 -0.9451618
0 2 1 0 2 0 0.2071906 1.258925
0 2 1 0 2 0 -0.8812091 -0.7789537
0 2 1 0 1 0 -1.702527 0.009200397
0 2 1 0 2 0 -1.568131 -0.2479532
0 2 1 2 1 0 -0.2870563 0.2248389
0 2 1 1 2 1 0.6600555 0.9201114
0 2 1 0 2 0 -0.1525613 -1.087185
0 2 2 1 2 1 0.1481208 -1.072968
1 2 1 0 2 1 0.0003318397 0.2485785
1 2 1 0 2 0 -1.162177 1.706988
1 2 1 2 2 0 1.082252 -1.108308
1 2 1 0 2 0 0.4146158 -0.4027184
0 2 2 1 2 0 1.639696 -0.7678141
0 2 0 0 2 0 0.003203391 -0.2468148
1 2 1 0 2 0 0.06304898 1.642012
1 2 1 0 1 2 1.54453 -0.3491217
0 0 1 0 2 0 0.03148917 -0.9117897
0 2 1 0 2 0 -0.08131231 -1.05511
0 2 1 0 2 0 -0.6178061 -2.392998
1 2 1 0 1 0 0.01797572 -0.3568522
0 2 1 0 2 0 2.353011 -0.2793835
1 2 1 0 2 0 0.1935143 -0.9627297
1 2 1 0 2 0 -1.221897 -1.437946
0 2 1 0 2 0 -0.8764516 -0.8026604
0 2 1 0 2 0 0.1922816 -0.8348214
1 2 1 2 2 0 0.2306626 -0.7772094
1 0 1 0 2 0 -0.04102778 0.4148832
0 2 1 0 1 0 -0.1540704 0.6749718
0 2 1 0 2 0 0.2041897 0.9331695
1 2 1 0 2 0 -0.5705554 0.06761253
0 1 1 0 1 0 -0.6985156 0.8978699
1 1 1 0 2 0 0.1149887 0.2446645
0 2 1 2 2 0 1.433499 -1.00868
0 2 1 0 2 0 -1.240547 -0.1809585
0 2 2 0 2 2 0.01993483 -0.00542458
0 0 1 1 2 0 -0.3541606 -1.10281
0 1 1 2 2 0 -1.018361 0.7643627
0 2 1 0 2 0 -0.5457461 0.8521443
0 2 1 1 2 0 -0.9566685 -1.246802
0 2 1 0 2 0 -0.6342316 1.738126
1 2 1 0 0 0 1.130015 0.3677958
1 2 1 0 1 2 -0.1657465 -0.1329493
0 2 2 0 2 0 1.088021 0.3432511
0 0 1 1 2 2 -0.7249297 0.176253
0 2 1 0 0 0 -0.3236557 -0.143058
0 0 1 0 2 1 0.3515782 -1.78705
0 2 1 0 2 0 0.7879822 -1.961372
0 2 1 0 2 0 0.2990327 0.6646771
0 2 1 2 2 0 -2.237684 -0.8012418
1 2 1 0 1 1 0.6756743 -1.986235
0 2 1 0 1 0 -0.542994 0.3902728
1 2 1 0 0 2 1.193702 0.08322281
1 2 1 0 2 0 1.721576 -1.428895
0 2 1 0 2 0 0.6848474 -0.02997649
0 2 1 0 2 1 -1.315871 1.424804
0 2 1 0 2 1 -0.7622483 -1.779199
0 0 0 0 2 2 0.1730216 -0.05480043
0 2 1 0 1 0 0.7069603 0.6970773
1 2 1 0 2 0 1.021736 0.7257569
1 2 1 0 0 0 1.034985 -0.01065255
0 2 1 0 0 0 -0.8605527 -0.4275673
0 2 1 0 2 0 3.527705 1.161699
0 2 1 0 1 0 0.2398311 -1.736788
0 2 1 0 2 2 -0.6368829 -0.680518
0 2 0 0 1 0 0.2538197 -0.8935102
0 1 1 0 0 0 0.1836465 1.36034
0 2 1 1 2 0 2.105362 0.4440817
0 2 2 0 2 0 1.059838 -0.3905837
1 2 1 0 0 0 0.5269061 -0.9043375
0 2 1 0 2 0 0.941107 -0.7666638
0 2 1 0 0 0 -0.1877813 0.980666
0 0 1 0 2 0 0.3152285 -0.2648556
0 0 2 0 2 0 0.201278 -1.653437
0 2 1 2 2 0 -0.1354948 0.2997619
1 0 1 2 2 0 -1.156941 1.074304
0 2 1 1 1 0 1.214978 1.890265
1 1 1 0 2 0 -0.8010174 -1.602974
1 2 1 0 0 0 -0.5652841 0.3853678
0 2 1 0 2 0 -0.3867991 -0.9054259
1 2 1 0 2 0 1.281388 0.9067151
1 1 1 2 2 0 -0.2397979 -0.01068406
0 2 1 0 2 0 -0.8137501 -0.1679328
1 2 1 1 1 0 0.4753903 -0.9206385
1 2 0 0 2 0 -0.2144028 0.001390246
0 2 1 2 2 0 -0.2952982 -0.6689712
0 2 1 0 2 0 0.6152624 0.9179549
0 2 1 0 2 0 -1.766738 -0.4617871
1 0 1 0 2 0 0.6165921 0.1144189
1 2 1 1 2 0 -0.837039 -0.4095445
1 2 1 0 1 0 1.079532 0.2254264
0 2 1 0 2 0 0.002023404 -0.8960213
0 2 2 0 0 0 -0.1428076 -0.957043
1 2 1 1 2 0 -1.269377 -0.5880533
0 1 1 1 2 1 0.66971 0.9900589
1 2 2 2 2 0 1.08064 -2.588169
1 2 1 0 2 0 0.02972535 0.02811249
1 0 1 0 2 0 1.529597 -1.037337
0 2 1 0 2 0 -0.2650917 0.5833701
0 2 2 0 2 2 -0.8699494 0.3452481
1 2 1 0 2 0 0.2668133 -0.5272821
0 2 1 1 0 0 0.6880681 0.2604017
0 2 1 0 2 0 -2.005883 -0.4372001
0 2 1 0 0 0 -0.06572503 -0.008760933
0 2 1 1 1 0 -0.5831631 -0.5512287
0 2 1 1 2 2 -0.6073218 0.2907461
0 2 1 0 2 0 2.007739 -1.75808
0 2 1 1 2 0 -0.4570928 -0.3331198
1 2 1 0 1 0 -1.38634 0.9441317
1 2 1 0 2 0 1.234811 -0.4995207
0 1 1 0 0 0 -0.6715315 0.5645183
1 2 1 0 2 0 0.6150851 -1.369503
1 2 2 0 0 0 1.021254 -0.5690839
0 2 1 0 2 0 -0.9959161 0.950231
0 2 0 0 1 2 -0.5072058 -0.3712972
0 2 1 2 0 0 -2.060108 3.077746
0 2 1 0 2 0 1.235171 -0.8626751
0 2 1 2 2 0 2.859166 -0.660709
1 2 0 2 2 0 -0.6831628 -1.017885
1 2 0 2 2 0 1.461991 -0.781688
0 2 1 0 2 1 -0.2358211 -1.185668
1 2 1 0 2 2 0.1546405 0.3832042
0 2 1 0 2 0 0.2840831 -0.7617063
0 2 1 0 2 0 -0.2470479 0.7023318
1 2 1 0 2 0 0.6802772 -0.1138636
0 2 1 0 2 2 0.8019855 -1.262541
1 2 1 0 2 0 1.005912 -0.06341748
1 2 1 0 2 2 -0.5836908 -0.9331156
1 2 1 0 2 1 -0.123891 -0.9351262
1 2 2 0 2 1 0.02107621 0.237641
0 2 1 1 1 0 0.219092 0.1418857
1 2 1 2 2 0 -1.472675 -0.1731092
0 2 1 0 2 0 -1.502462 0.5267445
1 2 1 0 2 1 -0.2176726 -1.577421
0 2 1 2 2 0 -0.6319923 2.10431
0 1 1 0 2 0 0.753038 0.5902657
0 2 0 2 2 0 -0.1872203 0.07591265
1 2 1 0 2 0 0.08062856 -0.5244458
1 1 1 0 0 0 0.8502536 -1.645971
1 2 2 0 2 0 -1.277025 -1.232882
0 2 1 0 2 0 -0.5219702 0.9079842
1 2 0 0 1 0 1.754199 0.9650021
0 2 1 0 2 0 -1.340157 0.938584
1 2 1 0 2 0 -0.4948121 -1.690712
0 1 2 2 2 0 -0.5924204 0.4205349
1 2 1 0 2 0 0.826935 -0.6899549
1 0 1 0 2 0 1.474359 -0.660347
0 2 1 0 2 0 0.4549009 -1.498453
0 2 1 2 2 0 0.6280447 -1.468103
1 0 1 0 2 0 0.7739908 -0.7543784
1 2 2 0 2 0 -0.23038 -1.243946
0 1 1 0 2 1 -1.691782 0.5588114
1 2 1 2 2 0 0.1994367 1.744206
1 2 1 0 2 0 -0.9510276 -0.9469383
1 2 0 0 0 0 -0.003081616 -0.18528
0 2 1 0 1 0 -1.053999 0.5988692
0 1 1 0 2 1 -1.512439 -1.021153
0 0 1 0 2 0 -1.562865 1.093218
0 2 0 0 1 0 -0.3089594 0.1471516
0 2 1 0 2 0 -0.00726531 1.416707
0 2 1 0 2 0 1.466087 1.095856
1 2 1 0 2 0 -2.268502 0.7825271
1 2 0 2 2 0 1.345986 1.292244
0 1 1 0 2 0 -2.704444 -0.689079
0 2 1 0 0 0 0.9622183 0.5610766
0 2 1 0 0 0 1.762411 0.3140921
1 2 1 0 2 0 -0.9598371 -1.870309
1 2 2 0 1 0 1.267847 0.05879514
0 2 1 0 1 0 -0.5965748 0.7398807
0 2 0 0 2 0 0.2882294 0.2597007
0 0 1 0 2 0 -0.5815826 1.966614
0 2 1 1 2 0 0.2334673 -0.1273786
0 0 1 2 2 0 -1.154841 -0.693888
0 2 1 0 2 0 -0.1913739 -1.482847
1 2 1 0 2 0 0.8011039 0.138099
0 2 1 0 2 0 1.633248 -0.6090489
1 2 1 0 1 0 -0.1922809 -0.1569127
0 2 1 0 2 2 1.266578 0.8557464
0 0 1 0 2 0 -0.5386326 -0.2108881
0 2 1 0 2 0 1.414836 0.3880573
0 2 1 0 2 0 -0.1518594 1.32756
0 2 1 0 2 0 -0.5129919 -0.7712231
1 2 0 0 0 0 -0.7706664 -0.5678412
0 2 1 0 1 2 0.6089205 -1.396312
0 2 1 0 2 0 0.2556811 1.267219
0 2 1 0 2 0 -0.07046001 -1.297971
0 2 1 0 2 0 -0.8320703 0.5483593
1 0 1 0 2 2 -0.8773557 0.194944
0 2 1 0 2 0 1.480736 0.8772706
0 2 1 0 2 0 -1.846299 1.321936
0 2 1 0 1 2 -0.04812088 2.148398
0 2 1 0 2 0 -0.382863 -2.085604
0 2 1 0 0 0 0.8718435 0.6600891
0 2 1 0 2 2 -0.0280136 -0.05993767
1 1 1 0 0 0 -1.723199 -1.752549
0 2 1 0 0 0 -2.373895 1.892499
0 1 0 2 2 2 -0.1301563 0.8156816
0 1 1 1 2 2 0.494646 1.132676
0 2 2 2 1 1 0.3154773 2.760244
0 2 2 2 2 2 -0.2989587 -1.223766
0 2 2 2 0 2 0.3272278 0.1113725
0 2 2 2 1 2 0.3406682 -1.962436
0 2 1 2 2 2 0.7656837 -0.9135805
0 2 2 2 2 2 2.403062 -0.6441897
0 2 2 2 1 2 0.04236925 1.446893
0 2 1 2 2 2 0.4581641 0.1501604
1 2 2 2 2 2 1.992446 0.7735665
0 2 2 2 2 2 0.7357806 0.3215707
1 2 2 2 2 1 -0.6375902 -0.846094
0 1 2 2 2 2 0.3046244 0.172082
0 2 2 0 2 2 -0.03438993 -1.228
0 2 2 2 2 2 0.5121999 -0.2104648
0 2 2 2 2 2 1.146074 -0.08983998
0 2 2 0 2 2 -0.04120923 -0.64438
0 2 2 2 1 2 0.4137529 0.7532656
0 2 2 2 2 2 -0.4916249 1.703778
1 2 2 2 2 2 0.2289453 0.09915333
0 2 2 1 2 2 -0.9476104 0.06602104
0 2 2 2 2 2 0.0295903 -0.5298129
0 2 2 2 2 1 0.1774392 -0.9961063
0 1 2 2 2 2 0.2068797 0.8940976
0 2 2 2 0 0 -0.1580127 -0.4812526
0 2 2 2 2 2 3.114117 1.750755
0 0 1 2 2 2 -1.360483 -0.3512841
0 2 2 2 2 0 -0.2227094 1.001294
0 0 2 2 2 2 0.08562188 -0.1125635
0 2 2 0 2 2 -0.5054104 -0.09452128
0 2 0 1 2 2 -1.195327 -0.2065369
0 2 2 2 2 2 0.2999597 0.8405596
0 2 2 1 2 0 -0.4934421 -1.131328
0 2 1 2 2 2 -0.4025575 0.8334
0 0 2 2 2 2 1.102789 -0.8200258
0 2 2 2 1 0 1.237992 -0.8966159
0 2 2 2 2 2 -0.2260397 -0.6489306
0 1 2 1 2 2 -0.6706221 0.7186981
0 2 2 2 2 1 1.855832 1.457513
0 2 2 2 2 2 0.67052 0.4297715
0 2 0 1 2 1 0.6203899 1.399013
0 2 2 2 1 2 0.1661023 -0.5857039
1 2 1 2 1 2 0.6817762 0.05702564
0 1 2 2 2 2 -0.4455947 1.04387
0 1 2 2 2 2 -0.637066 0.06219688
0 2 2 2 2 2 0.4868711 1.516821
0 0 2 2 0 2 -1.606793 -0.3320954
0 2 2 2 2 2 -0.2078493 -0.7389053
0 2 2 2 2 1 -0.5649327 0.1314619
0 2 2 2 2 2 0.2502831 1.035646
0 2 2 1 2 0 -0.7415323 -0.2947191
0 2 2 1 2 2 -0.7588455 1.559803
0 1 1 2 2 2 0.2855028 0.06246737
0 1 1 2 2 2 1.322464 -0.1921927
0 2 2 2 2 2 -0.4952997 0.5033562
0 1 2 0 2 2 -0.7660534 -0.7544962
0 2 2 2 2 1 -0.9227607 -1.68398
0 2 2 2 2 1 0.726685 0.4598792
0 2 2 2 2 2 -0.03571384 0.1701567
0 1 2 1 2 2 1.569981 1.765665
0 2 2 2 0 2 0.6193997 1.379274
0 2 2 2 2 2 0.9895622 -2.006589
0 2 1 2 2 2 0.1606296 -0.9646658
0 2 2 2 2 2 0.4029248 0.3689348
0 2 2 2 2 2 0.4627788 1.796651
0 2 1 0 2 1 -0.04135701 0.5628446
0 2 2 2 2 2 -0.5764342 0.8565359
0 2 2 2 0 0 0.1893784 -0.4665907
0 2 2 2 1 2 -0.9879339 -0.2612839
1 2 2 2 2 2 1.176117 1.110073
0 1 1 2 2 2 -0.5516339 1.513066
0 2 2 1 2 2 -1.507664 -1.799973
0 1 1 0 1 2 -0.4814405 0.3806942
0 2 2 2 2 0 0.3180815 -0.4928148
0 2 2 2 2 2 -0.8850546 -2.070631
1 0 2 2 2 2 1.987223 -3.299985
0 2 2 2 0 2 -0.9463215 0.378803
0 2 2 2 2 2 -0.4489267 -0.07894501
0 2 2 2 2 2 -0.6374258 -0.8362911
0 1 2 2 0 2 0.1293231 0.2207605
0 2 2 2 0 2 -0.4328367 0.5268591
0 2 0 2 2 2 0.4229452 -0.000350085
1 2 0 2 0 2 -0.3669499 -1.760186
1 0 2 2 2 2 -0.6898887 0.09499582
0 2 2 2 2 2 -1.22783 -0.5920983
0 2 2 2 2 2 -0.6208026 0.519339
0 2 2 2 2 2 0.345583 -0.9548587
0 2 0 2 2 2 -0.2137179 0.8808668
0 1 1 2 2 2 -0.8212739 -0.2184561
0 0 2 0 2 0 -0.8986241 1.212975
0 2 2 2 2 2 -0.7097021 -1.201507
0 2 2 2 2 0 0.7596966 -0.6826716
0 2 2 2 2 0 0.486201 1.263083
0 2 2 2 2 2 -0.4478756 0.3827398
0 2 2 2 2 2 0.06621764 0.05598356
0 2 2 2 2 2 0.03453759 0.6326632
0 2 2 2 2 2 -0.493734 -0.9697752
0 2 1 2 2 1 0.7723156 -0.5284509
0 2 2 2 2 2 2.484085 0.3325342
0 2 2 2 2 2 1.393075 0.3511773
0 2 2 2 0 2 -1.772574 0.3067561
0 2 2 2 2 2 0.2167834 0.6876773
0 2 2 2 2 2 1.067875 -0.1107019
0 0 2 2 2 2 -0.7267883 0.531216
1 2 2 2 2 2 -0.09781261 -0.7649059
0 0 2 0 2 2 -0.8068199 -0.940216
0 0 2 2 2 2 2.337086 0.8130643
0 0 2 1 2 2 -0.7976134 1.713377
0 2 2 2 2 2 -0.3123803 0.3249655
0 2 2 2 2 2 1.763461 -1.060561
0 1 2 2 2 2 0.9440872 -0.07355993
0 1 2 2 2 2 2.450376 -0.2921619
0 2 2 2 0 2 1.179642 -1.375024
0 0 0 2 2 2 0.2750057 0.237307
0 0 2 2 2 2 -0.1177438 -0.4467753
0 2 2 2 2 2 0.3788542 -0.8095432
0 2 2 2 2 0 -0.6106307 1.417104
0 0 2 2 2 2 1.036564 -0.1134617
0 2 2 2 2 2 -1.065272 -0.8050764
0 2 2 2 2 2 0.8562035 -0.7966614
0 2 2 2 2 2 -0.3134385 -0.2193971
0 2 2 1 2 0 0.7459839 0.3709072
0 2 2 2 2 2 2.189681 -0.7995536
1 2 1 2 2 0 0.8727985 -0.5164901
1 1 2 2 2 2 1.452285 0.7088536
0 1 2 2 2 2 0.4253555 -1.693684
0 2 2 2 2 0 -0.05701998 0.1206867
0 0 1 2 2 2 -1.004124 1.985069
0 2 2 2 2 2 -1.769334 -1.735425
0 1 2 2 2 2 -0.7644482 0.4281434
0 2 2 2 2 2 0.5236008 2.8116
0 2 2 2 1 1 0.588585 0.5528247
0 0 2 1 2 2 0.4477029 1.009189
0 2 2 2 2 2 1.032141 2.353696
1 2 2 2 2 2 -0.2511978 0.7581667
0 2 2 2 2 2 -1.077665 0.1879066
0 2 0 2 1 2 -0.6138983 1.258715
0 2 2 2 2 2 0.3276109 0.2664902
0 2 2 2 2 1 -0.1374345 -1.02859
0 2 0 2 1 2 -1.182973 0.1123834
0 2 2 0 2 2 -0.2186692 0.2591792
0 2 2 2 2 2 1.309561 1.651274
0 2 2 2 2 2 -0.05848949 1.306891
0 2 0 2 1 2 -0.3474741 1.869154
0 2 2 2 2 2 -0.6556642 -0.2112391
0 1 2 2 2 1 -0.9550183 0.5043125
0 2 2 2 0 2 -0.5252062 -1.880532
0 2 1 2 0 2 0.7767914 -0.2914909
1 2 2 2 2 2 0.2254096 1.096092
0 2 1 0 2 2 0.04834087 -1.670976
0 2 2 2 2 2 1.16645 0.5309039
0 2 2 2 1 1 -1.603287 -0.3127869
1 2 0 2 2 2 -0.009869312 -0.8883895
0 2 2 1 2 2 -1.376146 1.036346
1 2 2 2 2 0 -2.283264 -0.7708873
0 0 2 2 2 1 0.9283914 -2.628356
0 2 2 2 2 1 1.578144 1.105114
0 2 1 2 2 2 0.7792335 -0.1445189
0 2 2 2 2 2 -0.7580517 0.4242521
1 2 2 2 1 2 -1.11846 -2.841379
1 2 2 2 2 2 0.9371106 -1.946691
0 2 2 2 2 2 0.8578298 0.8601796
0 0 1 2 2 2 0.6570604 0.3349153
0 2 2 2 2 2 -0.2413785 -1.291077
0 2 2 0 2 2 -0.2191222 -0.1113957
0 0 2 0 2 2 -0.3229975 1.784501
0 2 0 0 2 2 -1.003176 1.448229
0 2 2 2 2 2 1.12633 -1.517612
0 2 2 2 2 2 -0.8262725 0.1042483
0 1 2 0 2 2 -1.296698 -0.7865192
0 2 2 2 2 2 0.1384396 -0.0393062
1 2 2 2 1 2 -0.7621988 -1.578212
0 2 2 2 1 2 0.09775714 -1.30592
0 2 2 2 0 1 0.7963985 -1.208005
0 0 1 2 1 2 -0.1037222 -0.1272661
0 2 2 2 2 2 0.6272935 -0.9416973
0 2 2 2 2 1 1.107089 1.061059
0 2 2 2 2 2 -0.01718895 -0.05909655
0 0 2 2 0 2 0.8983737 1.156108
0 2 2 2 0 2 0.2067552 1.06619
0 2 2 2 2 2 0.3923726 -0.004894726
0 1 2 2 2 1 -0.09690158 0.01482409
0 2 2 2 2 2 0.004932135 -1.064823
0 2 2 2 1 2 0.4861004 0.4757446
1 2 2 0 2 0 0.6844926 0.4068115
0 0 2 0 1 2 1.00143 0.05360455
0 2 1 2 2 0 -0.2282248 -0.8381563
0 2 2 1 2 2 0.2704835 1.101491
0 2 2 2 2 2 -0.3776704 -1.264814
0 0 2 2 2 2 -0.2239941 -0.307793
0 1 2 1 1 2 0.7929769 -1.224526
0 2 0 2 0 2 -0.05874936 0.8303036
0 2 1 2 2 2 1.109125 -0.4705178
0 0 2 2 2 0 -0.704161 1.25367
0 2 2 2 2 2 0.5476011 0.9073163
1 1 1 0 2 2 -1.244125 -0.5987273
0 0 1 2 2 2 -0.3291991 0.4240235
0 2 2 2 0 2 0.1650925 -0.997673
0 2 2 2 2 2 0.8558418 -0.7372761
